timestamp,open,high,low,close,adjusted_close,volume,dividend_amount,split_coefficient
2019-07-30,22.8889,23.4200,22.8787,23.1900,23.1900,3186,0.0000,1.0000
2019-07-29,23.1000,23.4500,23.1000,23.2000,23.2000,11989,0.0000,1.0000
2019-07-26,22.9900,23.1800,22.8500,23.0800,23.0800,12277,0.0000,1.0000
2019-07-25,22.9300,22.9300,22.7800,22.8200,22.8200,2499,0.0000,1.0000
2019-07-24,22.4000,23.1200,22.1671,22.9500,22.9500,13025,0.0000,1.0000
2019-07-23,22.5100,22.8050,22.5100,22.6700,22.6700,5280,0.0000,1.0000
2019-07-22,22.4213,22.5500,22.3000,22.4800,22.4800,5423,0.1600,1.0000
2019-07-19,22.4000,23.1100,22.4000,22.7700,22.6091,14199,0.0000,1.0000
2019-07-18,22.8000,23.2250,22.6800,22.7500,22.5892,12597,0.0000,1.0000
2019-07-17,22.8100,23.4022,22.5150,22.9800,22.8176,12909,0.0000,1.0000
2019-07-16,22.7400,24.3700,22.5800,22.9100,22.7481,36788,0.0000,1.0000
2019-07-15,22.5950,22.7600,22.4100,22.7200,22.5594,8195,0.0000,1.0000
2019-07-12,22.2200,23.2914,22.2200,22.6300,22.4701,7569,0.0000,1.0000
2019-07-11,22.7400,22.7400,22.0200,22.3800,22.2218,9314,0.0000,1.0000
2019-07-10,23.2200,23.2700,22.4600,22.8000,22.6389,7026,0.0000,1.0000
2019-07-09,22.9100,23.3400,22.9100,23.1200,22.9566,5151,0.0000,1.0000
2019-07-08,22.8900,23.0500,22.6000,23.0500,22.8871,4761,0.0000,1.0000
2019-07-05,22.5400,23.0500,22.5400,22.9300,22.7680,2042,0.0000,1.0000
2019-07-03,22.4800,22.6000,22.4800,22.6000,22.4403,2417,0.0000,1.0000
2019-07-02,22.5500,22.6300,22.3400,22.5800,22.4204,5271,0.0000,1.0000
2019-07-01,22.9300,23.2000,22.1500,22.5800,22.4204,68504,0.0000,1.0000
2019-06-28,22.3100,23.2950,22.3100,23.0000,22.8375,63834,0.0000,1.0000
2019-06-27,21.4500,22.3700,21.4500,22.3700,22.2119,64277,0.0000,1.0000
2019-06-26,21.4100,21.9000,21.2800,21.4200,21.2686,9280,0.0000,1.0000
2019-06-25,21.1450,21.3400,21.0650,21.2300,21.0800,4153,0.0000,1.0000
2019-06-24,21.6590,21.9700,21.2500,21.6200,21.4672,11087,0.0000,1.0000
2019-06-21,21.3900,21.7800,21.2000,21.7200,21.5665,28037,0.0000,1.0000
2019-06-20,21.4000,21.6100,20.9600,21.5100,21.3580,15602,0.0000,1.0000
2019-06-19,21.4000,21.4500,21.3000,21.3700,21.2190,13316,0.0000,1.0000
2019-06-18,21.1100,21.4900,21.1100,21.3700,21.2190,4079,0.0000,1.0000
2019-06-17,21.0100,21.2500,20.9000,21.0700,20.9211,7249,0.0000,1.0000
2019-06-14,21.2500,21.3100,20.9100,21.0800,20.9310,22698,0.0000,1.0000
2019-06-13,21.0400,21.2500,20.7200,21.1000,20.9509,16542,0.0000,1.0000
2019-06-12,21.0400,21.2100,20.9600,21.0200,20.8714,2675,0.0000,1.0000
2019-06-11,21.2002,21.2900,20.8000,21.2200,21.0700,7422,0.0000,1.0000
2019-06-10,20.8500,21.2955,20.8500,20.9900,20.8417,7653,0.0000,1.0000
2019-06-07,20.9600,21.0900,20.4600,20.6500,20.5041,6472,0.0000,1.0000
2019-06-06,20.6300,21.0972,20.6300,20.9800,20.8317,39320,0.0000,1.0000
2019-06-05,20.8000,20.9800,20.5450,20.6200,20.4743,9608,0.0000,1.0000
2019-06-04,21.1400,21.2300,20.2700,20.9800,20.8317,15393,0.0000,1.0000
2019-06-03,21.0100,22.0200,20.9100,20.9800,20.8317,9400,0.0000,1.0000
2019-05-31,21.2500,21.4700,20.9150,21.0200,20.8714,9581,0.0000,1.0000
2019-05-30,21.1000,21.2900,20.9600,21.1600,21.0105,4596,0.0000,1.0000
2019-05-29,21.2200,22.6650,21.0200,21.0200,20.8714,13107,0.0000,1.0000
2019-05-28,21.7200,22.6900,21.3100,21.3100,21.1594,6807,0.0000,1.0000
2019-05-24,21.7500,22.3400,21.4600,21.8800,21.7254,5983,0.0000,1.0000
2019-05-23,22.3000,22.4050,21.3500,21.5900,21.4374,10297,0.0000,1.0000
2019-05-22,22.5200,22.7500,22.2500,22.4000,22.2417,8408,0.0000,1.0000
2019-05-21,22.7900,22.8100,22.5000,22.6500,22.4899,9322,0.0000,1.0000
2019-05-20,22.4700,22.7500,22.4700,22.7500,22.5892,9333,0.0000,1.0000
2019-05-17,21.9700,22.5200,21.9700,22.2800,22.1225,8101,0.0000,1.0000
2019-05-16,22.5200,22.5200,22.0200,22.0600,21.9041,3152,0.0000,1.0000
2019-05-15,21.6900,22.1700,21.5600,22.1100,21.9537,9993,0.0000,1.0000
2019-05-14,21.4900,22.6761,21.4900,21.9000,21.7452,5338,0.0000,1.0000
2019-05-13,21.9800,21.9800,20.7700,21.2300,21.0800,9542,0.0000,1.0000
2019-05-10,22.2500,22.5200,21.7800,22.2000,22.0431,10121,0.0000,1.0000
2019-05-09,23.1549,23.1549,22.2500,22.2500,22.0928,29466,0.0000,1.0000
2019-05-08,22.7500,23.4700,22.5200,22.5200,22.3608,9934,0.0000,1.0000
2019-05-07,22.4300,22.8800,21.9850,22.7000,22.5396,14651,0.0000,1.0000
2019-05-06,21.5300,22.7450,21.1001,22.5400,22.3807,13213,0.0000,1.0000
2019-05-03,21.1600,21.8500,21.0600,21.8500,21.6956,6796,0.0000,1.0000
2019-05-02,21.2700,21.2700,20.7546,20.9300,20.7821,4692,0.0000,1.0000
2019-05-01,21.2400,21.2400,20.8000,20.8100,20.6629,5920,0.0000,1.0000
2019-04-30,21.2300,21.3832,21.1600,21.1600,21.0105,12808,0.0000,1.0000
2019-04-29,20.8000,21.2800,20.8000,21.2500,21.0998,8579,0.0000,1.0000
2019-04-26,20.9500,20.9500,20.9500,20.9500,20.8019,1378,0.0000,1.0000
2019-04-25,20.8200,21.0000,20.6700,20.8700,20.7225,5207,0.0000,1.0000
2019-04-24,21.2500,21.2859,20.6800,20.8300,20.6828,12524,0.0000,1.0000
2019-04-23,21.5400,21.6575,21.1000,21.3300,21.1793,9401,0.0000,1.0000
2019-04-22,21.2258,21.9900,21.1151,21.6900,21.5367,3347,0.1600,1.0000
2019-04-18,21.9900,22.3200,21.9900,22.3200,22.0000,5978,0.0000,1.0000
2019-04-17,22.0100,22.3500,21.8273,22.2000,21.8817,6908,0.0000,1.0000
2019-04-16,21.7000,21.9500,21.6500,21.8200,21.5071,10128,0.0000,1.0000
2019-04-15,21.6500,21.6500,21.2800,21.5000,21.1917,7805,0.0000,1.0000
2019-04-12,21.6400,21.9650,21.3500,21.3800,21.0735,10732,0.0000,1.0000
2019-04-11,21.0300,21.8000,21.0200,21.5100,21.2016,10918,0.0000,1.0000
2019-04-10,20.8920,21.7000,20.5100,21.0000,20.6989,20640,0.0000,1.0000
2019-04-09,21.3700,21.4100,21.1000,21.1000,20.7975,4068,0.0000,1.0000
2019-04-08,21.6200,21.6200,21.3200,21.3600,21.0537,4844,0.0000,1.0000
2019-04-05,21.0146,21.6000,20.9100,21.4700,21.1622,11495,0.0000,1.0000
2019-04-04,20.6200,21.4525,20.5970,21.2600,20.9552,17769,0.0000,1.0000
2019-04-03,21.2500,21.3500,20.4300,20.7000,20.4032,18434,0.0000,1.0000
2019-04-02,21.4000,21.6710,20.9000,21.1500,20.8468,14277,0.0000,1.0000
2019-04-01,21.5500,21.6500,21.0165,21.4700,21.1622,10239,0.0000,1.0000
2019-03-29,21.2500,22.3716,21.2500,21.3500,21.0439,15885,0.0000,1.0000
2019-03-28,21.1500,21.5000,21.1000,21.3200,21.0143,6146,0.0000,1.0000
2019-03-27,21.1100,21.5000,20.5320,21.2700,20.9650,10462,0.0000,1.0000
2019-03-26,20.7500,21.3085,19.8100,21.2800,20.9749,136619,0.0000,1.0000
2019-03-25,20.9000,21.0950,20.1500,20.8000,20.5018,16635,0.0000,1.0000
2019-03-22,22.5000,22.5000,19.6500,21.0000,20.6989,35230,0.0000,1.0000
2019-03-21,22.7600,22.7600,22.2300,22.2700,21.9507,6998,0.0000,1.0000
2019-03-20,22.5886,23.1600,22.5500,22.8500,22.5224,10234,0.0000,1.0000
2019-03-19,23.0200,23.5923,22.4790,22.8300,22.5027,15483,0.0000,1.0000
2019-03-18,23.0400,23.3400,22.7600,23.2700,22.9364,3403,0.0000,1.0000
2019-03-15,23.1300,23.4400,22.8200,22.9700,22.6407,42771,0.0000,1.0000
2019-03-14,22.8400,23.3600,22.8100,23.0700,22.7392,21672,0.0000,1.0000
2019-03-13,23.0704,23.1900,22.5850,22.7600,22.4337,19090,0.0000,1.0000
2019-03-12,22.9600,23.4499,22.7750,22.9000,22.5717,11229,0.0000,1.0000
2019-03-11,22.4400,23.0000,22.3512,22.9200,22.5914,9697,0.0000,1.0000
2019-03-08,22.8403,22.9400,22.3900,22.4200,22.0985,10050,0.0000,1.0000
2019-03-07,22.9200,23.1900,22.4300,22.6200,22.2957,15625,0.0000,1.0000
2019-03-06,23.2500,23.4700,22.8839,23.0300,22.6998,17284,0.0000,1.0000
2019-03-05,23.2200,23.3700,22.8200,23.1900,22.8575,17239,0.0000,1.0000
2019-03-04,22.5321,23.4300,22.5321,23.1100,22.7786,31987,0.0000,1.0000
2019-03-01,22.8400,23.5200,22.8400,23.4400,23.1039,11439,0.0000,1.0000
2019-02-28,23.0000,23.0000,22.2500,22.6800,22.3548,19911,0.0000,1.0000
2019-02-27,23.0900,23.1000,22.9000,22.9500,22.6209,9589,0.0000,1.0000
2019-02-26,22.9100,23.4100,22.8900,23.0000,22.6702,21610,0.0000,1.0000
2019-02-25,23.0500,23.1300,22.9021,22.9200,22.5914,21452,0.0000,1.0000
2019-02-22,23.0000,23.0000,22.7300,23.0000,22.6702,16596,0.0000,1.0000
2019-02-21,22.5000,23.0000,22.4200,22.8800,22.5519,13161,0.0000,1.0000
2019-02-20,22.3800,22.5000,22.2700,22.3500,22.0295,30732,0.0000,1.0000
2019-02-19,22.0100,22.3900,22.0100,22.1800,21.8620,16905,0.0000,1.0000
2019-02-15,22.2500,22.5300,22.2500,22.2900,21.9704,14818,0.0000,1.0000
2019-02-14,22.3800,22.4700,22.1400,22.1700,21.8521,6924,0.0000,1.0000
2019-02-13,22.5500,22.5500,22.3750,22.4400,22.1183,4614,0.0000,1.0000
2019-02-12,22.5000,22.5070,22.3500,22.4500,22.1281,20201,0.0000,1.0000
2019-02-11,22.6400,22.6500,22.1400,22.3900,22.0690,6952,0.0000,1.0000
2019-02-08,22.6800,22.7000,22.4350,22.5000,22.1774,3530,0.0000,1.0000
2019-02-07,22.8000,23.0600,22.4700,22.4700,22.1478,31187,0.0000,1.0000
2019-02-06,22.8600,22.8600,22.3350,22.7000,22.3745,11354,0.0000,1.0000
2019-02-05,22.4400,22.5000,22.0100,22.4100,22.0887,10259,0.0000,1.0000
2019-02-04,22.0580,22.4200,22.0500,22.3800,22.0591,11418,0.0000,1.0000
2019-02-01,22.1400,22.1500,22.1300,22.1500,21.8324,2633,0.0000,1.0000
2019-01-31,22.3100,22.4399,22.0479,22.1000,21.7831,8522,0.0000,1.0000
2019-01-30,22.1500,22.5000,22.1300,22.4500,22.1281,6845,0.0000,1.0000
2019-01-29,22.0000,22.2000,22.0000,22.1400,21.8226,5400,0.0000,1.0000
2019-01-28,22.2400,22.3000,21.8700,21.8700,21.5564,8496,0.0000,1.0000
2019-01-25,21.9400,22.7000,21.8100,22.3500,22.0295,6818,0.0000,1.0000
2019-01-24,21.9249,22.0000,21.3950,21.9800,21.6648,13415,0.0000,1.0000
2019-01-23,21.7100,22.8610,21.7000,21.9000,21.5860,4246,0.0000,1.0000
2019-01-22,21.7500,21.9062,21.6200,21.6300,21.3199,11803,0.0000,1.0000
2019-01-18,22.3200,22.5746,21.6300,21.7800,21.4677,11730,0.1600,1.0000
2019-01-17,22.8000,23.0000,22.5028,22.9000,22.4071,14134,0.0000,1.0000
2019-01-16,22.6600,23.0000,22.6600,22.8800,22.3875,6782,0.0000,1.0000
2019-01-15,22.6500,22.6500,22.4500,22.6500,22.1624,3116,0.0000,1.0000
2019-01-14,22.3500,22.8919,21.9898,22.5400,22.0548,6110,0.0000,1.0000
2019-01-11,22.3100,22.4800,22.3000,22.3000,21.8200,6454,0.0000,1.0000
2019-01-10,24.2200,24.2200,22.0500,22.4900,22.0059,6149,0.0000,1.0000
2019-01-09,22.9000,23.0125,22.6500,23.0000,22.5049,10077,0.0000,1.0000
2019-01-08,22.8820,23.0000,22.6500,22.9500,22.4560,9233,0.0000,1.0000
2019-01-07,22.5868,22.9800,22.4400,22.8800,22.3875,8577,0.0000,1.0000
2019-01-04,21.9600,22.4700,21.6200,22.4500,21.9667,9850,0.0000,1.0000
2019-01-03,22.3100,22.3100,21.3500,21.3500,20.8904,7447,0.0000,1.0000
2019-01-02,21.3600,22.3700,21.2300,22.2700,21.7906,6792,0.0000,1.0000
2018-12-31,20.6000,22.5100,20.6000,21.2500,20.7926,7341,0.0000,1.0000
2018-12-28,20.6300,22.0400,20.2700,20.6000,20.1566,19417,0.0000,1.0000
2018-12-27,21.1100,23.3020,20.5500,21.1100,20.6556,16369,0.0000,1.0000
2018-12-26,21.5500,22.6200,21.5500,21.7200,21.2525,18989,0.0000,1.0000
2018-12-24,22.2300,22.5500,21.5249,21.5500,21.0861,6654,0.0000,1.0000
2018-12-21,22.9100,22.9700,22.2200,22.4700,21.9863,22990,0.0000,1.0000
2018-12-20,22.8700,23.4657,22.5000,23.0700,22.5734,13177,0.0000,1.0000
2018-12-19,22.1400,23.6000,22.1400,22.7700,22.2799,31082,0.0000,1.0000
2018-12-18,22.0800,22.9100,21.8300,22.2000,21.7221,15135,0.0000,1.0000
2018-12-17,22.3700,23.2400,21.8100,22.1000,21.6243,11377,0.0000,1.0000
2018-12-14,23.0000,23.0000,21.9701,22.2900,21.8102,21480,0.0000,1.0000
2018-12-13,22.5400,22.5400,21.8300,21.9700,21.4971,11105,0.0000,1.0000
2018-12-12,23.8100,23.8100,21.4900,22.6800,22.1918,51591,0.0000,1.0000
2018-12-11,24.0200,24.2900,23.4000,23.8800,23.3660,6144,0.0000,1.0000
2018-12-10,24.7800,24.9000,23.2700,23.7700,23.2583,5826,0.0000,1.0000
2018-12-07,23.7100,24.2976,23.5600,24.0000,23.4834,40347,0.0000,1.0000
2018-12-06,23.6000,24.4899,23.2500,23.4600,22.9550,8931,0.0000,1.0000
2018-12-04,24.5200,24.7000,23.5300,23.6000,23.0920,9902,0.0000,1.0000
2018-12-03,24.0800,24.8600,24.0800,24.8500,24.3151,3504,0.0000,1.0000
2018-11-30,24.4000,24.7450,24.0000,24.0100,23.4932,15913,0.0000,1.0000
2018-11-29,23.8200,24.6800,23.7700,24.3200,23.7965,3088,0.0000,1.0000
2018-11-28,23.9500,24.0300,23.6050,23.7700,23.2583,8890,0.0000,1.0000
2018-11-27,24.1400,24.1400,23.8100,23.8100,23.2975,3915,0.0000,1.0000
2018-11-26,24.7500,24.7500,24.3500,24.3500,23.8258,4568,0.0000,1.0000
2018-11-23,23.8000,24.9600,23.8000,24.8300,24.2955,7154,0.0000,1.0000
2018-11-21,23.8000,23.9500,23.2000,23.5000,22.9941,13454,0.0000,1.0000
2018-11-20,24.4500,24.5000,23.6200,23.8100,23.2975,5398,0.0000,1.0000
2018-11-19,24.7500,25.1400,24.5000,24.5200,23.9922,8418,0.0000,1.0000
2018-11-16,25.1900,25.4400,24.6700,24.9000,24.3640,14883,0.0000,1.0000
2018-11-15,25.6500,25.7000,25.0300,25.3000,24.7554,13036,0.0000,1.0000
2018-11-14,26.1000,26.3813,25.5900,25.5900,25.0391,6711,0.0000,1.0000
2018-11-13,25.5800,26.2400,25.5800,25.9300,25.3718,4792,0.0000,1.0000
2018-11-12,25.7000,26.3700,25.5200,25.7800,25.2251,9573,0.0000,1.0000
2018-11-09,26.1800,26.2290,25.5300,25.5500,25.0000,8213,0.0000,1.0000
2018-11-08,25.5000,25.8300,25.5000,25.7000,25.1468,9650,0.0000,1.0000
2018-11-07,25.4400,25.5400,25.3500,25.5400,24.9902,11886,0.0000,1.0000
2018-11-06,25.5000,25.5000,24.9500,25.3200,24.7750,18118,0.0000,1.0000
2018-11-05,25.8000,25.8000,25.5000,25.5000,24.9511,7365,0.0000,1.0000
2018-11-02,26.1500,26.1500,25.7900,25.9300,25.3718,8160,0.0000,1.0000
2018-11-01,26.3900,26.3900,26.0700,26.2200,25.6556,8150,0.0000,1.0000
2018-10-31,26.3000,26.5000,25.9500,26.2500,25.6849,10687,0.0000,1.0000
2018-10-30,26.5800,27.2400,25.9401,26.3500,25.7828,11657,0.0000,1.0000
2018-10-29,26.3100,28.5800,25.9741,26.6800,26.1057,15722,0.0000,1.0000
2018-10-26,25.9549,26.5000,25.9549,26.1000,25.5382,5305,0.0000,1.0000
2018-10-25,26.2400,26.6000,25.9000,26.1200,25.5577,12680,0.0000,1.0000
2018-10-24,26.7000,26.9500,26.1000,26.1100,25.5480,11845,0.0000,1.0000
2018-10-23,27.0600,27.0600,26.4200,26.7000,26.1253,11238,0.0000,1.0000
2018-10-22,28.7600,29.6204,27.0000,27.2500,26.6634,22375,0.1550,1.0500
2018-10-19,29.8000,29.9400,29.8000,29.8000,27.6130,34995,0.0000,1.0000
2018-10-18,30.1000,30.1300,29.9300,30.0400,27.8353,12086,0.0000,1.0000
2018-10-17,29.9900,30.5700,29.9400,30.1000,27.8909,12272,0.0000,1.0000
2018-10-16,30.3800,30.3800,29.8400,29.9900,27.7890,12947,0.0000,1.0000
2018-10-15,30.3900,30.6100,30.0900,30.4300,28.1967,13724,0.0000,1.0000
2018-10-12,30.8100,31.7000,30.2400,30.3300,28.1041,12534,0.0000,1.0000
2018-10-11,30.9000,31.0000,29.0150,30.7500,28.4932,4213,0.0000,1.0000
2018-10-10,31.3600,31.4500,30.7800,30.7800,28.5210,12561,0.0000,1.0000
2018-10-09,31.0200,32.0000,31.0150,31.3300,29.0307,17957,0.0000,1.0000
2018-10-08,30.8600,31.9700,30.7459,31.1200,28.8361,18454,0.0000,1.0000
2018-10-05,30.7000,31.6300,30.5000,30.8400,28.5766,10357,0.0000,1.0000
2018-10-04,30.9300,31.3600,30.8300,30.8500,28.5859,14292,0.0000,1.0000
2018-10-03,30.5300,31.2900,30.5300,31.1600,28.8731,8460,0.0000,1.0000
2018-10-02,30.8400,30.9000,30.5000,30.5000,28.2616,5842,0.0000,1.0000
2018-10-01,31.1500,31.5700,30.9300,31.0300,28.7527,6855,0.0000,1.0000
2018-09-28,31.2500,31.4900,30.8750,31.2400,28.9473,6486,0.0000,1.0000
2018-09-27,31.5900,31.9900,31.3100,31.5000,29.1882,8010,0.0000,1.0000
2018-09-26,31.9500,31.9500,31.3100,31.7500,29.4198,6506,0.0000,1.0000
2018-09-25,31.8800,32.0000,31.8000,31.8700,29.5310,7726,0.0000,1.0000
2018-09-24,31.8000,32.3434,31.8000,31.9700,29.6237,11173,0.0000,1.0000
2018-09-21,30.1300,32.1200,30.1300,32.1200,29.7627,65900,0.0000,1.0000
2018-09-20,30.1200,30.4100,30.1000,30.2500,28.0299,12363,0.0000,1.0000
2018-09-19,30.2500,30.3800,30.0000,30.0900,27.8817,5526,0.0000,1.0000
2018-09-18,29.8000,30.2500,29.8000,30.0700,27.8631,8555,0.0000,1.0000
2018-09-17,29.7700,29.7700,29.6000,29.6800,27.5018,6036,0.0000,1.0000
2018-09-14,29.9600,29.9600,29.6600,29.7200,27.5388,9427,0.0000,1.0000
2018-09-13,30.1000,30.1500,29.6800,29.7500,27.5666,15762,0.0000,1.0000
2018-09-12,30.5500,30.6100,30.0500,30.0500,27.8446,10243,0.0000,1.0000
2018-09-11,30.7000,31.0600,30.5500,30.5600,28.3172,12724,0.0000,1.0000
2018-09-10,30.9100,31.1100,30.9000,31.0400,28.7620,7790,0.0000,1.0000
2018-09-07,30.6300,31.0900,30.6300,31.0900,28.8083,6613,0.0000,1.0000
2018-09-06,30.9900,30.9900,30.6400,30.7800,28.5210,6054,0.0000,1.0000
2018-09-05,31.0000,31.0000,30.7260,30.8500,28.5859,3696,0.0000,1.0000
2018-09-04,31.1300,31.2800,30.7300,31.1200,28.8361,6752,0.0000,1.0000
2018-08-31,30.9700,31.3100,30.8600,31.2900,28.9936,7545,0.0000,1.0000
2018-08-30,30.8500,31.3200,30.7500,31.1900,28.9009,5884,0.0000,1.0000
2018-08-29,30.9600,31.3700,30.5730,30.8500,28.5859,5256,0.0000,1.0000
2018-08-28,31.4800,31.4800,30.9800,31.1400,28.8546,1626,0.0000,1.0000
2018-08-27,30.9100,31.5800,30.9100,31.3600,29.0585,5549,0.0000,1.0000
2018-08-24,30.9500,31.3000,30.7500,31.2000,28.9102,11115,0.0000,1.0000
2018-08-23,31.0600,31.0600,30.7522,30.8700,28.6044,6656,0.0000,1.0000
2018-08-22,31.0900,31.0975,30.2910,30.9200,28.6508,13383,0.0000,1.0000
2018-08-21,31.1000,31.1700,30.9129,30.9700,28.6971,9965,0.0000,1.0000
2018-08-20,31.4000,31.4000,30.8001,31.1700,28.8824,7531,0.0000,1.0000
2018-08-17,31.0100,31.5250,31.0100,31.3600,29.0585,6387,0.0000,1.0000
2018-08-16,31.3400,31.3400,30.4128,31.2200,28.9287,11813,0.0000,1.0000
2018-08-15,31.4500,31.5900,30.3200,31.0600,28.7805,10154,0.0000,1.0000
2018-08-14,31.8000,31.9400,31.0300,31.3500,29.0492,8045,0.0000,1.0000
2018-08-13,31.8800,31.8800,31.1815,31.5500,29.2345,9173,0.0000,1.0000
2018-08-10,31.7000,32.0000,31.1300,31.8500,29.5125,6844,0.0000,1.0000
2018-08-09,31.6000,31.8000,31.3442,31.7400,29.4106,4765,0.0000,1.0000
2018-08-08,31.9600,31.9600,31.6500,31.7400,29.4106,4103,0.0000,1.0000
2018-08-07,31.9000,31.9000,31.5500,31.7400,29.4106,4432,0.0000,1.0000
2018-08-06,31.5200,31.7800,31.3600,31.7800,29.4476,1919,0.0000,1.0000
2018-08-03,31.5300,31.9900,31.5000,31.6200,29.2994,7183,0.0000,1.0000
2018-08-02,31.3500,31.6500,30.9800,31.5700,29.2531,6809,0.0000,1.0000
2018-08-01,30.9700,31.6400,30.6600,31.3500,29.0492,2588,0.0000,1.0000
2018-07-31,31.2000,31.2400,30.5000,31.2300,28.9380,8899,0.0000,1.0000
2018-07-30,31.3000,31.8000,30.8500,31.0000,28.7249,7400,0.0000,1.0000
2018-07-27,31.8600,32.0000,30.9450,31.3200,29.0214,6118,0.0000,1.0000
2018-07-26,31.3400,32.0000,31.3400,31.8800,29.5403,7015,0.0000,1.0000
2018-07-25,32.2900,32.4853,30.8300,31.1100,28.8268,7998,0.0000,1.0000
2018-07-24,31.4100,31.9500,31.0597,31.5800,29.2623,5414,0.0000,1.0000
2018-07-23,30.8900,31.1511,30.1300,31.1100,28.8268,2588,0.1550,1.0000
2018-07-20,30.2400,30.9900,30.2400,30.8200,28.4165,4114,0.0000,1.0000
2018-07-19,30.3800,31.0000,30.1200,30.1200,27.7711,4422,0.0000,1.0000
2018-07-18,30.0100,30.9600,30.0100,30.1200,27.7711,5259,0.0000,1.0000
2018-07-17,30.3900,30.4000,30.0300,30.2500,27.8910,10842,0.0000,1.0000
2018-07-16,30.1200,30.7400,29.9400,30.1900,27.8356,4709,0.0000,1.0000
2018-07-13,30.3300,30.9900,29.9300,30.0100,27.6697,6334,0.0000,1.0000
2018-07-12,31.6600,31.6600,30.2400,30.2400,27.8818,9005,0.0000,1.0000
2018-07-11,32.2600,32.2600,31.5850,31.6500,29.1818,6146,0.0000,1.0000
2018-07-10,33.2000,33.2000,31.8439,32.1900,29.6797,8576,0.0000,1.0000
2018-07-09,32.6800,33.4500,32.5400,33.2300,30.6386,6639,0.0000,1.0000
2018-07-06,31.6300,32.5150,31.2381,32.4200,29.8917,14140,0.0000,1.0000
2018-07-05,31.8200,32.1300,31.4200,31.7300,29.2556,3745,0.0000,1.0000
2018-07-03,30.9800,32.0700,30.9800,31.8200,29.3385,5364,0.0000,1.0000
2018-07-02,30.2600,30.9900,29.9669,30.9800,28.5640,7387,0.0000,1.0000
2018-06-29,30.5600,30.9600,30.1000,30.6800,28.2874,14678,0.0000,1.0000
2018-06-28,30.2400,30.5900,30.0987,30.5500,28.1676,30339,0.0000,1.0000
2018-06-27,30.3500,30.3500,29.7500,30.0800,27.7342,27329,0.0000,1.0000
2018-06-26,30.3000,30.4000,30.0400,30.2400,27.8818,11529,0.0000,1.0000
2018-06-25,30.2500,30.6000,30.0700,30.1600,27.8080,24421,0.0000,1.0000
2018-06-22,30.1500,30.6600,30.1450,30.4000,28.0293,95530,0.0000,1.0000
2018-06-21,30.4000,30.4500,30.0600,30.0600,27.7158,11835,0.0000,1.0000
2018-06-20,30.4500,30.4500,30.2500,30.3600,27.9924,9757,0.0000,1.0000
2018-06-19,29.9000,30.5300,29.9000,30.4300,28.0569,9898,0.0000,1.0000
2018-06-18,30.1100,30.9900,29.8800,30.1000,27.7527,12250,0.0000,1.0000
2018-06-15,30.1500,30.5700,30.0200,30.2900,27.9279,33734,0.0000,1.0000
2018-06-14,30.3200,30.6700,29.9300,30.3600,27.9924,3345,0.0000,1.0000
2018-06-13,30.4800,30.5000,30.3200,30.4000,28.0293,12311,0.0000,1.0000
2018-06-12,30.4400,30.5000,30.2200,30.3700,28.0016,3999,0.0000,1.0000
2018-06-11,30.5100,30.6400,29.8100,30.1600,27.8080,9418,0.0000,1.0000
2018-06-08,30.5600,30.5900,30.3000,30.3300,27.9647,33662,0.0000,1.0000
2018-06-07,29.8900,30.0600,29.6900,30.0200,27.6789,38447,0.0000,1.0000
2018-06-06,29.9000,30.3200,29.7910,29.9100,27.5775,24656,0.0000,1.0000
2018-06-05,30.0000,30.0250,29.7300,29.8200,27.4945,14734,0.0000,1.0000
2018-06-04,30.2200,30.3500,29.8600,29.8600,27.5314,9777,0.0000,1.0000
2018-06-01,29.8850,30.6900,29.3297,30.4650,28.0892,13991,0.0000,1.0000
2018-05-31,30.0636,30.2000,30.0000,30.0000,27.6605,5227,0.0000,1.0000
2018-05-30,29.9700,30.8900,29.9700,30.3200,27.9555,9334,0.0000,1.0000
2018-05-29,30.6550,30.6550,29.4510,29.8100,27.4853,3245,0.0000,1.0000
2018-05-25,29.4300,29.6500,29.4300,29.6000,27.2917,2134,0.0000,1.0000
2018-05-24,29.7500,29.9000,29.4800,29.7400,27.4207,8016,0.0000,1.0000
2018-05-23,30.0000,30.0000,29.6200,29.7800,27.4576,5138,0.0000,1.0000
2018-05-22,29.6767,30.2600,29.6767,30.2600,27.9002,17690,0.0000,1.0000
2018-05-21,29.7400,29.8900,29.6100,29.7900,27.4668,5944,0.0000,1.0000
2018-05-18,29.6500,29.6500,29.4900,29.6400,27.3285,7438,0.0000,1.0000
2018-05-17,29.4800,29.6500,29.4600,29.6500,27.3378,5181,0.0000,1.0000
2018-05-16,29.5000,29.6500,29.0001,29.3700,27.0796,15811,0.0000,1.0000
2018-05-15,29.3400,29.6000,29.1200,29.3800,27.0888,5082,0.0000,1.0000
2018-05-14,29.5100,29.7500,29.5000,29.5000,27.1995,8076,0.0000,1.0000
2018-05-11,29.4100,29.5600,29.2600,29.5300,27.2271,5466,0.0000,1.0000
2018-05-10,29.3500,29.8300,29.3000,29.6000,27.2917,20465,0.0000,1.0000
2018-05-09,29.4300,29.8100,29.1100,29.3600,27.0704,12155,0.0000,1.0000
2018-05-08,29.5000,29.5200,29.0851,29.2000,26.9229,19631,0.0000,1.0000
2018-05-07,29.4000,29.5000,29.1139,29.4900,27.1902,4366,0.0000,1.0000
2018-05-04,29.3566,29.3700,29.0800,29.3000,27.0151,3894,0.0000,1.0000
2018-05-03,29.2700,29.3400,29.0300,29.1300,26.8583,2780,0.0000,1.0000
2018-05-02,29.2500,29.2500,29.0600,29.1300,26.8583,6738,0.0000,1.0000
2018-05-01,29.3200,29.3700,29.0900,29.3600,27.0704,4540,0.0000,1.0000
2018-04-30,29.4500,29.4500,29.1700,29.2100,26.9321,3938,0.0000,1.0000
2018-04-27,29.0400,29.3500,28.7200,29.1500,26.8768,51320,0.0000,1.0000
2018-04-26,28.7400,28.9700,28.5000,28.9700,26.7108,44746,0.0000,1.0000
2018-04-25,28.5000,29.0150,28.2600,28.2600,26.0562,7430,0.0000,1.0000
2018-04-24,27.5190,28.1750,27.5190,28.0500,25.8625,3233,0.0000,1.0000
2018-04-23,28.2500,28.2500,28.1100,28.1100,25.9179,732,0.1550,1.0000
2018-04-20,28.5600,29.0000,28.2550,28.8200,26.4268,6782,0.0000,1.0000
2018-04-19,28.7800,29.0000,28.1100,28.9900,26.5827,4012,0.0000,1.0000
2018-04-18,28.1500,28.7800,28.1500,28.5200,26.1517,4315,0.0000,1.0000
2018-04-17,28.4700,28.7250,28.0400,28.2000,25.8583,5976,0.0000,1.0000
2018-04-16,28.3300,28.3300,27.7800,28.0200,25.6932,2845,0.0000,1.0000
2018-04-13,27.9300,28.5200,27.8900,28.3100,25.9591,22741,0.0000,1.0000
2018-04-12,28.3850,28.3850,27.7600,27.9700,25.6474,38286,0.0000,1.0000
2018-04-11,28.5400,28.5400,27.7312,28.3000,25.9500,3882,0.0000,1.0000
2018-04-10,28.5300,28.7900,28.0200,28.5000,26.1333,2638,0.0000,1.0000
2018-04-09,28.3600,28.4800,27.9300,28.0200,25.6932,14750,0.0000,1.0000
2018-04-06,28.4800,28.9300,28.0100,28.0100,25.6840,2741,0.0000,1.0000
2018-04-05,28.6450,28.6450,28.3500,28.5500,26.1792,8421,0.0000,1.0000
2018-04-04,28.3000,28.9100,28.3000,28.5000,26.1333,5516,0.0000,1.0000
2018-04-03,28.0800,28.4900,28.0000,28.1100,25.7757,4516,0.0000,1.0000
2018-04-02,29.5445,29.5445,28.0000,28.1200,25.7849,8741,0.0000,1.0000
2018-03-29,28.3200,29.2000,28.0200,28.1200,25.7849,8995,0.0000,1.0000
2018-03-28,28.5300,28.5300,28.1200,28.3900,26.0325,8547,0.0000,1.0000
2018-03-27,29.0800,29.4000,28.0900,28.3300,25.9775,6569,0.0000,1.0000
2018-03-26,29.2100,29.2100,28.4500,29.0100,26.6010,8187,0.0000,1.0000
2018-03-23,29.0300,29.1000,28.5400,28.7100,26.3259,21893,0.0000,1.0000
2018-03-22,29.1700,29.7300,28.7600,28.7800,26.3901,10201,0.0000,1.0000
2018-03-21,28.7800,29.6700,28.7500,29.2900,26.8577,6894,0.0000,1.0000
2018-03-20,29.7000,29.7000,28.4094,28.5600,26.1884,13709,0.0000,1.0000
2018-03-19,27.9800,29.0700,27.9800,29.0500,26.6377,8025,0.0000,1.0000
2018-03-16,27.2400,28.8100,27.2400,28.0000,25.6749,32520,0.0000,1.0000
2018-03-15,27.8700,27.8700,27.1500,27.2600,24.9963,23539,0.0000,1.0000
2018-03-14,27.9800,28.1734,27.3200,27.6100,25.3172,10820,0.0000,1.0000
2018-03-13,29.1500,29.1500,27.5900,27.7100,25.4089,12800,0.0000,1.0000
2018-03-12,27.9500,29.4800,27.6352,29.2800,26.8486,18970,0.0000,1.0000
2018-03-09,27.5000,28.0000,27.5000,27.9900,25.6657,8603,0.0000,1.0000
2018-03-08,27.4300,28.0200,27.2500,27.6200,25.3264,5978,0.0000,1.0000
2018-03-07,28.0000,28.0000,27.4100,27.8000,25.4915,5157,0.0000,1.0000
2018-03-06,28.0000,28.0000,27.5000,27.8400,25.5281,5672,0.0000,1.0000
2018-03-05,27.0200,28.0000,27.0200,27.9400,25.6198,11392,0.0000,1.0000
2018-03-02,26.0700,27.6800,26.0700,27.4700,25.1889,6349,0.0000,1.0000
2018-03-01,26.1000,26.8950,26.0200,26.3500,24.1619,7916,0.0000,1.0000
2018-02-28,26.4300,26.6603,25.5450,26.1700,23.9968,16251,0.0000,1.0000
2018-02-27,26.2600,26.2900,25.3538,26.2900,24.1069,4349,0.0000,1.0000
2018-02-26,25.7700,26.4500,25.7700,26.4500,24.2536,3908,0.0000,1.0000
2018-02-23,25.8800,25.9393,25.3104,25.8600,23.7126,7937,0.0000,1.0000
2018-02-22,26.3000,26.8700,25.6600,25.6600,23.5292,5187,0.0000,1.0000
2018-02-21,25.8600,26.4900,25.8600,26.4000,24.2077,2174,0.0000,1.0000
2018-02-20,26.5000,26.5000,25.7000,25.7000,23.5659,2079,0.0000,1.0000
2018-02-16,26.6700,27.0000,26.4000,26.6100,24.4003,22547,0.0000,1.0000
2018-02-15,25.2500,26.8252,25.0500,26.6700,24.4553,21457,0.0000,1.0000
2018-02-14,25.1700,25.2900,24.8297,25.1000,23.0157,36924,0.0000,1.0000
2018-02-13,25.9700,25.9700,25.1001,25.1700,23.0799,3561,0.0000,1.0000
2018-02-12,25.8700,26.7600,25.5000,25.8800,23.7309,5871,0.0000,1.0000
2018-02-09,26.0100,26.4000,25.7000,25.7900,23.6484,8303,0.0000,1.0000
2018-02-08,26.3136,26.3948,25.5600,25.5600,23.4375,8713,0.0000,1.0000
2018-02-07,26.5200,26.5200,25.4600,25.9700,23.8134,13918,0.0000,1.0000
2018-02-06,26.8400,27.1190,26.0070,26.6000,24.3911,9198,0.0000,1.0000
2018-02-05,27.3900,28.5600,26.8400,26.8500,24.6204,5726,0.0000,1.0000
2018-02-02,28.3000,28.4500,27.7300,27.7300,25.4273,5488,0.0000,1.0000
2018-02-01,28.5000,28.5485,27.3800,28.2300,25.8858,19912,0.0000,1.0000
2018-01-31,27.7100,27.7100,27.3400,27.3500,25.0788,6913,0.0000,1.0000
2018-01-30,28.2900,28.6653,27.4200,27.4300,25.1522,4826,0.0000,1.0000
2018-01-29,28.9365,28.9365,28.2200,28.2200,25.8766,3093,0.0000,1.0000
2018-01-26,28.5900,28.5900,28.3400,28.4500,26.0875,1639,0.0000,1.0000
2018-01-25,28.5600,29.6252,28.5600,29.0600,26.6468,6268,0.0000,1.0000
2018-01-24,28.6800,29.3000,28.6800,28.7000,26.3167,2799,0.0000,1.0000
2018-01-23,28.8200,28.8200,27.8220,28.7800,26.3901,3700,0.0000,1.0000
2018-01-22,27.8600,29.1100,27.7726,29.1100,26.6927,4342,0.1550,1.0000
2018-01-19,28.0200,29.0750,28.0200,28.6600,26.1409,4873,0.0000,1.0000
2018-01-18,28.9600,29.3915,28.3800,28.5300,26.0223,6288,0.0000,1.0000
2018-01-17,28.7000,28.9000,27.6600,28.8800,26.3415,3883,0.0000,1.0000
2018-01-16,28.7000,29.7000,28.5800,28.5800,26.0679,14930,0.0000,1.0000
2018-01-12,28.0000,28.7996,28.0000,28.5900,26.0770,2923,0.0000,1.0000
2018-01-11,27.9300,28.5150,27.9300,27.9800,25.5206,1907,0.0000,1.0000
2018-01-10,27.8600,28.0000,27.5000,28.0000,25.5389,3226,0.0000,1.0000
2018-01-09,27.7900,28.9500,27.6500,27.8100,25.3656,4587,0.0000,1.0000
2018-01-08,27.7000,28.4600,27.4057,27.8800,25.4294,2279,0.0000,1.0000
2018-01-05,27.8150,27.9200,27.3300,27.8400,25.3929,14980,0.0000,1.0000
2018-01-04,27.5000,27.5000,27.0001,27.3100,24.9095,3389,0.0000,1.0000
2018-01-03,27.1100,28.0300,27.0000,27.2700,24.8730,7096,0.0000,1.0000
2018-01-02,27.8800,28.8700,27.2500,27.2500,24.8548,13595,0.0000,1.0000
2017-12-29,28.0500,28.0500,27.3100,27.5300,25.1102,11776,0.0000,1.0000
2017-12-28,28.5500,28.6500,27.8400,27.8400,25.3929,4955,0.0000,1.0000
2017-12-27,28.0400,28.1000,27.8900,27.9700,25.5115,2235,0.0000,1.0000
2017-12-26,28.0000,28.3500,27.8000,27.9600,25.5024,10195,0.0000,1.0000
2017-12-22,28.4300,28.6200,28.0000,28.0000,25.5389,21283,0.0000,1.0000
2017-12-21,28.6000,29.3000,28.4000,28.4000,25.9037,5186,0.0000,1.0000
2017-12-20,29.8000,29.8000,28.4800,28.4800,25.9767,2497,0.0000,1.0000
2017-12-19,29.9000,29.9000,28.5100,28.5100,26.0041,6196,0.0000,1.0000
2017-12-18,30.3600,30.9500,29.4900,29.8900,27.2628,17617,0.0000,1.0000
2017-12-15,28.4200,30.5000,28.4100,30.3200,27.6550,57741,0.0000,1.0000
2017-12-14,29.0300,29.1000,28.5000,28.5000,25.9949,4968,0.0000,1.0000
2017-12-13,28.9000,29.3900,28.0800,29.1400,26.5787,10417,0.0000,1.0000
2017-12-12,29.0300,29.2700,28.4800,28.8600,26.3233,4573,0.0000,1.0000
2017-12-11,28.7000,29.4000,28.5000,28.8000,26.2686,37849,0.0000,1.0000
2017-12-08,28.6820,29.3200,28.6500,28.7600,26.2321,2695,0.0000,1.0000
2017-12-07,29.2000,29.9500,29.0500,29.0500,26.4966,7574,0.0000,1.0000
2017-12-06,28.9700,29.4800,28.9700,29.0900,26.5331,10042,0.0000,1.0000
2017-12-05,28.7000,29.5100,28.3400,28.8800,26.3415,9329,0.0000,1.0000
2017-12-04,30.0700,30.0700,28.4000,28.6500,26.1317,12099,0.0000,1.0000
2017-12-01,30.0500,30.1027,29.4600,29.6600,27.0530,7548,0.0000,1.0000
2017-11-30,29.1500,30.4500,29.1000,30.1600,27.5090,11279,0.0000,1.0000
2017-11-29,28.6300,29.8300,28.6300,29.6900,27.0803,3281,0.0000,1.0000
2017-11-28,28.9900,29.2500,28.9600,29.0300,26.4783,14909,0.0000,1.0000
2017-11-27,28.4150,29.3100,28.4150,28.8000,26.2686,2001,0.0000,1.0000
2017-11-24,28.9200,28.9200,28.0600,28.4800,25.9767,8281,0.0000,1.0000
2017-11-22,29.6600,29.7400,28.5700,28.9200,26.3780,7954,0.0000,1.0000
2017-11-21,29.6100,30.0000,29.4100,30.0000,27.3631,4456,0.0000,1.0000
2017-11-20,29.7200,30.0700,29.6200,29.7000,27.0895,10846,0.0000,1.0000
2017-11-17,28.8800,30.0000,28.4000,29.7300,27.1168,9718,0.0000,1.0000
2017-11-16,30.1800,30.2600,28.7900,29.1100,26.5513,25134,0.0000,1.0000
2017-11-15,29.8700,30.0198,29.4200,29.6800,27.0712,11074,0.0000,1.0000
2017-11-14,30.5100,30.5100,29.2801,30.0300,27.3904,9096,0.0000,1.0000
2017-11-13,30.5100,30.5900,29.7150,30.4700,27.7918,21338,0.0000,1.0000
2017-11-10,30.3508,30.9000,30.2600,30.5400,27.8556,5435,0.0000,1.0000
2017-11-09,29.7500,30.7600,29.7500,30.5600,27.8739,15667,0.0000,1.0000
2017-11-08,30.9000,30.9000,29.9000,30.2700,27.6094,21558,0.0000,1.0000
2017-11-07,31.3900,31.3900,31.0000,31.0700,28.3390,14573,0.0000,1.0000
2017-11-06,31.3300,31.7500,31.1650,31.5500,28.7768,5467,0.0000,1.0000
2017-11-03,31.4200,31.6500,31.0200,31.4200,28.6583,11451,0.0000,1.0000
2017-11-02,31.0000,33.1000,31.0000,31.5600,28.7860,14397,0.0000,1.0000
2017-11-01,31.7500,31.7500,31.0000,31.1100,28.3755,3891,0.0000,1.0000
2017-10-31,31.6700,31.8500,31.4000,31.6400,28.8589,10868,0.0000,1.0000
2017-10-30,32.2000,32.3700,31.2100,31.3900,28.6309,6922,0.0000,1.0000
2017-10-27,31.4500,32.2150,31.4500,32.1800,29.3515,8288,0.0000,1.0000
2017-10-26,31.6950,31.8900,31.2700,31.2700,28.5215,11733,0.0000,1.0000
2017-10-25,32.1900,32.1900,31.4500,31.7200,28.9319,10254,0.0000,1.0000
2017-10-24,32.1400,32.4300,31.7800,32.0300,29.2147,8906,0.0000,1.0000
2017-10-23,32.9400,33.4600,31.9900,32.1300,29.3059,15293,0.1350,1.0500
2017-10-20,34.4000,34.7350,33.9800,34.3700,29.7312,12128,0.0000,1.0000
2017-10-19,32.5100,34.4500,32.5100,34.0500,29.4544,13688,0.0000,1.0000
2017-10-18,33.5200,34.7500,33.4500,34.1700,29.5582,10263,0.0000,1.0000
2017-10-17,33.8000,33.8400,32.0798,33.7000,29.1517,30928,0.0000,1.0000
2017-10-16,33.5200,33.9688,32.1000,33.3700,28.8662,7653,0.0000,1.0000
2017-10-13,32.6600,33.6300,31.4720,33.3100,28.8143,7691,0.0000,1.0000
2017-10-12,32.2500,32.7400,31.7600,32.4500,28.0704,14354,0.0000,1.0000
2017-10-11,32.1600,32.2500,31.6900,32.2100,27.8628,7479,0.0000,1.0000
2017-10-10,31.5760,32.5549,31.5760,32.3000,27.9406,17427,0.0000,1.0000
2017-10-09,31.6200,31.9400,31.6200,31.7800,27.4908,5541,0.0000,1.0000
2017-10-06,31.8900,31.9500,31.3300,31.7600,27.4735,6735,0.0000,1.0000
2017-10-05,31.9700,32.0700,31.5300,31.9600,27.6465,13824,0.0000,1.0000
2017-10-04,31.1000,31.9000,31.1000,31.7500,27.4649,9755,0.0000,1.0000
2017-10-03,31.1900,31.9800,31.1300,31.6400,27.3697,7565,0.0000,1.0000
2017-10-02,30.5200,31.3800,30.5200,31.0700,26.8766,15669,0.0000,1.0000
2017-09-29,31.3000,31.6500,30.2900,30.7100,26.5652,20061,0.0000,1.0000
2017-09-28,31.5000,31.6750,30.2500,31.3700,27.1361,9772,0.0000,1.0000
2017-09-27,30.0000,31.8600,29.7900,31.8600,27.5600,20114,0.0000,1.0000
2017-09-26,29.2000,30.4200,29.1000,29.8600,25.8299,12499,0.0000,1.0000
2017-09-25,28.1300,28.9700,28.1300,28.8800,24.9822,12902,0.0000,1.0000
2017-09-22,27.9000,28.1900,27.6000,28.0900,24.2988,6323,0.0000,1.0000
2017-09-21,27.8600,28.0350,27.6300,27.8300,24.0739,5294,0.0000,1.0000
2017-09-20,26.7000,27.6900,26.6800,27.6900,23.9528,11047,0.0000,1.0000
2017-09-19,26.3000,26.9900,26.3000,26.9500,23.3127,5011,0.0000,1.0000
2017-09-18,25.8900,26.4000,25.8309,26.3100,22.7591,8397,0.0000,1.0000
2017-09-15,25.4800,26.1900,25.1200,26.1700,22.6380,40121,0.0000,1.0000
2017-09-14,26.1400,26.3300,25.2000,25.4400,22.0065,11630,0.0000,1.0000
2017-09-13,26.0800,26.6100,26.0800,26.4200,22.8542,5073,0.0000,1.0000
2017-09-12,25.7400,26.0800,25.7400,26.0800,22.5601,2676,0.0000,1.0000
2017-09-11,25.5300,25.8100,25.3700,25.8100,22.3265,14069,0.0000,1.0000
2017-09-08,25.3800,25.5000,25.0400,25.3500,21.9286,7000,0.0000,1.0000
2017-09-07,25.2800,25.4000,25.2000,25.3200,21.9027,5929,0.0000,1.0000
2017-09-06,25.2000,25.3600,25.0700,25.2600,21.8508,6540,0.0000,1.0000
2017-09-05,25.1500,25.3390,25.1500,25.2200,21.8162,5049,0.0000,1.0000
2017-09-01,24.4800,25.5700,24.4800,25.5700,22.1189,6622,0.0000,1.0000
2017-08-31,24.1200,25.2500,24.1200,25.0500,21.6691,34269,0.0000,1.0000
2017-08-30,24.7700,24.7700,23.9600,24.0300,20.7868,9448,0.0000,1.0000
2017-08-29,24.9600,24.9900,24.5700,24.7400,21.4010,6746,0.0000,1.0000
2017-08-28,25.2265,25.6200,25.0900,25.1200,21.7297,8824,0.0000,1.0000
2017-08-25,25.3500,25.6000,25.3500,25.3700,21.9459,2101,0.0000,1.0000
2017-08-24,25.5099,25.5099,25.1400,25.2700,21.8594,2145,0.0000,1.0000
2017-08-23,25.0800,25.5800,25.0500,25.5800,22.1276,4490,0.0000,1.0000
2017-08-22,25.1500,25.2773,25.1500,25.2300,21.8248,5668,0.0000,1.0000
2017-08-21,25.5500,25.5500,24.8840,24.9100,21.5480,3732,0.0000,1.0000
2017-08-18,25.8600,26.0840,25.4000,25.4100,21.9805,25709,0.0000,1.0000
2017-08-17,26.3600,26.4500,25.9000,25.9100,22.4130,6696,0.0000,1.0000
2017-08-16,26.6000,26.6000,26.3600,26.4200,22.8542,9809,0.0000,1.0000
2017-08-15,26.4600,26.4600,26.4500,26.4500,22.8802,2651,0.0000,1.0000
2017-08-14,26.5000,26.7400,26.4500,26.7400,23.1310,7503,0.0000,1.0000
2017-08-11,27.6200,27.6200,26.4600,26.4600,22.8888,3841,0.0000,1.0000
2017-08-10,27.5000,27.5299,27.4000,27.4900,23.7798,8156,0.0000,1.0000
2017-08-09,27.1000,27.6500,27.0100,27.5600,23.8404,4061,0.0000,1.0000
2017-08-08,27.3800,27.5099,27.0500,27.1500,23.4857,9738,0.0000,1.0000
2017-08-07,27.4500,27.5100,27.2600,27.2600,23.5808,5470,0.0000,1.0000
2017-08-04,27.7000,27.7000,27.5100,27.6600,23.9269,2621,0.0000,1.0000
2017-08-03,27.7000,27.9290,27.5200,27.5600,23.8404,6655,0.0000,1.0000
2017-08-02,27.7501,27.8600,27.6700,27.7000,23.9615,8732,0.0000,1.0000
2017-08-01,28.0000,28.0900,27.8400,27.8700,24.1085,9960,0.0000,1.0000
2017-07-31,27.9000,28.2000,27.9000,27.9600,24.1864,14967,0.0000,1.0000
2017-07-28,27.9500,27.9500,27.8000,27.8000,24.0480,3681,0.0000,1.0000
2017-07-27,28.2200,28.2500,27.8000,27.9900,24.2123,7287,0.0000,1.0000
2017-07-26,28.1700,28.2000,27.8700,28.0700,24.2815,4375,0.0000,1.0000
2017-07-25,28.4800,28.4800,27.9600,27.9600,24.1864,6818,0.0000,1.0000
2017-07-24,28.0500,28.2300,27.8500,27.9000,24.1345,10745,0.0000,1.0000
2017-07-21,28.2700,28.5000,27.8000,28.1300,24.3334,12637,0.1350,1.0000
2017-07-20,28.2800,28.4257,28.0000,28.0000,24.1053,3196,0.0000,1.0000
2017-07-19,28.3000,28.4900,28.2400,28.2400,24.3119,4692,0.0000,1.0000
2017-07-18,28.1700,28.4400,27.7400,28.4400,24.4841,9246,0.0000,1.0000
2017-07-17,28.0000,28.0700,27.5000,27.8000,23.9331,12852,0.0000,1.0000
2017-07-14,27.9200,28.2800,27.5947,28.0500,24.1483,6025,0.0000,1.0000
2017-07-13,28.6400,28.6400,27.6431,28.1800,24.2602,4540,0.0000,1.0000
2017-07-12,28.6500,28.7259,28.4800,28.4800,24.5185,7468,0.0000,1.0000
2017-07-11,28.7900,29.2000,28.3400,28.6900,24.6993,4873,0.0000,1.0000
2017-07-10,28.5400,29.1150,28.5400,28.8200,24.8112,3566,0.0000,1.0000
2017-07-07,28.5400,28.7500,28.4901,28.7500,24.7510,6664,0.0000,1.0000
2017-07-06,28.1900,28.5400,28.0000,28.4600,24.5013,7934,0.0000,1.0000
2017-07-05,28.2900,28.4900,28.1100,28.3100,24.3722,3740,0.0000,1.0000
2017-07-03,28.5000,28.5200,28.2884,28.3500,24.4066,4541,0.0000,1.0000
2017-06-30,28.4900,28.4900,28.1950,28.4000,24.4496,10931,0.0000,1.0000
2017-06-29,28.1200,28.4900,28.1200,28.4000,24.4496,6563,0.0000,1.0000
2017-06-28,27.0000,28.0000,27.0000,28.0000,24.1053,10229,0.0000,1.0000
2017-06-27,27.2200,27.2200,27.0200,27.0200,23.2616,6892,0.0000,1.0000
2017-06-26,27.1600,27.2200,26.9050,27.0000,23.2444,26810,0.0000,1.0000
2017-06-23,27.0000,27.2500,27.0000,27.0500,23.2874,49407,0.0000,1.0000
2017-06-22,27.2100,27.2500,26.8700,27.0000,23.2444,37665,0.0000,1.0000
2017-06-21,27.2500,27.2500,26.8350,27.1000,23.3305,17052,0.0000,1.0000
2017-06-20,27.1600,27.2300,26.9200,27.1100,23.3391,14975,0.0000,1.0000
2017-06-19,26.9500,27.2100,26.9000,27.0900,23.3219,15953,0.0000,1.0000
2017-06-16,26.3200,26.9899,26.3200,26.7200,23.0033,25403,0.0000,1.0000
2017-06-15,26.6700,26.8000,26.4100,26.5000,22.8139,7427,0.0000,1.0000
2017-06-14,26.5532,26.9000,26.3500,26.5300,22.8398,6626,0.0000,1.0000
2017-06-13,26.5300,26.8150,26.3500,26.6700,22.9603,10905,0.0000,1.0000
2017-06-12,26.9700,27.0000,26.4900,26.5000,22.8139,21197,0.0000,1.0000
2017-06-09,26.4400,26.9400,26.3500,26.9400,23.1927,16950,0.0000,1.0000
2017-06-08,26.9650,26.9650,26.5000,26.5000,22.8139,9104,0.0000,1.0000
2017-06-07,26.4600,26.8500,26.3000,26.5000,22.8139,5984,0.0000,1.0000
2017-06-06,26.6100,26.7800,26.3400,26.3400,22.6762,14987,0.0000,1.0000
2017-06-05,27.1500,27.1500,26.7700,26.8500,23.1152,17851,0.0000,1.0000
2017-06-02,27.2100,27.4400,26.7100,26.9600,23.2099,12068,0.0000,1.0000
2017-06-01,25.8600,26.6800,25.8100,26.5000,22.8139,6628,0.0000,1.0000
2017-05-31,25.7335,26.1600,25.5250,25.8000,22.2113,6410,0.0000,1.0000
2017-05-30,26.1500,26.4840,25.7200,25.7700,22.1855,4132,0.0000,1.0000
2017-05-26,26.1800,26.9800,26.1800,26.2200,22.5729,5997,0.0000,1.0000
2017-05-25,26.4500,27.2400,25.2240,26.0500,22.4265,6494,0.0000,1.0000
2017-05-24,25.9400,26.5600,25.9400,26.3900,22.7192,13192,0.0000,1.0000
2017-05-23,25.9400,26.3000,25.7300,25.9400,22.3318,3527,0.0000,1.0000
2017-05-22,25.4400,25.8400,25.3100,25.7700,22.1855,10305,0.0000,1.0000
2017-05-19,26.1800,26.2100,25.2800,25.3800,21.8497,13799,0.0000,1.0000
2017-05-18,26.8000,27.2300,26.1300,26.3000,22.6418,9785,0.0000,1.0000
2017-05-17,27.0400,27.0700,25.7100,25.9000,22.2974,11506,0.0000,1.0000
2017-05-16,27.2200,27.2200,27.0500,27.1800,23.3993,4833,0.0000,1.0000
2017-05-15,27.5200,27.6000,27.1700,27.3300,23.5285,2878,0.0000,1.0000
2017-05-12,27.1400,27.2400,27.0000,27.1800,23.3993,3568,0.0000,1.0000
2017-05-11,27.9900,27.9900,27.0100,27.1400,23.3649,5853,0.0000,1.0000
2017-05-10,28.5000,28.5000,28.2500,28.2700,24.3377,6917,0.0000,1.0000
2017-05-09,28.7400,28.7400,28.2500,28.4000,24.4496,6279,0.0000,1.0000
2017-05-08,28.2600,28.9000,28.2600,28.5700,24.5960,4338,0.0000,1.0000
2017-05-05,28.6000,28.6000,28.2500,28.3000,24.3636,5293,0.0000,1.0000
2017-05-04,28.2500,28.6400,28.2500,28.5200,24.5530,1554,0.0000,1.0000
2017-05-03,28.8200,28.8200,26.2700,28.1000,24.1914,9550,0.0000,1.0000
2017-05-02,29.1500,29.2500,27.7248,28.7400,24.7424,6516,0.0000,1.0000
2017-05-01,29.1900,29.1900,27.1998,29.1800,25.1212,11567,0.0000,1.0000
2017-04-28,28.8900,29.2400,28.6001,28.9900,24.9576,10083,0.0000,1.0000
2017-04-27,29.1600,29.5600,27.5998,29.1700,25.1125,7938,0.0000,1.0000
2017-04-26,27.2548,29.2000,27.2548,28.9300,24.9059,11331,0.0000,1.0000
2017-04-25,28.5000,28.8400,26.3360,28.7600,24.7596,10358,0.0000,1.0000
2017-04-24,27.6900,28.6900,26.7248,28.4900,24.5271,9852,0.0000,1.0000
2017-04-21,27.0500,27.5600,26.5747,27.4900,23.6662,10616,0.1350,1.0000
2017-04-20,27.3705,27.7500,26.8850,27.4000,23.4735,10936,0.0000,1.0000
2017-04-19,26.2600,27.1100,26.1500,26.8200,22.9766,6379,0.0000,1.0000
2017-04-18,25.7000,26.2000,25.3700,25.9200,22.2056,12184,0.0000,1.0000
2017-04-17,26.0000,26.0906,25.5500,25.8600,22.1542,10742,0.0000,1.0000
2017-04-13,25.8000,26.0000,25.5000,25.5800,21.9143,18396,0.0000,1.0000
2017-04-12,26.0100,26.0100,25.5000,25.5300,21.8714,9244,0.0000,1.0000
2017-04-11,26.0600,26.3200,25.9100,26.0300,22.2998,18978,0.0000,1.0000
2017-04-10,26.2000,26.2000,26.0300,26.1600,22.4112,2470,0.0000,1.0000
2017-04-07,25.8400,26.2999,25.5500,26.1800,22.4283,22527,0.0000,1.0000
2017-04-06,25.9100,26.0000,25.7000,25.8500,22.1456,20277,0.0000,1.0000
2017-04-05,26.0300,26.1350,25.8500,25.8500,22.1456,11514,0.0000,1.0000
2017-04-04,25.9000,26.3299,25.8500,25.9900,22.2655,7634,0.0000,1.0000
2017-04-03,25.9800,26.4400,25.9800,26.0300,22.2998,6160,0.0000,1.0000
2017-03-31,26.3000,26.3000,25.8600,25.9100,22.1970,14863,0.0000,1.0000
2017-03-30,26.0800,26.3000,25.7700,26.2500,22.4883,11042,0.0000,1.0000
2017-03-29,26.0000,26.3200,26.0000,26.1200,22.3769,4164,0.0000,1.0000
2017-03-28,25.9100,26.1900,25.8400,26.1700,22.4197,7863,0.0000,1.0000
2017-03-27,26.1100,26.3600,25.9000,26.0000,22.2741,2751,0.0000,1.0000
2017-03-24,25.9123,26.2500,25.8700,26.0000,22.2741,6637,0.0000,1.0000
2017-03-23,25.9000,26.6400,25.8700,25.8700,22.1627,5289,0.0000,1.0000
2017-03-22,26.5200,26.6665,25.8500,25.8800,22.1713,17950,0.0000,1.0000
2017-03-21,26.9800,26.9800,26.4700,26.5000,22.7024,10301,0.0000,1.0000
2017-03-20,26.8200,27.1000,26.8200,26.9800,23.1137,8463,0.0000,1.0000
2017-03-17,26.0100,26.9900,26.0100,26.9800,23.1137,66103,0.0000,1.0000
2017-03-16,26.1001,26.4100,26.1001,26.2000,22.4454,7606,0.0000,1.0000
2017-03-15,26.6700,26.6700,26.1000,26.1300,22.3855,5415,0.0000,1.0000
2017-03-14,26.6500,26.6500,26.1000,26.1100,22.3683,7299,0.0000,1.0000
2017-03-13,26.0900,26.3500,26.0800,26.3500,22.5739,6290,0.0000,1.0000
2017-03-10,25.9800,26.3000,25.9000,26.0300,22.2998,6505,0.0000,1.0000
2017-03-09,26.0000,26.0500,25.9000,25.9200,22.2056,7682,0.0000,1.0000
2017-03-08,26.0300,26.4416,26.0000,26.0000,22.2741,6166,0.0000,1.0000
2017-03-07,26.2600,26.3000,26.0000,26.0100,22.2827,12339,0.0000,1.0000
2017-03-06,26.0811,26.3100,26.0000,26.1400,22.3940,4926,0.0000,1.0000
2017-03-03,25.8700,26.1400,25.8200,26.1400,22.3940,3676,0.0000,1.0000
2017-03-02,26.6100,26.6100,26.0000,26.1700,22.4197,3558,0.0000,1.0000
2017-03-01,26.4300,26.6800,26.0100,26.4100,22.6253,4690,0.0000,1.0000
2017-02-28,26.5350,26.8035,26.0000,26.0100,22.2827,11383,0.0000,1.0000
2017-02-27,26.8200,26.8500,26.2100,26.4100,22.6253,4868,0.0000,1.0000
2017-02-24,26.0064,26.5500,26.0064,26.5200,22.7196,4748,0.0000,1.0000
2017-02-23,26.4500,26.5800,26.3800,26.4200,22.6339,2773,0.0000,1.0000
2017-02-22,26.7800,26.9000,26.4000,26.6000,22.7881,5281,0.0000,1.0000
2017-02-21,26.8600,26.9500,26.4300,26.9500,23.0880,3688,0.0000,1.0000
2017-02-17,27.0400,27.0900,26.5000,26.9500,23.0880,11744,0.0000,1.0000
2017-02-16,26.4000,27.0900,26.4000,26.9200,23.0623,6803,0.0000,1.0000
2017-02-15,26.9500,27.0380,25.9300,26.7600,22.9252,4651,0.0000,1.0000
2017-02-14,26.8800,27.0900,26.5500,26.9300,23.0708,8575,0.0000,1.0000
2017-02-13,26.7400,26.9000,26.5400,26.8600,23.0109,4963,0.0000,1.0000
2017-02-10,26.7600,26.7900,25.5624,26.5000,22.7024,8437,0.0000,1.0000
2017-02-09,26.1569,26.6336,26.1200,26.5000,22.7024,4697,0.0000,1.0000
2017-02-08,26.8300,26.8300,25.9100,26.4000,22.6168,10461,0.0000,1.0000
2017-02-07,27.0900,27.0900,26.2281,26.8500,23.0023,7480,0.0000,1.0000
2017-02-06,26.0900,27.0900,26.0900,26.9700,23.1051,23613,0.0000,1.0000
2017-02-03,26.2244,26.2900,25.9300,26.2000,22.4454,7690,0.0000,1.0000
2017-02-02,26.6000,26.6000,25.8900,25.8900,22.1799,2794,0.0000,1.0000
2017-02-01,26.4455,26.4500,25.8401,26.2300,22.4711,5483,0.0000,1.0000
2017-01-31,26.7000,26.7500,25.6100,25.6700,21.9914,19504,0.0000,1.0000
2017-01-30,26.9500,26.9500,26.2201,26.3700,22.5911,6056,0.0000,1.0000
2017-01-27,27.3000,27.3000,25.7350,26.8800,23.0280,3301,0.0000,1.0000
2017-01-26,26.8400,27.0000,26.6284,26.9500,23.0880,7508,0.0000,1.0000
2017-01-25,26.4500,26.4900,25.9850,26.4300,22.6425,3702,0.0000,1.0000
2017-01-24,25.2000,26.0600,25.2000,26.0300,22.2998,6365,0.0000,1.0000
2017-01-23,25.1600,25.4900,25.0200,25.0200,21.4345,3802,0.0000,1.0000
2017-01-20,25.4000,26.1600,25.3400,25.3600,21.7258,8661,0.1350,1.0000
2017-01-19,26.4400,26.8102,26.0000,26.0100,22.1647,9684,0.0000,1.0000
2017-01-18,26.8400,27.0000,25.3650,26.2500,22.3692,10056,0.0000,1.0000
2017-01-17,25.1300,27.0500,25.1298,26.7600,22.8038,17127,0.0000,1.0000
2017-01-13,25.0529,27.0000,25.0235,26.8000,22.8379,9499,0.0000,1.0000
2017-01-12,26.4550,28.4300,25.6280,27.0900,23.0850,14891,0.0000,1.0000
2017-01-11,26.1050,28.1900,26.1050,27.5000,23.4344,21088,0.0000,1.0000
2017-01-10,27.3700,27.4800,26.0348,27.4700,23.4088,11335,0.0000,1.0000
2017-01-09,27.4200,27.5400,25.8948,27.4800,23.4173,7930,0.0000,1.0000
2017-01-06,27.2600,27.6700,26.6800,27.6400,23.5537,18066,0.0000,1.0000
2017-01-05,27.6400,27.7600,26.9300,27.1700,23.1532,19522,0.0000,1.0000
2017-01-04,27.9000,28.1350,27.3500,27.7800,23.6730,17048,0.0000,1.0000
2017-01-03,28.7200,28.8500,27.6900,27.8900,23.7667,13158,0.0000,1.0000
2016-12-30,28.6500,28.6500,28.1900,28.6000,24.3718,18136,0.0000,1.0000
2016-12-29,28.9100,29.0000,28.5500,28.6000,24.3718,18608,0.0000,1.0000
2016-12-28,28.4900,29.1600,28.4750,29.0400,24.7467,15746,0.0000,1.0000
2016-12-27,28.7200,28.7500,27.1011,28.7000,24.4570,44746,0.0000,1.0000
2016-12-23,28.7300,28.9400,28.4857,28.7400,24.4911,9568,0.0000,1.0000
2016-12-22,28.7550,29.1150,28.5200,28.6600,24.4229,17050,0.0000,1.0000
2016-12-21,28.7500,29.1800,28.7500,29.0100,24.7212,13804,0.0000,1.0000
2016-12-20,28.3200,29.3400,28.3200,29.1500,24.8405,18287,0.0000,1.0000
2016-12-19,28.3800,29.1200,28.2123,28.7000,24.4570,35600,0.0000,1.0000
2016-12-16,27.6600,28.3500,27.3601,28.3500,24.1587,227514,0.0000,1.0000
2016-12-15,27.0600,27.6850,27.0500,27.5300,23.4600,41464,0.0000,1.0000
2016-12-14,27.5000,27.6000,26.9200,27.0900,23.0850,38800,0.0000,1.0000
2016-12-13,27.8659,28.1850,27.2207,27.4700,23.4088,23813,0.0000,1.0000
2016-12-12,28.0200,28.3600,27.6100,28.2200,24.0479,29644,0.0000,1.0000
2016-12-09,28.4800,28.9800,27.9800,28.2400,24.0650,29918,0.0000,1.0000
2016-12-08,28.8400,29.2700,28.1000,28.3600,24.1672,44809,0.0000,1.0000
2016-12-07,27.5400,28.7400,26.7200,28.5100,24.2951,39149,0.0000,1.0000
2016-12-06,27.2100,27.7400,25.8150,27.6700,23.5793,46527,0.0000,1.0000
2016-12-05,23.5047,27.1500,23.4000,26.9600,22.9742,64651,0.0000,1.0000
2016-12-02,24.5400,24.5400,23.9600,24.1500,20.5797,3778,0.0000,1.0000
2016-12-01,24.2500,24.4400,23.9500,24.0200,20.4689,22530,0.0000,1.0000
2016-11-30,24.1500,24.3350,23.9750,24.0000,20.4518,7411,0.0000,1.0000
2016-11-29,23.7000,24.1500,23.1600,24.0100,20.4604,25323,0.0000,1.0000
2016-11-28,23.6300,23.8500,23.2000,23.7000,20.1962,8407,0.0000,1.0000
2016-11-25,23.4500,23.9900,23.0500,23.9300,20.3922,2179,0.0000,1.0000
2016-11-23,23.4200,23.8900,23.2600,23.7300,20.2217,5762,0.0000,1.0000
2016-11-22,22.5400,23.4500,21.5600,23.4200,19.9576,18725,0.0000,1.0000
2016-11-21,22.6400,22.9200,22.3100,22.8400,19.4633,8130,0.0000,1.0000
2016-11-18,22.1300,22.8150,21.9800,22.7000,19.3440,12126,0.0000,1.0000
2016-11-17,21.8700,22.0900,21.7000,22.0800,18.8157,4376,0.0000,1.0000
2016-11-16,21.1200,21.9200,21.1200,21.7800,18.5600,16731,0.0000,1.0000
2016-11-15,21.4400,21.5000,21.3500,21.5000,18.3214,6388,0.0000,1.0000
2016-11-14,21.4900,21.5000,21.3380,21.5000,18.3214,34277,0.0000,1.0000
2016-11-11,21.0000,21.4300,20.9054,21.4000,18.2362,43028,0.0000,1.0000
2016-11-10,20.6000,21.0000,20.6000,21.0000,17.8954,26137,0.0000,1.0000
2016-11-09,20.2300,20.4000,20.0911,20.4000,17.3841,34056,0.0000,1.0000
2016-11-08,20.1500,20.1500,19.9900,20.0300,17.0688,12111,0.0000,1.0000
2016-11-07,20.3000,20.3000,20.0500,20.1500,17.1710,16857,0.0000,1.0000
2016-11-04,20.3300,21.0100,20.1500,20.1600,17.1795,7596,0.0000,1.0000
2016-11-03,20.4100,20.4100,20.1500,20.2200,17.2307,4878,0.0000,1.0000
2016-11-02,20.9900,21.1000,20.3950,20.4300,17.4096,9090,0.0000,1.0000
2016-11-01,20.9500,21.1000,20.9000,20.9200,17.8272,9031,0.0000,1.0000
2016-10-31,21.0000,21.0400,20.9000,20.9000,17.8101,11127,0.0000,1.0000
2016-10-28,20.9000,21.0400,20.6300,21.0400,17.9294,4950,0.0000,1.0000
2016-10-27,21.1600,21.1600,20.7600,20.9400,17.8442,8386,0.0000,1.0000
2016-10-26,21.0870,21.1300,21.0700,21.1300,18.0061,2629,0.0000,1.0000
2016-10-25,21.0716,21.2400,21.0500,21.0900,17.9720,10700,0.0000,1.0000
2016-10-24,21.1500,21.1500,21.0400,21.1100,17.9891,12612,0.0000,1.0000
2016-10-21,20.5500,21.2299,20.5500,21.1600,18.0317,7223,1.0500,1.0500
2016-10-20,21.4601,21.6400,21.4601,21.6400,16.7323,2752,0.0000,1.0000
2016-10-19,21.4600,21.6300,21.4600,21.5400,16.6550,2184,0.0000,1.0000
2016-10-18,21.4400,21.5200,21.3500,21.5200,16.6395,3681,0.0000,1.0000
2016-10-17,21.2700,21.5170,21.2500,21.3800,16.5313,6136,0.0000,1.0000
2016-10-14,21.4100,21.4100,21.0797,21.2200,16.4076,7111,0.0000,1.0000
2016-10-13,21.3400,21.4300,21.3000,21.3200,16.4849,8400,0.0000,1.0000
2016-10-12,21.4500,21.6500,21.4000,21.4400,16.5777,32829,0.0000,1.0000
2016-10-11,21.6600,21.6900,21.4031,21.4800,16.6086,7122,0.0000,1.0000
2016-10-10,21.6600,21.7400,21.5000,21.7300,16.8019,9045,0.0000,1.0000
2016-10-07,21.4000,21.5800,21.4000,21.5800,16.6859,3158,0.0000,1.0000
2016-10-06,21.6400,21.7499,21.4400,21.6300,16.7246,2428,0.0000,1.0000
2016-10-05,21.4900,21.7500,21.4800,21.7300,16.8019,7465,0.0000,1.0000
2016-10-04,21.4600,21.5000,21.3100,21.4100,16.5545,6319,0.0000,1.0000
2016-10-03,21.8100,21.8100,21.4000,21.4600,16.5931,14960,0.0000,1.0000
2016-09-30,21.4600,21.9000,21.4000,21.8800,16.9179,20879,0.0000,1.0000
2016-09-29,21.4400,21.4900,21.3600,21.4000,16.5467,3914,0.0000,1.0000
2016-09-28,21.4600,21.5000,21.4000,21.4800,16.6086,6949,0.0000,1.0000
2016-09-27,21.4000,21.5500,21.4000,21.5000,16.6241,10044,0.0000,1.0000
2016-09-26,21.4200,21.4500,21.3700,21.3700,16.5235,8037,0.0000,1.0000
2016-09-23,21.4500,21.5800,21.3800,21.5100,16.6318,12213,0.0000,1.0000
2016-09-22,21.4300,21.5800,21.3500,21.5500,16.6627,11596,0.0000,1.0000
2016-09-21,21.4300,21.4900,21.2500,21.4500,16.5854,8396,0.0000,1.0000
2016-09-20,21.3000,21.3800,21.2300,21.3700,16.5235,5123,0.0000,1.0000
2016-09-19,21.0800,21.2900,21.0800,21.2700,16.4462,12614,0.0000,1.0000
2016-09-16,21.5000,21.5000,20.8000,20.8500,16.1215,54729,0.0000,1.0000
2016-09-15,21.1000,21.5500,21.1000,21.4700,16.6009,14300,0.0000,1.0000
2016-09-14,21.1900,21.4700,21.1000,21.2800,16.4540,15984,0.0000,1.0000
2016-09-13,21.1000,21.2000,21.1000,21.1300,16.3380,12743,0.0000,1.0000
2016-09-12,21.0300,21.2000,21.0000,21.2000,16.3921,18496,0.0000,1.0000
2016-09-09,21.2300,21.2400,21.1000,21.1300,16.3380,21522,0.0000,1.0000
2016-09-08,21.1800,21.2400,21.0900,21.1400,16.3457,31543,0.0000,1.0000
2016-09-07,21.2000,21.2500,21.1800,21.2300,16.4153,12331,0.0000,1.0000
2016-09-06,21.0600,21.3300,20.8600,21.1800,16.3766,12039,0.0000,1.0000
2016-09-02,20.9000,20.9900,20.8200,20.9800,16.2220,12436,0.0000,1.0000
2016-09-01,20.8900,20.9000,20.7500,20.9000,16.1601,11833,0.0000,1.0000
2016-08-31,20.7000,20.9000,20.7000,20.8100,16.0905,5163,0.0000,1.0000
2016-08-30,20.8700,20.9000,20.8400,20.8400,16.1137,6169,0.0000,1.0000
2016-08-29,20.8900,20.8900,20.8000,20.8300,16.1060,5553,0.0000,1.0000
2016-08-26,20.8600,20.8900,20.6410,20.8800,16.1447,2458,0.0000,1.0000
2016-08-25,21.2000,21.2500,20.6600,20.8000,16.0828,6520,0.0000,1.0000
2016-08-24,21.4000,21.4000,20.0174,21.2000,16.3921,13015,0.0000,1.0000
2016-08-23,21.2700,21.4900,21.2550,21.3900,16.5390,6844,0.0000,1.0000
2016-08-22,21.2500,21.3400,21.2100,21.2500,16.4308,4509,0.0000,1.0000
2016-08-19,21.1700,21.3500,21.0800,21.2800,16.4540,20686,0.0000,1.0000
2016-08-18,21.2500,21.2500,20.8300,21.1900,16.3844,6996,0.0000,1.0000
2016-08-17,20.9984,21.3000,20.8800,21.2900,16.4617,3526,0.0000,1.0000
2016-08-16,21.2500,21.4500,20.7500,21.2100,16.3998,10999,0.0000,1.0000
2016-08-15,21.3100,21.4900,20.9701,21.3700,16.5235,7475,0.0000,1.0000
2016-08-12,21.1100,21.3500,20.9400,21.3100,16.4772,11308,0.0000,1.0000
2016-08-11,21.0500,21.2400,21.0500,21.1700,16.3689,4897,0.0000,1.0000
2016-08-10,21.2800,21.2800,20.7601,20.9500,16.1988,2980,0.0000,1.0000
2016-08-09,20.9200,21.2300,20.8100,21.2200,16.4076,4590,0.0000,1.0000
2016-08-08,20.9500,20.9500,20.5200,20.8700,16.1369,2445,0.0000,1.0000
2016-08-05,20.5401,20.8300,20.5400,20.8300,16.1060,7351,0.0000,1.0000
2016-08-04,20.6500,20.9970,20.5100,20.6100,15.9359,4059,0.0000,1.0000
2016-08-03,20.3900,20.7700,20.3700,20.5900,15.9204,5746,0.0000,1.0000
2016-08-02,20.5500,20.8900,20.5000,20.5300,15.8740,6431,0.0000,1.0000
2016-08-01,21.0200,21.2750,20.6200,20.6400,15.9591,10303,0.0000,1.0000
2016-07-29,21.3500,21.4300,20.7900,21.2100,16.3998,14036,0.0000,1.0000
2016-07-28,21.0501,21.4000,21.0501,21.3800,16.5313,12934,0.0000,1.0000
2016-07-27,21.5000,21.5000,20.5900,21.3000,16.4694,12779,0.0000,1.0000
2016-07-26,20.9000,21.6300,20.9000,21.4900,16.6163,18916,0.0000,1.0000
2016-07-25,21.3300,21.4599,19.9510,21.0500,16.2761,12812,0.0000,1.0000
2016-07-22,21.3800,21.5500,20.9100,21.3500,16.5081,5639,0.1300,1.0000
2016-07-21,21.3600,21.5000,21.2300,21.4700,16.5004,13907,0.0000,1.0000
2016-07-20,21.5300,21.5300,19.9600,21.1700,16.2698,22042,0.0000,1.0000
2016-07-19,21.6400,21.6400,21.4600,21.5100,16.5311,34716,0.0000,1.0000
2016-07-18,21.5600,21.6000,21.3550,21.5100,16.5311,14159,0.0000,1.0000
2016-07-15,21.8000,21.8000,21.2500,21.6000,16.6003,28059,0.0000,1.0000
2016-07-14,21.4700,21.7200,21.0200,21.6500,16.6387,13107,0.0000,1.0000
2016-07-13,21.2400,21.5000,20.8700,21.3700,16.4235,11899,0.0000,1.0000
2016-07-12,20.9900,21.5400,20.7800,21.2300,16.3160,24084,0.0000,1.0000
2016-07-11,21.0000,21.0000,20.5012,20.9900,16.1315,22329,0.0000,1.0000
2016-07-08,20.5100,20.9000,20.3900,20.9000,16.0623,24637,0.0000,1.0000
2016-07-07,20.6700,20.7499,20.3000,20.3700,15.6550,20879,0.0000,1.0000
2016-07-06,20.1200,20.8200,20.1200,20.7000,15.9086,16762,0.0000,1.0000
2016-07-05,20.2600,20.4300,20.1600,20.2300,15.5474,20838,0.0000,1.0000
2016-07-01,20.3000,20.5100,20.2600,20.3700,15.6550,8433,0.0000,1.0000
2016-06-30,20.1900,20.4200,20.0627,20.3700,15.6550,23356,0.0000,1.0000
2016-06-29,20.1200,20.4099,20.0500,20.2000,15.5244,17306,0.0000,1.0000
2016-06-28,20.0500,20.1600,19.7600,20.0100,15.3783,44243,0.0000,1.0000
2016-06-27,19.8500,20.4600,19.8300,19.9000,15.2938,40126,0.0000,1.0000
2016-06-24,20.7500,21.0000,20.0000,20.0400,15.4014,729272,0.0000,1.0000
2016-06-23,20.8600,21.5500,20.6000,21.4300,16.4697,57181,0.0000,1.0000
2016-06-22,20.7500,20.8700,20.3200,20.8600,16.0316,24000,0.0000,1.0000
2016-06-21,20.1863,20.4900,20.0000,20.4400,15.7088,22820,0.0000,1.0000
2016-06-20,20.0400,20.3500,19.9100,20.0000,15.3707,17757,0.0000,1.0000
2016-06-17,20.2000,20.2000,19.8605,19.8700,15.2707,27865,0.0000,1.0000
2016-06-16,20.1400,20.3000,19.8600,20.1700,15.5013,60373,0.0000,1.0000
2016-06-15,20.1400,20.4300,19.9600,20.2600,15.5705,13955,0.0000,1.0000
2016-06-14,20.1900,20.4700,20.0100,20.0700,15.4245,9990,0.0000,1.0000
2016-06-13,20.1500,20.6500,20.0200,20.1100,15.4552,37620,0.0000,1.0000
2016-06-10,20.4300,20.6400,20.1700,20.2150,15.5359,19848,0.0000,1.0000
2016-06-09,20.5400,20.6600,20.3400,20.5100,15.7626,8529,0.0000,1.0000
2016-06-08,20.6700,20.7500,20.5100,20.6500,15.8702,28561,0.0000,1.0000
2016-06-07,20.7100,20.7100,20.5100,20.5450,15.7895,19357,0.0000,1.0000
2016-06-06,20.6000,20.6800,20.6000,20.6200,15.8471,22694,0.0000,1.0000
2016-06-03,20.7890,20.7890,20.6000,20.6100,15.8395,21961,0.0000,1.0000
2016-06-02,21.1000,21.2100,20.8000,20.9000,16.0623,13240,0.0000,1.0000
2016-06-01,21.4000,21.4599,21.0800,21.1200,16.2314,9486,0.0000,1.0000
2016-05-31,21.7300,21.7300,21.1901,21.4100,16.4543,18878,0.0000,1.0000
2016-05-27,21.6300,21.7089,21.4000,21.7000,16.6772,6776,0.0000,1.0000
2016-05-26,21.7500,21.7600,21.6000,21.6500,16.6387,6531,0.0000,1.0000
2016-05-25,21.6500,21.7700,21.5100,21.7200,16.6925,14687,0.0000,1.0000
2016-05-24,21.4650,21.7000,21.4650,21.6800,16.6618,7361,0.0000,1.0000
2016-05-23,21.6000,21.6300,21.3700,21.5900,16.5926,24481,0.0000,1.0000
2016-05-20,21.4900,21.6500,21.3200,21.5900,16.5926,11405,0.0000,1.0000
2016-05-19,21.3000,21.5000,21.2100,21.5000,16.5235,18687,0.0000,1.0000
2016-05-18,21.0150,21.4900,21.0000,21.4600,16.4927,44451,0.0000,1.0000
2016-05-17,21.3800,21.4000,21.0500,21.0500,16.1776,19356,0.0000,1.0000
2016-05-16,21.2300,21.5500,21.1200,21.5000,16.5235,29191,0.0000,1.0000
2016-05-13,21.0700,21.5000,21.0500,21.1300,16.2391,16505,0.0000,1.0000
2016-05-12,21.3800,21.4900,21.2100,21.2100,16.3006,5183,0.0000,1.0000
2016-05-11,21.6900,21.8000,21.2700,21.5000,16.5235,11538,0.0000,1.0000
2016-05-10,21.8200,21.8200,21.3700,21.7000,16.6772,30203,0.0000,1.0000
2016-05-09,21.4600,21.8200,21.2450,21.7500,16.7156,23814,0.0000,1.0000
2016-05-06,21.3800,21.6800,21.2500,21.6000,16.6003,19325,0.0000,1.0000
2016-05-05,21.5000,21.5000,21.2100,21.5000,16.5235,11274,0.0000,1.0000
2016-05-04,21.3700,21.5000,20.9200,21.4300,16.4697,18432,0.0000,1.0000
2016-05-03,21.4300,21.8300,21.3000,21.5000,16.5235,10860,0.0000,1.0000
2016-05-02,21.0000,21.5700,20.9201,21.4600,16.4927,13612,0.0000,1.0000
2016-04-29,20.8700,20.9800,20.8400,20.9400,16.0931,7977,0.0000,1.0000
2016-04-28,20.9050,20.9700,20.8500,20.8600,16.0316,13004,0.0000,1.0000
2016-04-27,20.8700,20.9800,20.8250,20.9400,16.0931,11751,0.0000,1.0000
2016-04-26,20.8900,21.0000,20.7400,20.9900,16.1315,16625,0.0000,1.0000
2016-04-25,20.6600,21.0000,20.5640,20.9900,16.1315,14472,0.0000,1.0000
2016-04-22,20.5200,20.7380,20.5200,20.6100,15.8395,37826,0.1300,1.0000
2016-04-21,20.3350,20.7200,20.3200,20.6700,15.7860,12307,0.0000,1.0000
2016-04-20,20.4000,20.5400,20.3100,20.4700,15.6333,39066,0.0000,1.0000
2016-04-19,20.4800,20.5500,20.4100,20.5300,15.6791,1797,0.0000,1.0000
2016-04-18,20.4800,20.5500,20.4000,20.4100,15.5874,5335,0.0000,1.0000
2016-04-15,20.4800,20.6095,20.3300,20.4500,15.6180,7115,0.0000,1.0000
2016-04-14,20.8100,20.9800,20.1800,20.5600,15.7020,25650,0.0000,1.0000
2016-04-13,20.4100,20.6800,20.3700,20.6800,15.7936,11805,0.0000,1.0000
2016-04-12,20.0800,20.5000,20.0500,20.5000,15.6562,14107,0.0000,1.0000
2016-04-11,20.0000,20.2300,19.7900,20.1900,15.4194,9922,0.0000,1.0000
2016-04-08,20.0200,20.1000,20.0000,20.0500,15.3125,7364,0.0000,1.0000
2016-04-07,20.1100,20.2450,19.8700,19.9800,15.2590,19969,0.0000,1.0000
2016-04-06,20.4300,20.4300,20.1000,20.1600,15.3965,15088,0.0000,1.0000
2016-04-05,20.2600,20.5000,20.2600,20.4600,15.6256,7018,0.0000,1.0000
2016-04-04,20.3900,20.5000,20.2040,20.4200,15.5951,7506,0.0000,1.0000
2016-04-01,20.2100,20.4000,20.0100,20.2200,15.4423,16658,0.0000,1.0000
2016-03-31,20.3600,20.4800,20.2100,20.2200,15.4423,20366,0.0000,1.0000
2016-03-30,20.1650,20.5400,20.1500,20.2600,15.4729,16210,0.0000,1.0000
2016-03-29,20.1100,20.4600,20.1000,20.2300,15.4500,10146,0.0000,1.0000
2016-03-28,20.6500,20.6500,20.0000,20.2400,15.4576,18755,0.0000,1.0000
2016-03-24,20.5200,20.7000,20.3001,20.7000,15.8089,10864,0.0000,1.0000
2016-03-23,20.4100,20.6100,20.2500,20.6000,15.7325,10280,0.0000,1.0000
2016-03-22,20.0300,20.5000,20.0300,20.4300,15.6027,12836,0.0000,1.0000
2016-03-21,20.0740,20.1000,20.0500,20.0600,15.3201,3774,0.0000,1.0000
2016-03-18,19.8100,20.3400,19.8100,20.0400,15.3049,8604,0.0000,1.0000
2016-03-17,20.1700,20.2200,19.9000,20.0300,15.2972,8962,0.0000,1.0000
2016-03-16,20.2200,20.6100,20.0000,20.2000,15.4271,12507,0.0000,1.0000
2016-03-15,20.4200,20.6300,20.1019,20.1300,15.3736,6712,0.0000,1.0000
2016-03-14,20.4500,20.7000,20.1000,20.3000,15.5034,8769,0.0000,1.0000
2016-03-11,20.3800,20.6100,20.3500,20.4000,15.5798,9573,0.0000,1.0000
2016-03-10,20.3400,20.4500,20.1600,20.2900,15.4958,19858,0.0000,1.0000
2016-03-09,19.9500,20.5000,19.9500,20.2200,15.4423,9631,0.0000,1.0000
2016-03-08,20.5700,20.5700,19.8800,19.9300,15.2209,10826,0.0000,1.0000
2016-03-07,20.1100,20.3295,20.1100,20.2000,15.4271,6129,0.0000,1.0000
2016-03-04,20.2000,20.4600,19.7100,20.0200,15.2896,26790,0.0000,1.0000
2016-03-03,20.1000,20.6400,20.0500,20.1100,15.3583,22929,0.0000,1.0000
2016-03-02,20.1000,20.3000,20.0600,20.1000,15.3507,28892,0.0000,1.0000
2016-03-01,20.1000,20.1450,20.0640,20.1000,15.3507,19724,0.0000,1.0000
2016-02-29,20.1000,20.1900,20.0100,20.0200,15.2896,8908,0.0000,1.0000
2016-02-26,20.1000,20.1200,20.0400,20.1000,15.3507,8462,0.0000,1.0000
2016-02-25,20.1000,20.1500,19.9500,20.1000,15.3507,23651,0.0000,1.0000
2016-02-24,20.0000,20.3150,19.9600,20.1000,15.3507,15943,0.0000,1.0000
2016-02-23,20.0600,20.1400,19.9000,20.0600,15.3201,8949,0.0000,1.0000
2016-02-22,20.0600,20.4300,20.0000,20.1200,15.3660,18019,0.0000,1.0000
2016-02-19,20.0000,20.2400,19.9500,19.9900,15.2667,7350,0.0000,1.0000
2016-02-18,20.0600,20.0600,19.8101,20.0200,15.2896,16014,0.0000,1.0000
2016-02-17,20.0900,20.3400,20.0000,20.0800,15.3354,24294,0.0000,1.0000
2016-02-16,20.0000,20.3600,19.9255,20.0600,15.3201,10774,0.0000,1.0000
2016-02-12,19.9900,19.9900,19.7600,19.9000,15.1979,2664,0.0000,1.0000
2016-02-11,19.9650,20.0000,19.6540,19.8500,15.1598,7867,0.0000,1.0000
2016-02-10,20.2300,20.2300,20.0000,20.0200,15.2896,12718,0.0000,1.0000
2016-02-09,20.0300,20.1000,19.8100,20.0600,15.3201,13378,0.0000,1.0000
2016-02-08,20.0000,20.3000,19.9500,20.2200,15.4423,10794,0.0000,1.0000
2016-02-05,20.0800,20.5500,20.0800,20.2550,15.4691,2612,0.0000,1.0000
2016-02-04,20.1100,20.4500,20.0100,20.1800,15.4118,13862,0.0000,1.0000
2016-02-03,20.4500,20.4500,20.1000,20.2300,15.4500,5010,0.0000,1.0000
2016-02-02,20.2900,20.6700,20.1710,20.3500,15.5416,6684,0.0000,1.0000
2016-02-01,20.2977,20.5000,20.2977,20.4900,15.6485,1964,0.0000,1.0000
2016-01-29,20.6600,20.7000,20.4300,20.4300,15.6027,16112,0.0000,1.0000
2016-01-28,20.4400,20.6700,20.2500,20.6000,15.7325,17064,0.0000,1.0000
2016-01-27,20.3600,20.6900,20.1300,20.4000,15.5798,15381,0.0000,1.0000
2016-01-26,20.3500,20.6800,20.1100,20.4400,15.6103,26990,0.0000,1.0000
2016-01-25,20.7000,20.7000,20.2500,20.4200,15.5951,8651,0.0000,1.0000
2016-01-22,20.2300,20.4500,20.1000,20.3500,15.5416,22691,0.1300,1.0000
2016-01-21,20.1500,20.4700,20.0100,20.1400,15.2836,36321,0.0000,1.0000
2016-01-20,20.2600,20.3250,20.0100,20.2600,15.3747,41431,0.0000,1.0000
2016-01-19,20.2300,20.7000,20.1000,20.4900,15.5492,35732,0.0000,1.0000
2016-01-15,20.0500,20.5900,19.9900,20.2700,15.3822,20830,0.0000,1.0000
2016-01-14,20.3000,20.3998,20.0540,20.2400,15.3595,2859,0.0000,1.0000
2016-01-13,20.7200,20.7200,20.2900,20.3500,15.4430,5304,0.0000,1.0000
2016-01-12,20.8800,20.8800,20.3700,20.6950,15.7048,9711,0.0000,1.0000
2016-01-11,20.6100,20.8500,20.5600,20.6900,15.7010,3623,0.0000,1.0000
2016-01-08,20.7600,20.8000,20.2603,20.4200,15.4961,6728,0.0000,1.0000
2016-01-07,20.5800,20.8900,20.5800,20.7600,15.7541,2684,0.0000,1.0000
2016-01-06,20.6800,20.8900,20.5000,20.8900,15.8527,1237,0.0000,1.0000
2016-01-05,20.8000,20.9000,20.5500,20.8800,15.8452,7751,0.0000,1.0000
2016-01-04,20.0800,21.0000,20.0800,20.8600,15.8300,26186,0.0000,1.0000
2015-12-31,20.7400,20.7700,20.1000,20.3400,15.4354,39153,0.0000,1.0000
2015-12-30,20.3000,21.0000,20.2700,20.6800,15.6934,23996,0.0000,1.0000
2015-12-29,20.1000,20.3400,20.1000,20.2500,15.3671,6618,0.0000,1.0000
2015-12-28,20.2000,20.4900,20.0000,20.0000,15.1774,8969,0.0000,1.0000
2015-12-24,20.1900,20.2500,20.1900,20.2000,15.3291,2768,0.0000,1.0000
2015-12-23,20.2000,20.2000,20.2000,20.2000,15.3291,206,0.0000,1.0000
2015-12-22,20.2500,20.2500,20.0000,20.0000,15.1774,2228,0.0000,1.0000
2015-12-21,20.1400,20.3600,19.9587,20.2000,15.3291,38004,0.0000,1.0000
2015-12-18,20.0200,20.1400,19.9500,20.1400,15.2836,29641,0.0000,1.0000
2015-12-17,20.1000,20.1000,20.0000,20.0630,15.2252,11357,0.0000,1.0000
2015-12-16,20.1400,20.1400,20.0000,20.0000,15.1774,10578,0.0000,1.0000
2015-12-15,19.9025,20.1400,19.9008,20.1400,15.2836,20215,0.0000,1.0000
2015-12-14,20.0500,20.0500,19.9000,20.0000,15.1774,17273,0.0000,1.0000
2015-12-11,20.0000,20.1416,19.8700,20.0100,15.1849,27184,0.0000,1.0000
2015-12-10,19.7500,20.0000,19.7500,20.0000,15.1774,151746,0.0000,1.0000
2015-12-09,20.0099,20.0099,19.5000,19.7500,14.9876,15016,0.0000,1.0000
2015-12-08,19.8700,20.4200,19.8700,20.0400,15.2077,1392,0.0000,1.0000
2015-12-07,20.5000,20.5100,19.6500,20.3283,15.4265,2973,0.0000,1.0000
2015-12-04,20.9999,20.9999,20.9200,20.9800,15.9210,1587,0.0000,1.0000
2015-12-03,20.8001,20.8001,20.8001,20.8001,15.7845,345,0.0000,1.0000
2015-12-02,21.0400,21.0400,21.0400,21.0400,15.9666,0,0.0000,1.0000
2015-12-01,21.0400,21.0400,21.0400,21.0400,15.9666,0,0.0000,1.0000
2015-11-30,21.0900,21.0900,20.6000,21.0400,15.9666,2827,0.0000,1.0000
2015-11-27,20.8500,20.8500,20.8500,20.8500,15.8224,0,0.0000,1.0000
2015-11-25,20.8600,20.8600,20.8500,20.8500,15.8224,408,0.0000,1.0000
2015-11-24,20.8501,20.8501,20.8500,20.8500,15.8224,486,0.0000,1.0000
2015-11-23,20.8000,20.8000,20.8000,20.8000,15.7844,118,0.0000,1.0000
2015-11-20,20.8500,20.8540,20.8500,20.8500,15.8224,560,0.0000,1.0000
2015-11-19,20.6000,20.8680,20.5000,20.8500,15.8224,3773,0.0000,1.0000
2015-11-18,20.9700,20.9700,20.8700,20.8700,15.8376,656,0.0000,1.0000
2015-11-17,20.8500,20.8900,20.8500,20.8900,15.8527,1039,0.0000,1.0000
2015-11-16,20.8700,20.9500,20.8300,20.9400,15.8907,3861,0.0000,1.0000
2015-11-13,20.8600,21.0400,20.8500,20.8500,15.8224,2362,0.0000,1.0000
2015-11-12,20.9000,21.0500,20.8400,20.8400,15.8148,4562,0.0000,1.0000
2015-11-11,20.8500,20.9900,20.5001,20.9799,15.9210,2642,0.0000,1.0000
2015-11-10,21.1000,21.1000,20.5010,21.0200,15.9514,2344,0.0000,1.0000
2015-11-09,20.8800,20.8800,20.8500,20.8500,15.8224,685,0.0000,1.0000
2015-11-06,20.9500,20.9500,20.9500,20.9500,15.8983,0,0.0000,1.0000
2015-11-05,20.9700,20.9700,20.9500,20.9500,15.8983,965,0.0000,1.0000
2015-11-04,20.8600,20.9800,20.8500,20.9800,15.9210,1760,0.0000,1.0000
2015-11-03,21.0800,21.0989,21.0420,21.0480,15.9726,2448,0.0000,1.0000
2015-11-02,20.6300,21.0000,20.6100,20.8600,15.8300,2600,0.0000,1.0000
2015-10-30,20.9999,21.0000,20.5965,20.6100,15.6403,2994,0.0000,1.0000
2015-10-29,21.0600,21.0600,20.9500,20.9500,15.8983,448,0.0000,1.0000
2015-10-28,20.7900,20.8400,20.7900,20.8400,15.8148,938,0.0000,1.0000
2015-10-27,20.5700,20.8700,20.5700,20.8400,15.8148,1721,0.0000,1.0000
2015-10-26,20.9900,20.9900,20.9900,20.9900,15.9286,215,0.0000,1.0000
2015-10-23,20.8500,20.9900,20.8500,20.9900,15.9286,1946,0.1300,1.0500
2015-10-22,20.7915,21.1499,20.7915,21.1499,15.1916,405,0.0000,1.0000
2015-10-21,20.7500,21.1500,20.6200,21.1500,15.1917,1354,0.0000,1.0000
2015-10-20,20.7500,20.7500,20.5950,20.6809,14.8547,2350,0.0000,1.0000
2015-10-19,20.7399,20.7499,20.7399,20.7499,14.9043,1231,0.0000,1.0000
2015-10-16,20.7200,20.7310,20.7200,20.7310,14.8907,550,0.0000,1.0000
2015-10-15,20.3700,20.7400,20.3700,20.7200,14.8828,2575,0.0000,1.0000
2015-10-14,20.3799,20.3800,20.3408,20.3800,14.6386,1935,0.0000,1.0000
2015-10-13,20.3800,20.3800,20.3800,20.3800,14.6386,10,0.0000,1.0000
2015-10-12,20.2500,20.2500,20.2500,20.2500,14.5452,687,0.0000,1.0000
2015-10-09,20.3400,20.3400,20.3400,20.3400,14.6099,179,0.0000,1.0000
2015-10-08,20.2800,20.3575,20.2600,20.3400,14.6099,6619,0.0000,1.0000
2015-10-07,20.3800,20.3800,20.2500,20.2500,14.5452,2542,0.0000,1.0000
2015-10-06,20.2999,20.2999,20.2999,20.2999,14.5811,116,0.0000,1.0000
2015-10-05,20.2500,20.4000,20.2500,20.2999,14.5811,5976,0.0000,1.0000
2015-10-02,20.2500,20.2500,20.2500,20.2500,14.5452,2001,0.0000,1.0000
2015-10-01,20.2800,20.2800,20.2500,20.2500,14.5452,998,0.0000,1.0000
2015-09-30,20.4500,20.4500,20.3100,20.3100,14.5883,563,0.0000,1.0000
2015-09-29,20.2795,20.7500,20.2795,20.4700,14.7032,725,0.0000,1.0000
2015-09-28,20.3500,20.3500,20.1500,20.2500,14.5452,8657,0.0000,1.0000
2015-09-25,20.4999,20.4999,20.2500,20.2500,14.5452,1462,0.0000,1.0000
2015-09-24,20.3800,20.4600,20.2500,20.4600,14.6961,2672,0.0000,1.0000
2015-09-23,20.5000,20.5500,20.2500,20.4900,14.7176,5294,0.0000,1.0000
2015-09-22,20.4900,20.4900,20.4900,20.4900,14.7176,509,0.0000,1.0000
2015-09-21,20.5500,20.5500,20.5500,20.5500,14.7607,662,0.0000,1.0000
2015-09-18,20.4900,20.6700,20.4900,20.4900,14.7176,1537,0.0000,1.0000
2015-09-17,20.5400,20.5400,20.4900,20.4900,14.7176,824,0.0000,1.0000
2015-09-16,20.4900,20.5100,20.4900,20.5100,14.7320,3651,0.0000,1.0000
2015-09-15,20.2500,21.0600,19.9500,20.5200,14.7392,5071,0.0000,1.0000
2015-09-14,20.2500,20.2500,20.2500,20.2500,14.5452,1093,0.0000,1.0000
2015-09-11,20.2501,20.6999,20.2501,20.6999,14.8684,513,0.0000,1.0000
2015-09-10,20.2500,20.2500,20.2500,20.2500,14.5452,195,0.0000,1.0000
2015-09-09,20.3000,20.4999,20.2500,20.2600,14.5524,2541,0.0000,1.0000
2015-09-08,20.8300,20.8300,20.8300,20.8300,14.9618,100,0.0000,1.0000
2015-09-04,20.4001,20.4001,20.4001,20.4001,14.6530,615,0.0000,1.0000
2015-09-03,20.5030,20.7700,20.5000,20.5400,14.7535,1762,0.0000,1.0000
2015-09-02,20.5270,20.5300,20.5270,20.5300,14.7463,458,0.0000,1.0000
2015-09-01,20.7500,21.1000,20.5000,20.6600,14.8397,2491,0.0000,1.0000
2015-08-31,21.2000,21.2000,20.7000,21.0550,15.1234,594,0.0000,1.0000
2015-08-28,20.3000,20.5500,20.3000,20.3200,14.5955,775,0.0000,1.0000
2015-08-27,20.4000,20.5600,20.2000,20.3525,14.6188,1103,0.0000,1.0000
2015-08-26,20.2500,20.7500,20.2500,20.7000,14.8684,1124,0.0000,1.0000
2015-08-25,20.7000,20.8700,20.2500,20.2500,14.5452,4839,0.0000,1.0000
2015-08-24,20.4500,21.5000,20.4500,20.5600,14.7679,18465,0.0000,1.0000
2015-08-21,20.5500,20.7100,20.5500,20.7100,14.8756,7566,0.0000,1.0000
2015-08-20,20.5500,20.5500,20.5500,20.5500,14.7607,112,0.0000,1.0000
2015-08-19,20.5500,20.5529,20.5500,20.5500,14.7607,3919,0.0000,1.0000
2015-08-18,20.6000,20.7900,20.6000,20.7900,14.9331,1148,0.0000,1.0000
2015-08-17,20.5500,20.5500,20.5500,20.5500,14.7607,356,0.0000,1.0000
2015-08-14,20.5500,20.5800,20.5500,20.5500,14.7607,1132,0.0000,1.0000
2015-08-13,20.5500,20.7000,20.5500,20.6800,14.8541,5295,0.0000,1.0000
2015-08-12,20.7400,20.7400,20.4600,20.4600,14.6961,4115,0.0000,1.0000
2015-08-11,20.7500,20.7500,20.5500,20.7000,14.8684,1196,0.0000,1.0000
2015-08-10,20.6700,20.7999,20.1500,20.3000,14.5811,5803,0.0000,1.0000
2015-08-07,20.8160,21.2200,20.5600,20.9200,15.0265,2749,0.0000,1.0000
2015-08-06,21.7399,21.7399,20.6400,20.9199,15.0264,1499,0.0000,1.0000
2015-08-05,21.6220,21.6220,21.3600,21.5700,15.4934,784,0.0000,1.0000
2015-08-04,20.5500,22.0000,20.5000,22.0000,15.8022,1754,0.0000,1.0000
2015-08-03,21.8925,21.8925,20.5100,20.6400,14.8254,1224,0.0000,1.0000
2015-07-31,20.4600,20.9400,20.4300,20.6700,14.8469,2108,0.0000,1.0000
2015-07-30,20.3600,20.4300,20.3600,20.4300,14.6745,402,0.0000,1.0000
2015-07-29,20.3600,20.3600,20.3600,20.3600,14.6242,0,0.0000,1.0000
2015-07-28,20.2100,20.3600,19.6700,20.3600,14.6242,4614,0.0000,1.0000
2015-07-27,20.2500,21.2500,20.1500,20.2500,14.5452,13428,0.0000,1.0000
2015-07-24,20.2100,20.2100,20.2100,20.2100,14.5165,246,0.1300,1.0000
2015-07-23,20.3510,20.5000,20.0000,20.1200,14.3595,12364,0.0000,1.0000
2015-07-22,20.2600,20.4000,20.1001,20.2700,14.4665,5241,0.0000,1.0000
2015-07-21,19.9600,19.9600,19.9600,19.9600,14.2453,0,0.0000,1.0000
2015-07-20,20.4000,20.7200,19.8000,19.9600,14.2453,6859,0.0000,1.0000
2015-07-17,20.0300,20.2600,19.7800,20.2600,14.4594,9930,0.0000,1.0000
2015-07-16,20.4200,20.4200,20.0000,20.0000,14.2738,14773,0.0000,1.0000
2015-07-15,20.3200,20.3200,20.3200,20.3200,14.5022,146,0.0000,1.0000
2015-07-14,20.4500,20.5000,20.3200,20.3200,14.5022,4330,0.0000,1.0000
2015-07-13,20.3500,20.5800,20.2500,20.3800,14.5450,6579,0.0000,1.0000
2015-07-10,20.4000,20.4000,20.2500,20.2500,14.4523,2140,0.0000,1.0000
2015-07-09,20.4000,20.7330,20.3100,20.3100,14.4951,7866,0.0000,1.0000
2015-07-08,20.2500,20.4000,20.2500,20.3250,14.5058,4569,0.0000,1.0000
2015-07-07,20.4900,20.5500,20.2750,20.3500,14.5236,1499,0.0000,1.0000
2015-07-06,20.3000,20.4700,20.2501,20.4700,14.6093,1502,0.0000,1.0000
2015-07-02,20.3000,20.3000,20.3000,20.3000,14.4879,362,0.0000,1.0000
2015-07-01,20.2300,20.2300,20.2300,20.2300,14.4380,212,0.0000,1.0000
2015-06-30,20.5600,20.5600,20.0110,20.2300,14.4380,2813,0.0000,1.0000
2015-06-29,20.7300,20.7500,20.1500,20.1501,14.3810,8046,0.0000,1.0000
2015-06-26,20.5100,20.6700,20.5000,20.6700,14.7520,1293,0.0000,1.0000
2015-06-25,20.6000,20.6200,20.5100,20.5100,14.6378,1050,0.0000,1.0000
2015-06-24,20.7400,20.7400,20.7400,20.7400,14.8020,0,0.0000,1.0000
2015-06-23,20.5000,21.1800,20.5000,20.7400,14.8020,18944,0.0000,1.0000
2015-06-22,20.7100,20.9700,20.7100,20.9700,14.9661,375,0.0000,1.0000
2015-06-19,21.0499,21.0500,20.7400,20.7400,14.8020,1040,0.0000,1.0000
2015-06-18,21.1000,21.1000,21.1000,21.1000,15.0589,612,0.0000,1.0000
2015-06-17,20.8500,21.0999,20.8500,21.0999,15.0588,6325,0.0000,1.0000
2015-06-16,20.7450,21.0000,20.7400,20.8200,14.8591,3444,0.0000,1.0000
2015-06-15,20.7600,21.2500,20.7600,21.0800,15.0446,1523,0.0000,1.0000
2015-06-12,20.9800,20.9800,20.9800,20.9800,14.9733,184,0.0000,1.0000
2015-06-11,21.6500,21.6500,20.9800,20.9800,14.9733,1850,0.0000,1.0000
2015-06-10,21.3500,21.5300,21.3000,21.5300,15.3658,4787,0.0000,1.0000
2015-06-09,20.6600,21.1430,20.6500,20.6800,14.7591,4224,0.0000,1.0000
2015-06-08,20.5932,20.5932,20.5932,20.5932,14.6972,43,0.0000,1.0000
2015-06-05,20.5600,20.5932,20.5500,20.5932,14.6972,1139,0.0000,1.0000
2015-06-04,20.7100,20.7100,20.7000,20.7000,14.7734,592,0.0000,1.0000
2015-06-03,20.7300,20.7800,20.6200,20.6500,14.7377,2524,0.0000,1.0000
2015-06-02,21.2500,21.2500,21.2500,21.2500,15.1660,8,0.0000,1.0000
2015-06-01,21.2500,21.2500,21.2500,21.2500,15.1660,0,0.0000,1.0000
2015-05-29,20.7000,21.2500,20.7000,21.2500,15.1660,605,0.0000,1.0000
2015-05-28,20.9900,21.1100,20.6000,20.6000,14.7021,7699,0.0000,1.0000
2015-05-27,21.4899,21.4899,21.1200,21.1200,15.0732,1280,0.0000,1.0000
2015-05-26,21.0700,21.1986,21.0500,21.1986,15.1293,703,0.0000,1.0000
2015-05-22,21.3000,21.4600,21.1800,21.4600,15.3158,507,0.0000,1.0000
2015-05-21,21.3000,21.4400,21.3000,21.4400,15.3016,503,0.0000,1.0000
2015-05-20,21.2100,21.2500,21.2000,21.2500,15.1660,3200,0.0000,1.0000
2015-05-19,21.2300,21.2300,21.2300,21.2300,15.1517,129,0.0000,1.0000
2015-05-18,21.2300,21.2300,21.2300,21.2300,15.1517,17,0.0000,1.0000
2015-05-15,21.0200,21.2300,21.0100,21.2300,15.1517,811,0.0000,1.0000
2015-05-14,21.2500,21.2500,21.0100,21.0200,15.0018,1054,0.0000,1.0000
2015-05-13,21.2400,21.2400,21.0300,21.0300,15.0089,990,0.0000,1.0000
2015-05-12,21.3000,21.3000,21.0100,21.0300,15.0089,654,0.0000,1.0000
2015-05-11,21.1500,21.1500,21.1500,21.1500,15.0946,0,0.0000,1.0000
2015-05-08,21.1500,21.1500,21.1500,21.1500,15.0946,1113,0.0000,1.0000
2015-05-07,21.0000,21.1500,21.0000,21.1500,15.0946,23127,0.0000,1.0000
2015-05-06,21.1200,21.2500,21.0000,21.2500,15.1660,1204,0.0000,1.0000
2015-05-05,21.0300,21.3400,21.0300,21.3400,15.2302,680,0.0000,1.0000
2015-05-04,21.0500,21.2016,21.0000,21.0000,14.9875,1550,0.0000,1.0000
2015-05-01,21.0000,21.6400,21.0000,21.6400,15.4443,1208,0.0000,1.0000
2015-04-30,20.7500,21.3500,20.5000,20.6500,14.7377,5101,0.0000,1.0000
2015-04-29,21.8200,21.8200,21.8200,21.8200,15.5728,0,0.0000,1.0000
2015-04-28,21.8200,21.8200,21.8200,21.8200,15.5728,0,0.0000,1.0000
2015-04-27,21.8200,21.8200,21.8200,21.8200,15.5728,69,0.0000,1.0000
2015-04-24,20.9899,21.8200,20.8800,21.8200,15.5728,1704,0.1250,1.0000
2015-04-23,20.7400,20.7500,20.7400,20.7500,14.7248,477,0.0000,1.0000
2015-04-22,20.5460,20.5460,20.5460,20.5460,14.5800,11,0.0000,1.0000
2015-04-21,20.5460,20.5460,20.5460,20.5460,14.5800,121,0.0000,1.0000
2015-04-20,20.4000,20.5000,20.2505,20.4999,14.5473,4122,0.0000,1.0000
2015-04-17,19.5200,20.1250,19.2200,20.0050,14.1961,2650,0.0000,1.0000
2015-04-16,20.5032,20.5100,20.5000,20.5000,14.5473,5351,0.0000,1.0000
2015-04-15,20.5000,20.5200,20.5000,20.5000,14.5473,715,0.0000,1.0000
2015-04-14,20.5000,20.5000,20.5000,20.5000,14.5473,1620,0.0000,1.0000
2015-04-13,20.4300,20.6300,20.4300,20.5000,14.5473,1856,0.0000,1.0000
2015-04-10,20.5011,20.6200,20.5011,20.6200,14.6325,382,0.0000,1.0000
2015-04-09,20.4200,20.5010,20.4200,20.5000,14.5473,2119,0.0000,1.0000
2015-04-08,20.5100,20.5100,20.5000,20.5000,14.5473,11834,0.0000,1.0000
2015-04-07,20.5000,20.7000,20.5000,20.6700,14.6680,810,0.0000,1.0000
2015-04-06,20.5000,20.7000,20.0700,20.0700,14.2422,2839,0.0000,1.0000
2015-04-02,20.6800,20.6800,20.6800,20.6800,14.6751,463,0.0000,1.0000
2015-04-01,20.5000,20.7000,20.5000,20.6999,14.6892,2939,0.0000,1.0000
2015-03-31,20.3000,20.3000,20.3000,20.3000,14.4054,141,0.0000,1.0000
2015-03-30,20.5800,20.7490,20.5000,20.5000,14.5473,1569,0.0000,1.0000
2015-03-27,20.4000,20.7400,20.3000,20.3800,14.4622,1812,0.0000,1.0000
2015-03-26,20.3300,20.3300,20.0100,20.1990,14.3337,908,0.0000,1.0000
2015-03-25,20.0300,20.1300,20.0300,20.1001,14.2636,534,0.0000,1.0000
2015-03-24,20.0400,20.0400,20.0400,20.0400,14.2209,511,0.0000,1.0000
2015-03-23,20.2500,20.3500,19.4700,19.8300,14.0719,14649,0.0000,1.0000
2015-03-20,20.5200,20.5200,20.2600,20.2600,14.3770,3865,0.0000,1.0000
2015-03-19,20.5001,20.7300,20.4000,20.7100,14.6964,1730,0.0000,1.0000
2015-03-18,20.5000,20.5000,20.2500,20.2500,14.3699,1975,0.0000,1.0000
2015-03-17,20.5300,20.7100,20.5300,20.7100,14.6964,309,0.0000,1.0000
2015-03-16,20.5000,20.7500,20.4000,20.7500,14.7248,5855,0.0000,1.0000
2015-03-13,20.5000,20.5000,20.4000,20.5000,14.5473,2035,0.0000,1.0000
2015-03-12,20.5000,20.5000,20.4713,20.5000,14.5473,2300,0.0000,1.0000
2015-03-11,20.5000,20.5000,20.4000,20.4000,14.4764,1062,0.0000,1.0000
2015-03-10,20.4900,20.4900,20.4150,20.4150,14.4870,320,0.0000,1.0000
2015-03-09,20.5000,20.5000,20.2500,20.5000,14.5473,3730,0.0000,1.0000
2015-03-06,20.4800,20.5000,20.2500,20.4700,14.5261,2165,0.0000,1.0000
2015-03-05,20.5000,20.5000,20.4000,20.5000,14.5473,1505,0.0000,1.0000
2015-03-04,20.5000,20.5000,20.2500,20.3600,14.4480,5164,0.0000,1.0000
2015-03-03,20.5500,20.5500,20.5100,20.5100,14.5544,252,0.0000,1.0000
2015-03-02,20.6600,21.0000,20.5500,21.0000,14.9022,3153,0.0000,1.0000
2015-02-27,20.4200,20.5000,20.4200,20.5000,14.5473,1740,0.0000,1.0000
2015-02-26,20.3500,20.4500,20.3500,20.4500,14.5119,647,0.0000,1.0000
2015-02-25,20.3600,20.3600,20.3600,20.3600,14.4480,180,0.0000,1.0000
2015-02-24,20.3000,20.3000,20.3000,20.3000,14.4054,101,0.0000,1.0000
2015-02-23,20.4500,20.4500,20.4500,20.4500,14.5119,1185,0.0000,1.0000
2015-02-20,20.2510,20.2682,20.2510,20.2682,14.3829,401,0.0000,1.0000
2015-02-19,20.2200,20.2500,19.7500,19.7501,14.0152,2736,0.0000,1.0000
2015-02-18,20.2150,20.2150,20.2150,20.2150,14.3451,100,0.0000,1.0000
2015-02-17,19.8000,20.2150,19.2300,20.2150,14.3451,2132,0.0000,1.0000
2015-02-13,19.4000,19.7900,19.4000,19.7900,14.0435,209,0.0000,1.0000
2015-02-12,19.7900,19.7900,19.7900,19.7900,14.0435,1,0.0000,1.0000
2015-02-11,19.4700,19.8500,19.4400,19.7900,14.0435,3972,0.0000,1.0000
2015-02-10,19.6500,19.6500,19.1600,19.3000,13.6958,4464,0.0000,1.0000
2015-02-09,19.2700,19.5500,19.2700,19.5500,13.8732,5197,0.0000,1.0000
2015-02-06,20.0000,20.0000,18.7000,19.0500,13.5184,16546,0.0000,1.0000
2015-02-05,20.1900,20.1900,20.1900,20.1900,14.3274,263,0.0000,1.0000
2015-02-04,19.7350,19.7350,19.6000,19.6000,13.9087,1767,0.0000,1.0000
2015-02-03,20.0100,20.1860,19.7000,20.1860,14.3245,1043,0.0000,1.0000
2015-02-02,20.0000,20.2400,20.0000,20.2400,14.3628,297,0.0000,1.0000
2015-01-30,20.2399,20.2399,20.2399,20.2399,14.3628,0,0.0000,1.0000
2015-01-29,19.8268,20.2399,19.8000,20.2399,14.3628,5429,0.0000,1.0000
2015-01-28,19.9500,19.9500,19.9500,19.9500,14.1570,400,0.0000,1.0000
2015-01-27,19.8000,20.0000,19.7600,19.8000,14.0506,3520,0.0000,1.0000
2015-01-26,19.8300,20.0000,19.8000,19.8000,14.0506,3275,0.0000,1.0000
2015-01-23,19.8000,19.9900,19.8000,19.9900,14.1854,1865,0.1250,1.0000
2015-01-22,19.6500,19.8500,19.6500,19.8500,13.9986,303,0.0000,1.0000
2015-01-21,19.6400,19.9999,19.5000,19.5500,13.7870,3422,0.0000,1.0000
2015-01-20,19.7700,19.8420,19.5000,19.8420,13.9929,3481,0.0000,1.0000
2015-01-16,19.8900,19.8900,19.5500,19.5717,13.8023,1368,0.0000,1.0000
2015-01-15,19.6459,19.6459,19.6459,19.6459,13.8546,631,0.0000,1.0000
2015-01-14,19.6100,19.6100,19.5800,19.5800,13.8081,438,0.0000,1.0000
2015-01-13,19.9700,19.9700,19.7000,19.9200,14.0479,3226,0.0000,1.0000
2015-01-12,19.8500,19.9900,19.8200,19.8200,13.9774,1097,0.0000,1.0000
2015-01-09,19.8300,20.3400,19.8200,19.8200,13.9774,1288,0.0000,1.0000
2015-01-08,19.8365,19.8365,19.8365,19.8365,13.9890,315,0.0000,1.0000
2015-01-07,19.6801,19.6801,19.6801,19.6801,13.8787,239,0.0000,1.0000
2015-01-06,19.7750,19.8536,19.6800,19.6801,13.8787,1498,0.0000,1.0000
2015-01-05,20.1000,20.1000,19.6900,19.7700,13.9421,888,0.0000,1.0000
2015-01-02,19.6750,19.6750,19.6750,19.6750,13.8751,124,0.0000,1.0000
2014-12-31,20.3999,20.3999,19.6750,19.6750,13.8751,314,0.0000,1.0000
2014-12-30,19.9500,20.4495,19.9500,20.1900,14.2383,1554,0.0000,1.0000
2014-12-29,19.7200,20.1499,19.6600,20.1499,14.2100,4488,0.0000,1.0000
2014-12-26,20.2100,20.2100,20.0700,20.0700,14.1537,4,0.0000,1.0000
2014-12-24,19.8600,20.2100,19.8600,20.2100,14.2524,201,0.0000,1.0000
2014-12-23,19.8250,19.8500,19.8250,19.8500,13.9986,398,0.0000,1.0000
2014-12-22,19.7500,19.7500,19.7500,19.7500,13.9280,11399,0.0000,1.0000
2014-12-19,20.3500,20.3500,19.7500,19.7500,13.9280,759,0.0000,1.0000
2014-12-18,19.7308,20.3800,19.7308,20.3800,14.3723,287,0.0000,1.0000
2014-12-17,19.6970,19.6970,19.6970,19.6970,13.8907,86,0.0000,1.0000
2014-12-16,19.6200,19.9126,19.6200,19.6970,13.8907,937,0.0000,1.0000
2014-12-15,20.4593,20.4593,20.4593,20.4593,14.4282,218,0.0000,1.0000
2014-12-12,19.6200,20.4593,19.6200,20.4593,14.4282,2165,0.0000,1.0000
2014-12-11,19.6600,19.7800,19.6600,19.7605,13.9354,1110,0.0000,1.0000
2014-12-10,20.0000,20.0000,20.0000,20.0000,14.1043,1053,0.0000,1.0000
2014-12-09,19.5700,20.4500,19.5700,20.4500,14.4217,1349,0.0000,1.0000
2014-12-08,19.8701,19.9400,19.8701,19.9100,14.0409,1702,0.0000,1.0000
2014-12-05,19.9200,19.9200,19.9200,19.9200,14.0479,781,0.0000,1.0000
2014-12-04,19.6200,19.9600,19.5700,19.9100,14.0409,2237,0.0000,1.0000
2014-12-03,19.5000,19.9600,19.5000,19.9600,14.0761,1782,0.0000,1.0000
2014-12-02,19.8500,19.8500,19.8500,19.8500,13.9986,761,0.0000,1.0000
2014-12-01,19.8000,19.8000,19.8000,19.8000,13.9633,59,0.0000,1.0000
2014-11-28,19.8000,19.8000,19.8000,19.8000,13.9633,100,0.0000,1.0000
2014-11-26,19.3500,19.9500,19.3500,19.9500,14.0691,2793,0.0000,1.0000
2014-11-25,19.8700,19.9100,19.5100,19.5100,13.7588,5366,0.0000,1.0000
2014-11-24,20.2600,20.2600,19.9601,20.0900,14.1678,459,0.0000,1.0000
2014-11-21,20.2500,20.2500,20.2500,20.2500,14.2806,421,0.0000,1.0000
2014-11-20,20.2700,21.2870,19.9500,19.9500,14.0691,1386,0.0000,1.0000
2014-11-19,21.5800,21.5800,19.9600,20.8600,14.7108,2035,0.0000,1.0000
2014-11-18,22.0500,22.0500,21.5700,21.5700,15.2115,505,0.0000,1.0000
2014-11-17,22.0000,22.0000,20.4901,21.9050,15.4478,2634,0.0000,1.0000
2014-11-14,22.4437,22.4500,21.0000,21.8500,15.4090,5484,0.0000,1.0000
2014-11-13,23.2000,23.2000,22.4001,22.4001,15.7969,716,0.0000,1.0000
2014-11-12,22.8700,23.9000,22.8700,23.4500,16.5373,2006,0.0000,1.0000
2014-11-11,22.8900,23.0200,22.7900,22.7900,16.0719,798,0.0000,1.0000
2014-11-10,22.5000,23.2500,22.5000,22.5000,15.8674,7484,0.0000,1.0000
2014-11-07,21.4400,24.0000,21.0000,22.9890,16.2122,18773,0.0000,1.0000
2014-11-06,20.8700,20.8700,20.8700,20.8700,14.7179,754,0.0000,1.0000
2014-11-05,19.9200,19.9200,19.9200,19.9200,14.0479,483,0.0000,1.0000
2014-11-04,20.7500,20.7500,20.2500,20.2500,14.2806,967,0.0000,1.0000
2014-11-03,19.7278,19.7278,19.7278,19.7278,13.9124,814,0.0000,1.0000
2014-10-31,20.4300,21.2000,19.5000,19.5000,13.7517,527,0.0000,1.0000
2014-10-30,21.3610,21.3610,21.0000,21.0700,14.8589,1103,0.0000,1.0000
2014-10-29,20.9900,21.7200,20.7000,21.3290,15.0416,2962,0.0000,1.0000
2014-10-28,20.7600,20.9200,20.7600,20.9200,14.7531,605,0.0000,1.0000
2014-10-27,21.1001,21.1001,21.1000,21.1000,14.8801,1225,0.0000,1.0000
2014-10-24,20.5100,21.8100,20.5100,21.6875,15.2944,1263,0.1250,1.0000
2014-10-23,21.1800,21.1800,20.7800,21.0700,14.7738,964,0.0000,1.0000
2014-10-22,20.5600,20.9000,20.5600,20.9000,14.6546,1805,0.0000,1.0000
2014-10-21,20.4600,21.7500,20.3700,20.9900,14.7177,5708,0.0000,1.0000
2014-10-20,20.6505,20.6505,20.6505,20.6505,14.4796,81,0.0000,1.0000
2014-10-17,20.2300,21.4935,20.2300,20.6505,14.4796,5169,0.0000,1.0000
2014-10-16,19.7993,19.7993,19.7993,19.7993,13.8828,186,0.0000,1.0000
2014-10-15,19.0000,19.7993,17.1000,19.7993,13.8828,2241,0.0000,1.0000
2014-10-14,20.1700,20.3880,20.1300,20.1840,14.1525,2659,0.0000,1.0000
2014-10-13,20.5000,20.5000,19.9600,20.0200,14.0375,2215,0.0000,1.0000
2014-10-10,20.6899,20.6899,20.6400,20.6400,14.4723,462,0.0000,1.0000
2014-10-09,20.7400,20.7400,20.7400,20.7400,14.5424,100,0.0000,1.0000
2014-10-08,20.7500,20.7500,20.7500,20.7500,14.5494,68,0.0000,1.0000
2014-10-07,20.7500,20.7500,20.7500,20.7500,14.5494,500,0.0000,1.0000
2014-10-06,20.8700,20.9000,20.5450,20.5450,14.4056,1638,0.0000,1.0000
2014-10-03,20.4500,20.5000,20.2200,20.5000,14.3741,1082,0.0000,1.0000
2014-10-02,20.2100,20.2100,20.2100,20.2100,14.1708,0,0.0000,1.0000
2014-10-01,20.3900,20.6400,20.2100,20.2100,14.1708,1359,0.0000,1.0000
2014-09-30,20.5691,20.6300,20.1900,20.4500,14.3390,1010,0.0000,1.0000
2014-09-29,20.6500,20.6500,20.2000,20.2100,14.1708,2744,0.0000,1.0000
2014-09-26,20.3001,20.5000,20.3001,20.3350,14.2584,3677,0.0000,1.0000
2014-09-25,20.6400,20.6400,20.6400,20.6400,14.4723,0,0.0000,1.0000
2014-09-24,20.5400,20.7200,20.5300,20.6400,14.4723,1552,0.0000,1.0000
2014-09-23,20.4500,20.5000,20.4500,20.5000,14.3741,2598,0.0000,1.0000
2014-09-22,21.0200,21.0200,21.0200,21.0200,14.7387,0,0.0000,1.0000
2014-09-19,20.4900,21.0200,20.4900,21.0200,14.7387,1377,0.0000,1.0000
2014-09-18,20.8100,21.0900,20.8100,20.9900,14.7177,4670,0.0000,1.0000
2014-09-17,20.6900,20.9000,20.6900,20.7100,14.5213,817,0.0000,1.0000
2014-09-16,20.6400,21.2500,20.4090,20.8525,14.6213,23733,0.0000,1.0000
2014-09-15,20.2000,20.4400,20.2000,20.4400,14.3320,703,0.0000,1.0000
2014-09-12,20.2300,20.9750,20.2300,20.4000,14.3040,11131,0.0000,1.0000
2014-09-11,20.3500,20.6000,20.2600,20.5700,14.4232,4853,0.0000,1.0000
2014-09-10,20.6100,21.4900,20.0800,20.9050,14.6581,6294,0.0000,1.0000
2014-09-09,21.1300,21.3000,21.1300,21.1300,14.8158,959,0.0000,1.0000
2014-09-08,21.5000,21.5000,21.0900,21.3000,14.9350,18488,0.0000,1.0000
2014-09-05,21.0500,21.0500,21.0500,21.0500,14.7597,569,0.0000,1.0000
2014-09-04,21.8200,21.8500,21.0500,21.8500,15.3207,3923,0.0000,1.0000
2014-09-03,21.2900,21.4650,21.1900,21.4650,15.0507,2506,0.0000,1.0000
2014-09-02,20.9377,20.9377,20.9377,20.9377,14.6810,173,0.0000,1.0000
2014-08-29,21.1500,21.8500,20.6510,21.8500,15.3207,5261,0.0000,1.0000
2014-08-28,21.7800,21.8400,21.2700,21.8300,15.3067,1005,0.0000,1.0000
2014-08-27,21.7500,21.8300,21.4400,21.8300,15.3067,1619,0.0000,1.0000
2014-08-26,21.4000,21.7900,21.4000,21.7300,15.2365,3552,0.0000,1.0000
2014-08-25,21.7900,21.7900,21.6900,21.7000,15.2155,451,0.0000,1.0000
2014-08-22,21.3200,21.8400,21.0198,21.8400,15.3137,24131,0.0000,1.0000
2014-08-21,21.3100,21.3700,21.0000,21.2600,14.9070,8716,0.0000,1.0000
2014-08-20,21.2500,21.2700,21.0000,21.0100,14.7317,3112,0.0000,1.0000
2014-08-19,21.0500,21.2500,21.0100,21.1600,14.8369,4974,0.0000,1.0000
2014-08-18,20.7400,21.0300,20.3550,21.0300,14.7457,5515,0.0000,1.0000
2014-08-15,21.0000,21.0000,21.0000,21.0000,14.7247,95,0.0000,1.0000
2014-08-14,20.9800,21.0500,20.9800,21.0500,14.7597,2123,0.0000,1.0000
2014-08-13,20.9500,21.2500,20.6150,21.0900,14.7878,7586,0.0000,1.0000
2014-08-12,21.0500,21.2200,20.6200,20.6300,14.4652,26791,0.0000,1.0000
2014-08-11,20.4300,21.1400,20.2800,20.9000,14.6546,27943,0.0000,1.0000
2014-08-08,20.4100,20.9700,20.2500,20.5100,14.3811,3566,0.0000,1.0000
2014-08-07,20.4500,20.4500,20.2500,20.4500,14.3390,2309,0.0000,1.0000
2014-08-06,20.2800,20.4800,20.2300,20.2700,14.2128,2086,0.0000,1.0000
2014-08-05,20.7700,20.7700,19.9700,20.2500,14.1988,22060,0.0000,1.0000
2014-08-04,20.7400,21.2200,20.3100,20.6600,14.4863,4538,0.0000,1.0000
2014-08-01,20.4000,20.7100,20.3500,20.3500,14.2689,6809,0.0000,1.0000
2014-07-31,21.0000,21.0000,20.2900,20.3100,14.2409,14288,0.0000,1.0000
2014-07-30,20.5500,20.9600,20.5100,20.9600,14.6966,2170,0.0000,1.0000
2014-07-29,21.0000,21.0000,20.7000,20.7300,14.5354,8501,0.0000,1.0000
2014-07-28,20.7499,20.7500,20.5625,20.7500,14.5494,3218,0.0000,1.0000
2014-07-25,20.8000,21.0000,20.8000,21.0000,14.7247,792,0.0000,1.0000
2014-07-24,20.7700,20.9900,20.7700,20.9900,14.7177,913,0.0000,1.0000
2014-07-23,21.0290,21.1000,20.4200,20.4200,14.3180,7347,0.0000,1.0000
2014-07-22,20.1600,20.4800,20.1400,20.4300,14.3250,15999,0.0000,1.0000
2014-07-21,20.6700,20.8000,20.6200,20.7000,14.5143,4286,0.0000,1.0000
2014-07-18,20.9820,21.0000,20.6700,20.6700,14.4933,3601,0.1250,1.0000
2014-07-17,21.3900,21.3900,20.8500,20.8500,14.5316,19539,0.0000,1.0000
2014-07-16,21.7400,21.7400,21.4000,21.5000,14.9847,3386,0.0000,1.0000
2014-07-15,21.5400,21.6200,21.4700,21.4700,14.9637,1296,0.0000,1.0000
2014-07-14,21.4650,21.7300,21.4100,21.4300,14.9359,1473,0.0000,1.0000
2014-07-11,21.4000,21.6390,21.3100,21.3900,14.9080,2393,0.0000,1.0000
2014-07-10,21.3100,21.4000,21.2000,21.3000,14.8453,1714,0.0000,1.0000
2014-07-09,21.2700,21.2700,21.2700,21.2700,14.8244,200,0.0000,1.0000
2014-07-08,21.1989,21.2200,21.1482,21.2200,14.7895,1630,0.0000,1.0000
2014-07-07,21.0300,21.3900,21.0000,21.1200,14.7198,1547,0.0000,1.0000
2014-07-03,21.4000,21.4000,21.0500,21.0500,14.6710,1900,0.0000,1.0000
2014-07-02,21.4000,21.4000,21.2500,21.2600,14.8174,3517,0.0000,1.0000
2014-07-01,21.3000,21.4700,21.2200,21.2225,14.7912,3371,0.0000,1.0000
2014-06-30,21.5000,21.6000,21.1300,21.1300,14.7268,1347,0.0000,1.0000
2014-06-27,21.1400,21.4000,21.1200,21.4000,14.9150,41885,0.0000,1.0000
2014-06-26,20.7500,21.4000,20.7000,20.7900,14.4898,1993,0.0000,1.0000
2014-06-25,20.2500,21.2590,20.2500,20.9400,14.5944,3896,0.0000,1.0000
2014-06-24,20.2730,20.5800,20.2700,20.2900,14.1413,5605,0.0000,1.0000
2014-06-23,21.0200,21.0200,20.1300,20.3100,14.1553,12871,0.0000,1.0000
2014-06-20,20.9500,21.4000,20.9100,21.0800,14.6919,96393,0.0000,1.0000
2014-06-19,21.0000,21.4000,20.9100,20.9550,14.6048,6732,0.0000,1.0000
2014-06-18,20.9000,21.3500,20.9000,20.9100,14.5734,2051,0.0000,1.0000
2014-06-17,21.0000,21.3000,20.8000,20.8800,14.5525,3524,0.0000,1.0000
2014-06-16,20.9300,21.4000,20.8500,20.9200,14.5804,4588,0.0000,1.0000
2014-06-13,20.9100,20.9690,20.8500,20.8500,14.5316,6331,0.0000,1.0000
2014-06-12,21.0000,21.1200,20.8500,20.9000,14.5665,7813,0.0000,1.0000
2014-06-11,20.8000,21.5000,20.8000,20.9500,14.6013,3288,0.0000,1.0000
2014-06-10,21.3500,21.3500,20.9000,21.0600,14.6780,4285,0.0000,1.0000
2014-06-09,21.4000,21.4000,20.9000,21.1000,14.7059,8376,0.0000,1.0000
2014-06-06,21.4000,21.4000,21.0100,21.4000,14.9150,1989,0.0000,1.0000
2014-06-05,20.8800,21.2400,20.8800,21.0100,14.6431,2324,0.0000,1.0000
2014-06-04,20.9300,21.2100,20.9300,21.1000,14.7059,1301,0.0000,1.0000
2014-06-03,21.0000,21.5000,20.7000,21.2500,14.8104,4901,0.0000,1.0000
2014-06-02,20.6001,21.2500,20.6001,21.2500,14.8104,828,0.0000,1.0000
2014-05-30,21.0900,21.0900,21.0900,21.0900,14.6989,100,0.0000,1.0000
2014-05-29,21.1700,21.2000,21.1700,21.2000,14.7756,500,0.0000,1.0000
2014-05-28,20.7200,21.1300,20.5300,21.0000,14.6362,3155,0.0000,1.0000
2014-05-27,20.0100,20.7250,20.0100,20.7200,14.4410,2631,0.0000,1.0000
2014-05-23,20.8400,20.8400,20.8400,20.8400,14.5247,200,0.0000,1.0000
2014-05-22,20.0000,20.8000,20.0000,20.5000,14.2877,813,0.0000,1.0000
2014-05-21,20.0000,20.5699,19.6550,19.6550,13.6988,7288,0.0000,1.0000
2014-05-20,19.8950,19.8950,19.8950,19.8950,13.8660,160,0.0000,1.0000
2014-05-19,20.0530,21.2000,20.0530,20.7300,14.4480,1029,0.0000,1.0000
2014-05-16,19.5000,20.0500,19.4500,20.0101,13.9463,1625,0.0000,1.0000
2014-05-15,20.5400,20.5400,20.5400,20.5400,14.3156,73,0.0000,1.0000
2014-05-14,21.1000,21.2499,20.1500,20.5000,14.2877,3223,0.0000,1.0000
2014-05-13,21.4000,21.5100,21.0900,21.0900,14.6989,15656,0.0000,1.0000
2014-05-12,21.2500,21.3999,21.2500,21.2501,14.8105,2654,0.0000,1.0000
2014-05-09,21.4900,21.4900,21.4900,21.4900,14.9777,30,0.0000,1.0000
2014-05-08,21.5000,21.5000,21.5000,21.5000,14.9847,573,0.0000,1.0000
2014-05-07,21.2500,21.5000,21.2500,21.5000,14.9847,753,0.0000,1.0000
2014-05-06,21.2500,21.2500,21.2500,21.2500,14.8104,500,0.0000,1.0000
2014-05-05,21.5000,21.5000,21.5000,21.5000,14.9847,400,0.0000,1.0000
2014-05-02,21.4000,21.5000,21.4000,21.5000,14.9847,951,0.0000,1.0000
2014-05-01,21.4500,21.4500,21.3000,21.3000,14.8453,800,0.0000,1.0000
2014-04-30,21.2800,21.7900,21.2500,21.3500,14.8801,8991,0.0000,1.0000
2014-04-29,21.6500,21.6500,21.6500,21.6500,15.0892,1155,0.0000,1.0000
2014-04-28,21.5900,21.6500,21.5000,21.6500,15.0892,10839,0.0000,1.0000
2014-04-25,21.7000,21.7000,21.6200,21.6200,15.0683,10200,0.0000,1.0000
2014-04-24,21.5000,21.5000,21.5000,21.5000,14.9847,0,0.0000,1.0000
2014-04-23,21.3900,21.5500,21.3900,21.5000,14.9847,1224,0.0000,1.0000
2014-04-22,21.2500,21.7000,21.2500,21.5995,15.0540,14189,0.0000,1.0000
2014-04-21,21.4300,21.8500,21.2500,21.2650,14.8209,22646,0.0000,1.0000
2014-04-17,21.2200,21.8800,21.2200,21.3900,14.9080,600,0.1200,1.0000
2014-04-16,21.0282,21.0301,21.0282,21.0301,14.5754,583,0.0000,1.0000
2014-04-15,21.1999,21.2100,21.1999,21.2100,14.7001,2309,0.0000,1.0000
2014-04-14,21.5000,21.5000,21.0500,21.1900,14.6862,1668,0.0000,1.0000
2014-04-11,21.9200,21.9200,21.9200,21.9200,15.1921,200,0.0000,1.0000
2014-04-10,21.1500,21.1500,21.0000,21.0000,14.5545,1274,0.0000,1.0000
2014-04-09,20.8600,20.8600,20.8500,20.8600,14.4575,1226,0.0000,1.0000
2014-04-08,20.9500,20.9500,20.9500,20.9500,14.5199,50,0.0000,1.0000
2014-04-07,20.9500,20.9500,20.9500,20.9500,14.5199,10,0.0000,1.0000
2014-04-04,21.0410,21.0600,21.0000,21.0000,14.5545,3238,0.0000,1.0000
2014-04-03,21.0900,21.0900,21.0900,21.0900,14.6169,0,0.0000,1.0000
2014-04-02,21.0900,21.2000,20.6500,21.0900,14.6169,6880,0.0000,1.0000
2014-04-01,21.5400,21.5400,21.0000,21.0000,14.5545,3104,0.0000,1.0000
2014-03-31,21.4200,21.5000,20.6800,20.9900,14.5476,9757,0.0000,1.0000
2014-03-28,21.5010,21.5010,21.5000,21.5000,14.9011,310,0.0000,1.0000
2014-03-27,21.7328,21.7600,21.4800,21.7600,15.0813,839,0.0000,1.0000
2014-03-26,21.9500,21.9500,21.9500,21.9500,15.2129,6,0.0000,1.0000
2014-03-25,21.7300,22.0400,21.7300,21.9500,15.2129,3537,0.0000,1.0000
2014-03-24,21.8699,21.8699,21.6900,21.8000,15.1090,1203,0.0000,1.0000
2014-03-21,21.7510,21.9000,21.7500,21.7500,15.0743,7433,0.0000,1.0000
2014-03-20,21.6300,21.6300,21.6300,21.6300,14.9912,0,0.0000,1.0000
2014-03-19,21.6300,21.6300,21.6300,21.6300,14.9912,324,0.0000,1.0000
2014-03-18,21.7500,21.9000,21.7050,21.7050,15.0431,5281,0.0000,1.0000
2014-03-17,21.3000,21.7500,21.3000,21.7400,15.0674,853,0.0000,1.0000
2014-03-14,21.2800,21.2800,21.2700,21.2700,14.7416,770,0.0000,1.0000
2014-03-13,21.2001,21.7300,21.2001,21.7000,15.0397,5872,0.0000,1.0000
2014-03-12,20.9500,21.4300,20.8700,21.4300,14.8525,3750,0.0000,1.0000
2014-03-11,20.9999,21.0000,20.7000,20.9001,14.4853,6240,0.0000,1.0000
2014-03-10,20.5000,20.9800,20.5000,20.9800,14.5407,3498,0.0000,1.0000
2014-03-07,20.6200,21.5000,20.4001,21.5000,14.9011,5003,0.0000,1.0000
2014-03-06,20.9500,20.9500,20.7500,20.7500,14.3813,999,0.0000,1.0000
2014-03-05,21.3900,21.3900,20.2600,20.2600,14.0416,831,0.0000,1.0000
2014-03-04,20.3900,21.0000,20.3900,20.7700,14.3951,4227,0.0000,1.0000
2014-03-03,20.9600,20.9600,20.7100,20.7100,14.3535,2323,0.0000,1.0000
2014-02-28,20.2200,20.2200,20.2200,20.2200,14.0139,259,0.0000,1.0000
2014-02-27,20.9100,20.9900,20.6500,20.7001,14.3467,9492,0.0000,1.0000
2014-02-26,20.7200,20.7200,20.7200,20.7200,14.3605,0,0.0000,1.0000
2014-02-25,20.6000,20.7200,20.6000,20.7200,14.3605,809,0.0000,1.0000
2014-02-24,20.6500,20.9999,20.6500,20.9999,14.5545,730,0.0000,1.0000
2014-02-21,20.2500,20.6000,20.2500,20.5910,14.2711,435,0.0000,1.0000
2014-02-20,20.2500,20.2500,20.2500,20.2500,14.0347,620,0.0000,1.0000
2014-02-19,20.2000,20.2999,19.9500,20.2999,14.0693,1243,0.0000,1.0000
2014-02-18,20.5892,20.5892,20.0320,20.0500,13.8961,3963,0.0000,1.0000
2014-02-14,20.2200,20.2200,20.2200,20.2200,14.0139,70,0.0000,1.0000
2014-02-13,20.2300,20.3990,20.1500,20.2200,14.0139,6032,0.0000,1.0000
2014-02-12,20.1900,20.2600,20.0100,20.1200,13.9446,5350,0.0000,1.0000
2014-02-11,20.0800,20.0900,20.0800,20.0900,13.9238,2530,0.0000,1.0000
2014-02-10,20.0700,20.2990,19.9100,20.0000,13.8614,2906,0.0000,1.0000
2014-02-07,20.3500,20.3500,20.0500,20.0500,13.8961,410,0.0000,1.0000
2014-02-06,20.3700,21.0000,20.2000,20.2000,14.0001,607,0.0000,1.0000
2014-02-05,20.4800,20.5000,19.9500,19.9500,13.8268,4746,0.0000,1.0000
2014-02-04,20.5000,20.6000,20.5000,20.5100,14.2149,2186,0.0000,1.0000
2014-02-03,20.5100,21.4850,20.5100,21.2200,14.7070,1898,0.0000,1.0000
2014-01-31,21.0500,21.0700,19.8800,19.8800,13.7783,2239,0.0000,1.0000
2014-01-30,21.2500,21.2501,21.2500,21.2501,14.7279,711,0.0000,1.0000
2014-01-29,21.6471,21.6471,21.2270,21.2270,14.7118,405,0.0000,1.0000
2014-01-28,21.3000,21.3000,21.2800,21.2800,14.7486,405,0.0000,1.0000
2014-01-27,20.8912,21.0000,20.8912,21.0000,14.5545,260,0.0000,1.0000
2014-01-24,21.7800,21.7800,21.3500,21.3500,14.7971,857,0.1200,1.0000
2014-01-23,21.7400,22.0340,21.5500,22.0340,15.1858,1416,0.0000,1.0000
2014-01-22,21.8900,21.9800,21.8000,21.9800,15.1486,5440,0.0000,1.0000
2014-01-21,21.7600,22.0300,21.7600,22.0000,15.1624,6940,0.0000,1.0000
2014-01-17,21.9999,22.0500,21.7400,21.8800,15.0797,9965,0.0000,1.0000
2014-01-16,21.9400,21.9400,21.8400,21.8450,15.0555,600,0.0000,1.0000
2014-01-15,21.9200,21.9200,21.7100,21.7100,14.9625,1902,0.0000,1.0000
2014-01-14,21.8500,22.3500,21.8500,22.2400,15.3278,8577,0.0000,1.0000
2014-01-13,21.5100,21.9000,21.5100,21.8200,15.0383,11907,0.0000,1.0000
2014-01-10,21.0600,21.7500,21.0600,21.6300,14.9074,1817,0.0000,1.0000
2014-01-09,20.9000,20.9100,20.9000,20.9000,14.4043,866,0.0000,1.0000
2014-01-08,20.1000,21.1600,20.1000,20.6400,14.2251,5547,0.0000,1.0000
2014-01-07,20.7799,20.7800,20.1000,20.1000,13.8529,300,0.0000,1.0000
2014-01-06,19.2200,20.4965,19.1401,19.9300,13.7357,4565,0.0000,1.0000
2014-01-03,19.8000,20.0001,19.8000,20.0001,13.7840,6884,0.0000,1.0000
2014-01-02,19.6000,20.0000,19.6000,19.8000,13.6461,5818,0.0000,1.0000
2013-12-31,20.0000,20.0000,19.4700,19.5300,13.4600,11927,0.0000,1.0000
2013-12-30,19.4600,19.8000,19.4600,19.6500,13.5428,1683,0.0000,1.0000
2013-12-27,19.5700,19.5700,19.5700,19.5700,13.4876,109,0.0000,1.0000
2013-12-26,19.2500,19.3000,19.2500,19.3000,13.3015,402,0.0000,1.0000
2013-12-24,19.6000,19.8000,19.6000,19.8000,13.6461,1154,0.0000,1.0000
2013-12-23,19.0180,19.7000,18.9000,19.4000,13.3705,2247,0.0000,1.0000
2013-12-20,18.9000,19.0800,18.9000,19.0800,13.1499,3103,0.0000,1.0000
2013-12-19,19.1000,19.1000,18.5000,18.8100,12.9638,4230,0.0000,1.0000
2013-12-18,19.5000,19.5000,19.4999,19.5000,13.4394,943,0.0000,1.0000
2013-12-17,19.6300,19.6300,19.6300,19.6300,13.5290,724,0.0000,1.0000
2013-12-16,19.6400,19.7200,19.6400,19.7200,13.5910,999,0.0000,1.0000
2013-12-13,19.6400,19.6400,19.6400,19.6400,13.5359,346,0.0000,1.0000
2013-12-12,19.5100,19.7000,19.5100,19.6000,13.5083,1102,0.0000,1.0000
2013-12-11,19.5200,19.7700,19.5200,19.6500,13.5428,811,0.0000,1.0000
2013-12-10,19.9300,19.9300,19.9300,19.9300,13.7357,471,0.0000,1.0000
2013-12-09,20.4300,20.4300,19.6900,19.9600,13.7564,4738,0.0000,1.0000
2013-12-06,19.6700,19.7100,19.6700,19.6700,13.5565,827,0.0000,1.0000
2013-12-05,19.6500,19.6500,19.6500,19.6500,13.5428,300,0.0000,1.0000
2013-12-04,19.9500,19.9500,19.5000,19.5000,13.4394,400,0.0000,1.0000
2013-12-03,19.9700,20.0000,19.8100,19.8100,13.6530,2113,0.0000,1.0000
2013-12-02,19.9500,19.9500,19.9500,19.9500,13.7495,100,0.0000,1.0000
2013-11-29,19.1300,19.6100,19.1000,19.6100,13.5152,560,0.0000,1.0000
2013-11-27,19.7600,19.8000,19.4800,19.8000,13.6461,5466,0.0000,1.0000
2013-11-26,19.7500,19.7500,19.4800,19.4800,13.4256,1300,0.0000,1.0000
2013-11-25,19.8800,20.0000,19.6000,19.8650,13.6909,3412,0.0000,1.0000
2013-11-22,19.7400,19.8800,19.7400,19.8800,13.7013,700,0.0000,1.0000
2013-11-21,19.7000,19.7000,19.7000,19.7000,13.5772,21,0.0000,1.0000
2013-11-20,19.3800,19.4699,19.3800,19.4699,13.4186,700,0.0000,1.0000
2013-11-19,19.4999,19.4999,19.2500,19.2500,13.2671,600,0.0000,1.0000
2013-11-18,19.5000,19.7760,19.1000,19.2500,13.2671,5896,0.0000,1.0000
2013-11-15,20.0300,20.4000,19.5300,19.5300,13.4600,2830,0.0000,1.0000
2013-11-14,20.6000,20.6000,20.0700,20.0700,13.8322,582,0.0000,1.0000
2013-11-13,21.0000,21.0000,20.2501,20.7300,14.2871,3511,0.0000,1.0000
2013-11-12,21.1700,21.1700,20.2800,20.9500,14.4387,2867,0.0000,1.0000
2013-11-11,21.0400,21.2600,20.0800,20.9500,14.4387,8580,0.0000,1.0000
2013-11-08,20.9700,21.3900,20.9700,21.3900,14.7420,600,0.0000,1.0000
2013-11-07,21.1500,21.4500,20.5100,20.5100,14.1355,651,0.0000,1.0000
2013-11-06,21.4200,21.4200,20.3600,21.3800,14.7351,3832,0.0000,1.0000
2013-11-05,21.0000,21.1300,20.6900,20.6900,14.2595,1133,0.0000,1.0000
2013-11-04,20.9700,20.9800,20.7500,20.9800,14.4594,2500,0.0000,1.0000
2013-11-01,21.4700,21.4700,21.0000,21.0000,14.4732,471,0.0000,1.0000
2013-10-31,21.1600,21.1600,20.8100,21.0000,14.4732,1889,0.0000,1.0000
2013-10-30,20.8800,21.1900,20.8800,21.1100,14.5490,2509,0.0000,1.0000
2013-10-29,20.9900,21.0100,20.6800,20.6800,14.2526,937,0.0000,1.0000
2013-10-28,20.8100,20.9600,20.2500,20.8300,14.3560,3359,0.0000,1.0000
2013-10-25,21.0700,21.5000,21.0000,21.0200,14.4870,46755,0.0000,1.0000
2013-10-24,21.3600,21.3600,21.0000,21.0200,14.4870,1030,0.0000,1.0000
2013-10-23,20.8400,21.4900,20.8400,21.4900,14.8109,1017,0.0000,1.0000
2013-10-22,21.1600,21.7800,18.4800,20.9600,14.4456,8311,0.0000,1.0000
2013-10-21,21.0000,21.9800,20.8700,21.1100,14.5490,4391,0.0000,1.0000
2013-10-18,20.9500,20.9900,20.4500,20.9900,14.4663,2818,0.1200,1.0500
2013-10-17,20.4400,21.9600,20.2500,21.5000,14.0319,15404,0.0000,1.0000
2013-10-16,20.3800,20.7600,20.3800,20.5500,13.4119,3098,0.0000,1.0000
2013-10-15,19.6400,20.4600,19.6400,20.2550,13.2194,9774,0.0000,1.0000
2013-10-14,18.8700,19.8000,18.5000,19.6400,12.8180,4747,0.0000,1.0000
2013-10-11,18.8000,19.0100,18.0000,18.8000,12.2698,7512,0.0000,1.0000
2013-10-10,18.0000,18.1900,17.5700,18.1700,11.8586,11771,0.0000,1.0000
2013-10-09,17.9300,18.1500,17.9000,17.9000,11.6824,2700,0.0000,1.0000
2013-10-08,17.9000,18.1500,17.8000,17.8112,11.6245,1926,0.0000,1.0000
2013-10-07,17.9200,18.0000,17.8500,17.8500,11.6498,5091,0.0000,1.0000
2013-10-04,17.8200,18.1000,17.8000,17.9400,11.7085,5796,0.0000,1.0000
2013-10-03,18.0000,18.1470,17.7000,17.9900,11.7411,5892,0.0000,1.0000
2013-10-02,18.0000,18.0000,17.8900,17.9000,11.6824,3287,0.0000,1.0000
2013-10-01,18.0000,18.0000,18.0000,18.0000,11.7477,0,0.0000,1.0000
2013-09-30,18.0000,18.0600,17.9000,18.0000,11.7477,4034,0.0000,1.0000
2013-09-27,18.0500,18.0500,18.0000,18.0000,11.7477,800,0.0000,1.0000
2013-09-26,17.9400,17.9400,17.9400,17.9400,11.7085,100,0.0000,1.0000
2013-09-25,17.7200,18.0900,17.7200,17.7500,11.5845,2500,0.0000,1.0000
2013-09-24,17.8800,18.0100,17.7000,17.7000,11.5519,606,0.0000,1.0000
2013-09-23,17.8800,17.8800,17.8800,17.8800,11.6694,4,0.0000,1.0000
2013-09-20,18.3600,18.3600,17.7800,17.8800,11.6694,4119,0.0000,1.0000
2013-09-19,18.1000,18.1000,17.6200,17.6600,11.5258,6000,0.0000,1.0000
2013-09-18,17.9785,18.1600,17.8400,17.8500,11.6498,5812,0.0000,1.0000
2013-09-17,18.0000,18.0000,17.9100,17.9100,11.6889,2781,0.0000,1.0000
2013-09-16,18.2200,18.2200,17.8900,17.9800,11.7346,5435,0.0000,1.0000
2013-09-13,18.0000,18.0700,18.0000,18.0700,11.7934,727,0.0000,1.0000
2013-09-12,18.1000,18.1400,18.1000,18.1400,11.8390,500,0.0000,1.0000
2013-09-11,18.1000,18.1500,18.0400,18.0400,11.7738,605,0.0000,1.0000
2013-09-10,18.1000,18.1000,18.0000,18.0350,11.7705,1922,0.0000,1.0000
2013-09-09,18.1000,18.1000,18.1000,18.1000,11.8129,2,0.0000,1.0000
2013-09-06,18.0000,18.3400,17.9400,18.1000,11.8129,740,0.0000,1.0000
2013-09-05,17.8100,17.8100,17.8100,17.8100,11.6237,5,0.0000,1.0000
2013-09-04,17.7700,18.5000,17.7700,17.8100,11.6237,2523,0.0000,1.0000
2013-09-03,17.8400,18.1900,17.7900,17.7900,11.6106,967,0.0000,1.0000
2013-08-30,17.5001,17.8000,17.5001,17.6200,11.4997,652,0.0000,1.0000
2013-08-29,17.7000,17.9200,17.6100,17.6100,11.4931,1260,0.0000,1.0000
2013-08-28,18.1500,18.2000,17.5000,17.5600,11.4605,10539,0.0000,1.0000
2013-08-27,18.2100,18.3999,17.9925,18.2000,11.8782,10239,0.0000,1.0000
2013-08-26,17.9900,18.3900,17.9900,18.3900,12.0022,1754,0.0000,1.0000
2013-08-23,17.9000,18.4500,17.9000,17.9500,11.7150,606,0.0000,1.0000
2013-08-22,18.0499,18.4999,17.8001,17.8600,11.6563,6450,0.0000,1.0000
2013-08-21,18.0700,18.1500,17.8100,18.0500,11.7803,1915,0.0000,1.0000
2013-08-20,18.3100,18.3300,18.1900,18.2000,11.8782,1300,0.0000,1.0000
2013-08-19,18.0500,18.4000,18.0499,18.3000,11.9435,8408,0.0000,1.0000
2013-08-16,17.8510,18.0300,17.8510,18.0300,11.7673,775,0.0000,1.0000
2013-08-15,18.2100,18.3000,17.8510,18.0100,11.7542,7708,0.0000,1.0000
2013-08-14,18.0600,18.4299,18.0000,18.0000,11.7477,2385,0.0000,1.0000
2013-08-13,18.2000,18.3900,17.5200,18.0000,11.7477,11434,0.0000,1.0000
2013-08-12,17.6000,18.3857,17.5650,17.9000,11.6824,16420,0.0000,1.0000
2013-08-09,17.7000,17.9200,17.6000,17.7400,11.5780,3601,0.0000,1.0000
2013-08-08,17.7000,18.2400,17.6200,17.7500,11.5845,1979,0.0000,1.0000
2013-08-07,17.5100,17.5100,17.5000,17.5010,11.4220,3493,0.0000,1.0000
2013-08-06,17.8900,17.8900,17.4600,17.6000,11.4866,4376,0.0000,1.0000
2013-08-05,18.0800,18.0800,17.6500,17.9000,11.6824,2885,0.0000,1.0000
2013-08-02,18.3400,18.3400,17.5500,18.1700,11.8586,3912,0.0000,1.0000
2013-08-01,18.4100,19.1000,18.1600,18.1600,11.8521,9826,0.0000,1.0000
2013-07-31,18.1500,18.2500,18.1400,18.2500,11.9108,2995,0.0000,1.0000
2013-07-30,18.1900,18.1900,18.1800,18.1800,11.8651,332,0.0000,1.0000
2013-07-29,18.1100,18.4900,18.0000,18.2200,11.8913,2585,0.0000,1.0000
2013-07-26,18.0100,18.5000,18.0100,18.0900,11.8064,12625,0.0000,1.0000
2013-07-25,18.0000,18.4400,18.0000,18.2400,11.9043,2428,0.0000,1.0000
2013-07-24,17.8200,18.0000,17.7101,17.9500,11.7150,5521,0.0000,1.0000
2013-07-23,17.8300,17.8300,17.5900,17.7200,11.5649,4813,0.0000,1.0000
2013-07-22,17.8300,17.8800,17.5000,17.8200,11.6302,8217,0.0000,1.0000
2013-07-19,17.4720,17.4720,17.4720,17.4720,11.4031,84,0.1200,1.0000
2013-07-18,17.7200,18.0000,17.2500,17.4720,11.3253,3187,0.0000,1.0000
2013-07-17,17.5000,17.5900,17.4800,17.5400,11.3694,2600,0.0000,1.0000
2013-07-16,17.8600,17.9500,17.4900,17.5000,11.3434,11214,0.0000,1.0000
2013-07-15,17.5000,17.5000,17.4500,17.4500,11.3110,4844,0.0000,1.0000
2013-07-12,17.5900,17.6000,17.4500,17.5200,11.3564,3600,0.0000,1.0000
2013-07-11,17.6000,17.6000,17.6000,17.6000,11.4083,749,0.0000,1.0000
2013-07-10,17.5500,17.5700,17.5500,17.5700,11.3888,1800,0.0000,1.0000
2013-07-09,17.6000,17.6900,17.5501,17.6800,11.4601,3604,0.0000,1.0000
2013-07-08,17.5000,17.6500,17.5000,17.5900,11.4018,13021,0.0000,1.0000
2013-07-05,17.4000,17.4500,17.3500,17.4200,11.2916,5827,0.0000,1.0000
2013-07-03,17.5000,17.5000,17.5000,17.5000,11.3434,67,0.0000,1.0000
2013-07-02,17.3900,17.5000,17.3900,17.4990,11.3428,3781,0.0000,1.0000
2013-07-01,17.4000,17.4000,17.2600,17.4000,11.2786,1972,0.0000,1.0000
2013-06-28,17.3500,17.4000,17.3500,17.4000,11.2786,660,0.0000,1.0000
2013-06-27,17.3900,17.4000,17.2500,17.4000,11.2786,10724,0.0000,1.0000
2013-06-26,17.0100,17.3900,17.0100,17.3600,11.2527,300,0.0000,1.0000
2013-06-25,17.3500,17.4500,17.0100,17.3900,11.2721,9759,0.0000,1.0000
2013-06-24,17.2200,17.2500,17.0901,17.0901,11.0777,3740,0.0000,1.0000
2013-06-21,17.3800,17.4000,17.2300,17.3500,11.2462,1521,0.0000,1.0000
2013-06-20,17.0400,17.2000,17.0400,17.2000,11.1490,725,0.0000,1.0000
2013-06-19,17.3500,17.3500,17.2000,17.2200,11.1619,925,0.0000,1.0000
2013-06-18,17.3500,17.3800,17.3500,17.3800,11.2657,1993,0.0000,1.0000
2013-06-17,17.3500,17.4460,16.9000,17.3900,11.2721,1700,0.0000,1.0000
2013-06-14,17.2200,17.3500,17.2200,17.3500,11.2462,2444,0.0000,1.0000
2013-06-13,17.0000,17.2500,15.9700,17.2500,11.1814,15194,0.0000,1.0000
2013-06-12,17.3200,17.3200,17.2855,17.2855,11.2044,223,0.0000,1.0000
2013-06-11,17.1200,17.1900,17.1200,17.1800,11.1360,1000,0.0000,1.0000
2013-06-10,17.2700,17.3500,17.1200,17.2500,11.1814,3158,0.0000,1.0000
2013-06-07,17.4000,17.4500,17.2500,17.2500,11.1814,3091,0.0000,1.0000
2013-06-06,17.3100,17.4000,17.3000,17.3800,11.2657,3200,0.0000,1.0000
2013-06-05,17.2200,17.2200,17.2000,17.2100,11.1555,900,0.0000,1.0000
2013-06-04,17.1500,17.3500,17.1500,17.3200,11.2268,800,0.0000,1.0000
2013-06-03,17.2400,17.3000,17.0800,17.1200,11.0971,3557,0.0000,1.0000
2013-05-31,17.1000,17.1000,17.1000,17.1000,11.0842,100,0.0000,1.0000
2013-05-30,17.4600,17.5000,17.4000,17.4000,11.2786,835,0.0000,1.0000
2013-05-29,17.3000,17.4500,17.3000,17.4300,11.2981,1500,0.0000,1.0000
2013-05-28,17.3000,17.4250,17.3000,17.3000,11.2138,8594,0.0000,1.0000
2013-05-24,17.2700,17.5000,16.8450,17.4200,11.2916,4805,0.0000,1.0000
2013-05-23,17.3200,17.3200,17.1700,17.1700,11.1295,370,0.0000,1.0000
2013-05-22,17.3100,17.5000,16.5601,17.3400,11.2397,11407,0.0000,1.0000
2013-05-21,17.2200,17.4900,17.2200,17.4900,11.3370,1200,0.0000,1.0000
2013-05-20,17.4900,17.4999,17.0600,17.0600,11.0582,400,0.0000,1.0000
2013-05-17,17.4700,17.4700,17.4700,17.4700,11.3240,100,0.0000,1.0000
2013-05-16,17.4700,17.5000,17.4600,17.5000,11.3434,11044,0.0000,1.0000
2013-05-15,17.2700,17.2700,17.2700,17.2700,11.1944,355,0.0000,1.0000
2013-05-14,17.3000,17.5000,17.0701,17.0900,11.0777,2505,0.0000,1.0000
2013-05-13,17.5900,17.5900,17.1000,17.3100,11.2203,19070,0.0000,1.0000
2013-05-10,17.0500,17.5000,17.0500,17.5000,11.3434,1401,0.0000,1.0000
2013-05-09,16.8100,17.0500,16.7600,17.0300,11.0388,5379,0.0000,1.0000
2013-05-08,16.7600,17.0000,16.7600,17.0000,11.0193,7081,0.0000,1.0000
2013-05-07,16.3500,16.7799,16.3500,16.7000,10.8249,3560,0.0000,1.0000
2013-05-06,16.3900,16.3900,16.3900,16.3900,10.6239,100,0.0000,1.0000
2013-05-03,16.5000,16.5999,16.3400,16.3400,10.5915,1800,0.0000,1.0000
2013-05-02,16.4900,16.4900,16.2500,16.4300,10.6499,5843,0.0000,1.0000
2013-05-01,16.5100,16.6000,16.3001,16.4000,10.6304,7230,0.0000,1.0000
2013-04-30,16.3010,16.7999,16.3010,16.3200,10.5786,2834,0.0000,1.0000
2013-04-29,16.7500,16.8000,16.5800,16.5800,10.7471,2200,0.0000,1.0000
2013-04-26,16.8000,16.8000,16.2100,16.3500,10.5980,6424,0.0000,1.0000
2013-04-25,16.3500,16.7000,16.3500,16.7000,10.8249,1682,0.0000,1.0000
2013-04-24,16.7800,16.7800,16.0501,16.7600,10.8638,742,0.0000,1.0000
2013-04-23,16.6000,16.8000,16.3500,16.8000,10.8897,3585,0.0000,1.0000
2013-04-22,16.3800,16.6900,16.3500,16.4000,10.6304,5847,0.0000,1.0000
2013-04-19,15.9028,16.5000,15.9028,16.4100,10.6369,4875,0.1100,1.0000
2013-04-18,16.0000,16.3000,16.0000,16.1100,10.3729,5166,0.0000,1.0000
2013-04-17,16.2000,16.2000,15.5000,15.5000,9.9801,5826,0.0000,1.0000
2013-04-16,15.5600,16.4900,15.2500,16.1600,10.4051,13999,0.0000,1.0000
2013-04-15,15.4600,16.3000,15.3800,15.8700,10.2184,8421,0.0000,1.0000
2013-04-12,15.3500,15.5000,15.3500,15.4000,9.9158,1400,0.0000,1.0000
2013-04-11,15.4101,15.4161,15.4100,15.4101,9.9223,970,0.0000,1.0000
2013-04-10,15.5000,15.5000,15.3500,15.3500,9.8836,400,0.0000,1.0000
2013-04-09,15.4101,15.6000,15.4100,15.5000,9.9801,4546,0.0000,1.0000
2013-04-08,15.6700,15.7400,15.4000,15.4140,9.9248,2513,0.0000,1.0000
2013-04-05,15.9700,15.9700,15.3700,15.7400,10.1347,6110,0.0000,1.0000
2013-04-04,16.0800,16.5000,16.0000,16.0000,10.3021,10092,0.0000,1.0000
2013-04-03,16.3000,16.3400,16.2500,16.2500,10.4631,2925,0.0000,1.0000
2013-04-02,16.0700,16.3400,16.0700,16.3400,10.5210,2298,0.0000,1.0000
2013-04-01,16.3100,16.4000,16.3100,16.3600,10.5339,1957,0.0000,1.0000
2013-03-28,16.6900,16.7500,16.6840,16.6840,10.7425,1170,0.0000,1.0000
2013-03-27,16.6100,16.6100,15.6500,16.1200,10.3794,2642,0.0000,1.0000
2013-03-26,16.5600,16.7100,16.2000,16.7100,10.7592,1715,0.0000,1.0000
2013-03-25,16.4700,16.5700,16.3400,16.3600,10.5339,7464,0.0000,1.0000
2013-03-22,16.6500,16.6500,16.3400,16.5000,10.6240,13714,0.0000,1.0000
2013-03-21,16.6600,16.8000,16.3000,16.7120,10.7605,7650,0.0000,1.0000
2013-03-20,16.2500,16.8000,16.2500,16.8000,10.8172,1000,0.0000,1.0000
2013-03-19,16.1700,16.1700,16.1700,16.1700,10.4115,16,0.0000,1.0000
2013-03-18,16.3600,16.3600,16.1700,16.1700,10.4115,400,0.0000,1.0000
2013-03-15,16.4900,16.6200,16.2700,16.3800,10.5468,6275,0.0000,1.0000
2013-03-14,16.4040,16.4040,16.4040,16.4040,10.5622,30,0.0000,1.0000
2013-03-13,16.7900,16.7900,16.4040,16.4040,10.5622,2339,0.0000,1.0000
2013-03-12,16.7900,16.7900,16.6000,16.6000,10.6884,3155,0.0000,1.0000
2013-03-11,16.7500,16.7500,16.6000,16.6000,10.6884,945,0.0000,1.0000
2013-03-08,16.2700,16.2700,16.2700,16.2700,10.4759,300,0.0000,1.0000
2013-03-07,16.1500,16.6600,16.1401,16.1401,10.3923,820,0.0000,1.0000
2013-03-06,16.3500,16.6500,16.3500,16.3700,10.5403,1208,0.0000,1.0000
2013-03-05,16.4600,16.8000,16.4600,16.5000,10.6240,2287,0.0000,1.0000
2013-03-04,16.8700,16.8865,16.4800,16.4800,10.6112,1225,0.0000,1.0000
2013-03-01,16.4000,16.4000,16.4000,16.4000,10.5596,0,0.0000,1.0000
2013-02-28,16.2800,16.4000,16.2800,16.4000,10.5596,1508,0.0000,1.0000
2013-02-27,16.3400,16.4000,16.1400,16.3660,10.5377,2601,0.0000,1.0000
2013-02-26,16.1100,16.8500,16.1100,16.4700,10.6047,2118,0.0000,1.0000
2013-02-25,16.5500,16.5500,16.1700,16.1701,10.4116,1708,0.0000,1.0000
2013-02-22,16.6700,16.8000,16.5400,16.5400,10.6498,2898,0.0000,1.0000
2013-02-21,16.5300,16.9000,16.5300,16.5400,10.6498,919,0.0000,1.0000
2013-02-20,16.7500,16.7500,16.6500,16.6500,10.7206,400,0.0000,1.0000
2013-02-19,16.7800,16.7800,16.5200,16.7500,10.7850,1450,0.0000,1.0000
2013-02-15,16.8500,16.8500,16.6200,16.6200,10.7013,1605,0.0000,1.0000
2013-02-14,16.6500,16.8400,16.6000,16.7000,10.7528,1796,0.0000,1.0000
2013-02-13,16.7000,16.8399,16.6500,16.6500,10.7206,4034,0.0000,1.0000
2013-02-12,16.7100,16.8600,16.5900,16.6300,10.7077,2212,0.0000,1.0000
2013-02-11,16.3300,16.8700,16.3300,16.6200,10.7013,2203,0.0000,1.0000
2013-02-08,16.2100,16.7900,16.0100,16.6000,10.6884,1657,0.0000,1.0000
2013-02-07,16.2200,16.3300,16.2100,16.2110,10.4379,1300,0.0000,1.0000
2013-02-06,16.6900,16.8400,16.3000,16.3000,10.4953,9206,0.0000,1.0000
2013-02-05,16.2200,16.8492,16.2200,16.5400,10.6498,4350,0.0000,1.0000
2013-02-04,16.0000,16.4800,15.5990,16.2300,10.4502,21883,0.0000,1.0000
2013-02-01,15.7100,16.2500,15.7000,15.9600,10.2763,10445,0.0000,1.0000
2013-01-31,15.6300,15.7400,15.4000,15.7200,10.1218,6188,0.0000,1.0000
2013-01-30,15.6000,15.7400,15.4001,15.5000,9.9801,2147,0.0000,1.0000
2013-01-29,15.4200,15.7400,15.4200,15.4680,9.9595,700,0.0000,1.0000
2013-01-28,15.3400,15.4300,15.2800,15.2800,9.8385,6011,0.0000,1.0000
2013-01-25,15.0500,15.5850,15.0500,15.3800,9.9029,1943,0.0000,1.0000
2013-01-24,15.2480,15.2500,14.9300,15.1500,9.7548,2100,0.0000,1.0000
2013-01-23,15.2400,15.4500,15.2000,15.2000,9.7870,2198,0.0000,1.0000
2013-01-22,15.2000,15.8000,15.2000,15.4200,9.9286,10574,0.0000,1.0000
2013-01-18,15.0147,15.2000,15.0000,15.2000,9.7870,1500,0.0000,1.0000
2013-01-17,15.4000,15.4000,14.7000,15.0500,9.6904,8198,0.1100,1.0000
2013-01-16,15.2100,15.4000,15.1600,15.1600,9.6904,4424,0.0000,1.0000
2013-01-15,15.1700,15.3899,15.0000,15.1400,9.6776,3138,0.0000,1.0000
2013-01-14,15.1400,15.1400,15.1400,15.1400,9.6776,100,0.0000,1.0000
2013-01-11,14.9900,15.0400,14.9200,15.0400,9.6137,4899,0.0000,1.0000
2013-01-10,15.1700,15.1700,14.9400,15.1200,9.6648,6058,0.0000,1.0000
2013-01-09,15.1100,15.1100,14.9900,15.0900,9.6457,5471,0.0000,1.0000
2013-01-08,14.9100,15.1699,14.9100,15.1699,9.6967,1199,0.0000,1.0000
2013-01-07,14.9900,14.9900,14.8700,14.9300,9.5434,1680,0.0000,1.0000
2013-01-04,14.8499,14.9500,14.8000,14.9000,9.5242,3970,0.0000,1.0000
2013-01-03,14.8400,14.9200,14.7088,14.9000,9.5242,1029,0.0000,1.0000
2013-01-02,15.1200,15.1300,14.7240,14.9399,9.5497,8152,0.0000,1.0000
2012-12-31,15.1100,15.3100,15.0100,15.0500,9.6201,5288,0.0000,1.0000
2012-12-28,14.7000,15.3000,14.7000,15.2500,9.7479,7418,0.0000,1.0000
2012-12-27,14.6748,14.7200,14.6748,14.7000,9.3964,2644,0.0000,1.0000
2012-12-26,14.7600,14.7800,14.6800,14.7001,9.3964,1940,0.0000,1.0000
2012-12-24,14.7599,14.8000,14.7599,14.7800,9.4475,797,0.0000,1.0000
2012-12-21,14.8300,15.3800,14.8300,14.9600,9.5626,12502,0.0000,1.0000
2012-12-20,14.8501,14.8501,14.8501,14.8501,9.4923,500,0.0000,1.0000
2012-12-19,15.2500,15.2500,14.9000,14.9000,9.5242,2391,0.0000,1.0000
2012-12-18,14.8900,15.1700,14.8900,15.1700,9.6968,1955,0.0000,1.0000
2012-12-17,15.1000,15.1000,14.6901,15.0750,9.6361,2093,0.0000,1.0000
2012-12-14,14.9900,15.0023,14.6200,14.6900,9.3900,5028,0.0000,1.0000
2012-12-13,15.0400,15.0400,14.9500,14.9900,9.5817,1394,0.0000,1.0000
2012-12-12,14.6700,15.0300,14.6700,15.0300,9.6073,833,0.0000,1.0000
2012-12-11,14.6900,14.7800,14.6900,14.7800,9.4475,1346,0.0000,1.0000
2012-12-10,14.5800,14.9200,14.5000,14.5000,9.2685,6166,0.0000,1.0000
2012-12-07,14.9700,15.0000,14.9700,15.0000,9.5881,1200,0.0000,1.0000
2012-12-06,14.6300,15.1000,14.5100,14.9999,9.5881,11467,0.0000,1.0000
2012-12-05,15.6500,15.6500,14.9700,14.9700,9.5690,6949,0.0000,1.0000
2012-12-04,15.0000,15.1700,15.0000,15.1700,9.6968,2909,0.0000,1.0000
2012-12-03,14.8200,15.1400,14.8200,14.9999,9.5881,8860,0.0000,1.0000
2012-11-30,15.0204,15.2401,14.5100,14.7100,9.4028,21973,0.0000,1.0000
2012-11-29,15.2000,15.2000,15.2000,15.2000,9.7160,300,0.0000,1.0000
2012-11-28,15.0001,15.0001,15.0000,15.0001,9.5882,900,0.0000,1.0000
2012-11-27,15.0000,15.1701,15.0000,15.0000,9.5881,6062,0.0000,1.0000
2012-11-26,15.0599,15.0900,14.7000,15.0400,9.6137,2400,0.0000,1.0000
2012-11-23,15.2100,15.2100,14.8300,15.0000,9.5881,3710,0.0000,1.0000
2012-11-21,15.0500,15.2500,15.0000,15.0300,9.6073,12789,0.0000,1.0000
2012-11-20,15.0800,15.2300,14.8000,15.1700,9.6968,14710,0.0000,1.0000
2012-11-19,14.9100,15.2500,14.7500,15.1900,9.7096,3818,0.0000,1.0000
2012-11-16,14.7500,14.7500,14.7500,14.7500,9.4283,740,0.0000,1.0000
2012-11-15,14.9700,14.9700,14.9700,14.9700,9.5690,14,0.0000,1.0000
2012-11-14,15.0000,15.0000,14.9700,14.9700,9.5690,1156,0.0000,1.0000
2012-11-13,15.0000,15.0000,14.7500,14.7500,9.4283,3141,0.0000,1.0000
2012-11-12,14.6700,15.1900,14.5000,14.8800,9.5114,1322,0.0000,1.0000
2012-11-09,15.1000,15.1000,14.5500,14.6300,9.3516,5968,0.0000,1.0000
2012-11-08,15.0600,15.0600,14.7501,14.7801,9.4476,1752,0.0000,1.0000
2012-11-07,15.1900,15.7600,15.1000,15.1000,9.6520,2899,0.0000,1.0000
2012-11-06,15.2300,15.2300,15.1000,15.2001,9.7160,1800,0.0000,1.0000
2012-11-05,15.2500,15.2500,15.0400,15.2320,9.7364,3552,0.0000,1.0000
2012-11-02,15.2500,15.2501,15.2500,15.2501,9.7480,1431,0.0000,1.0000
2012-11-01,15.4000,15.4000,15.2000,15.2900,9.7735,1446,0.0000,1.0000
2012-10-31,15.3500,15.3800,15.3000,15.3000,9.7799,6810,0.0000,1.0000
2012-10-26,15.4800,15.5999,15.3500,15.3500,9.8119,2198,0.0000,1.0000
2012-10-25,15.3900,15.8500,15.3900,15.4200,9.8566,1250,0.0000,1.0000
2012-10-24,15.4700,15.4700,15.3500,15.3500,9.8119,1600,0.0000,1.0000
2012-10-23,15.9300,15.9300,15.0600,15.4800,9.8949,16804,0.0000,1.0000
2012-10-22,16.0000,16.0000,14.7000,15.9492,10.1949,1322,0.0000,1.0000
2012-10-19,15.6001,15.7899,15.5101,15.5101,9.9142,1800,0.1100,1.0500
2012-10-18,15.9200,16.1500,15.8300,16.0000,9.6717,10336,0.0000,1.0000
2012-10-17,16.0000,16.0000,15.6000,15.9000,9.6113,13112,0.0000,1.0000
2012-10-16,15.7000,16.1700,15.7000,16.0900,9.7261,10934,0.0000,1.0000
2012-10-15,15.5000,15.7400,15.1000,15.7399,9.5145,11122,0.0000,1.0000
2012-10-12,15.2500,15.4700,15.2500,15.2700,9.2305,7630,0.0000,1.0000
2012-10-11,14.2700,15.5000,14.2700,15.0100,9.0733,12742,0.0000,1.0000
2012-10-10,14.2001,14.5000,14.2001,14.2564,8.6178,1200,0.0000,1.0000
2012-10-09,14.2000,14.2016,14.2000,14.2016,8.5846,3596,0.0000,1.0000
2012-10-08,14.4100,14.4100,14.2000,14.2000,8.5837,12084,0.0000,1.0000
2012-10-05,14.3000,14.5000,14.3000,14.4999,8.7649,1400,0.0000,1.0000
2012-10-04,14.3400,14.4499,14.3000,14.3902,8.6986,3077,0.0000,1.0000
2012-10-03,14.4000,14.4000,14.3000,14.3500,8.6743,2836,0.0000,1.0000
2012-10-02,14.3100,14.3100,14.2800,14.3000,8.6441,4744,0.0000,1.0000
2012-10-01,14.3200,14.3500,14.2700,14.3500,8.6743,3192,0.0000,1.0000
2012-09-28,14.4761,14.4761,14.2950,14.3399,8.6682,2400,0.0000,1.0000
2012-09-27,14.4300,14.4400,14.4300,14.4400,8.7287,200,0.0000,1.0000
2012-09-26,14.3000,14.5000,14.3000,14.5000,8.7650,1400,0.0000,1.0000
2012-09-25,14.3000,14.5000,14.2400,14.5000,8.7650,2100,0.0000,1.0000
2012-09-24,14.2300,14.4000,14.2300,14.4000,8.7046,2914,0.0000,1.0000
2012-09-21,14.3500,14.4000,14.1800,14.2500,8.6139,4674,0.0000,1.0000
2012-09-20,14.4300,14.5700,14.3200,14.4800,8.7529,1726,0.0000,1.0000
2012-09-19,14.3600,14.6200,14.3200,14.4900,8.7590,2060,0.0000,1.0000
2012-09-18,14.6200,14.6400,14.3400,14.5000,8.7650,3432,0.0000,1.0000
2012-09-17,14.8300,14.8800,14.3400,14.6200,8.8375,10662,0.0000,1.0000
2012-09-14,14.7600,14.9700,14.6500,14.8800,8.9947,10944,0.0000,1.0000
2012-09-13,14.9400,14.9900,14.6710,14.9800,9.0552,5473,0.0000,1.0000
2012-09-12,14.9000,15.0300,14.7400,15.0000,9.0672,3200,0.0000,1.0000
2012-09-11,14.9800,15.0300,14.5000,15.0300,9.0854,1200,0.0000,1.0000
2012-09-10,14.7600,14.8900,14.7200,14.8000,8.9463,4153,0.0000,1.0000
2012-09-07,14.9900,15.0500,14.6000,14.9700,9.0491,10293,0.0000,1.0000
2012-09-06,15.0800,15.2700,15.0300,15.1000,9.1277,1460,0.0000,1.0000
2012-09-05,15.2700,15.3500,14.8000,15.1900,9.1821,5495,0.0000,1.0000
2012-09-04,15.4900,15.4900,15.3500,15.3500,9.2788,2180,0.0000,1.0000
2012-08-31,15.1500,15.3700,15.1500,15.3700,9.2909,11054,0.0000,1.0000
2012-08-30,15.3400,15.3500,15.2900,15.3100,9.2546,900,0.0000,1.0000
2012-08-29,15.0000,15.3900,15.0000,15.3200,9.2607,1000,0.0000,1.0000
2012-08-28,15.2500,15.2900,15.1000,15.2900,9.2425,3619,0.0000,1.0000
2012-08-27,15.1599,15.2900,15.1450,15.1450,9.1549,1436,0.0000,1.0000
2012-08-24,15.1565,15.1600,15.0100,15.1600,9.1640,1700,0.0000,1.0000
2012-08-23,15.0600,15.1600,15.0100,15.1600,9.1640,6327,0.0000,1.0000
2012-08-22,15.1100,15.2300,14.8100,15.0300,9.0854,5782,0.0000,1.0000
2012-08-21,15.5500,15.5500,15.0900,15.2700,9.2305,6200,0.0000,1.0000
2012-08-20,15.2500,15.3400,15.2000,15.3400,9.2728,1606,0.0000,1.0000
2012-08-17,15.3000,15.3500,15.0400,15.1900,9.1821,3364,0.0000,1.0000
2012-08-16,15.3600,15.3650,15.2500,15.3650,9.2879,600,0.0000,1.0000
2012-08-15,15.5000,15.5000,15.2500,15.4900,9.3634,1491,0.0000,1.0000
2012-08-14,15.4600,15.5900,15.2900,15.5000,9.3695,1303,0.0000,1.0000
2012-08-13,15.4800,15.5000,15.2610,15.5000,9.3695,2200,0.0000,1.0000
2012-08-10,15.3501,15.5900,15.3500,15.4300,9.3272,4686,0.0000,1.0000
2012-08-09,15.5900,15.5900,15.4600,15.5900,9.4239,1400,0.0000,1.0000
2012-08-08,15.4600,15.4600,15.4600,15.4600,9.3453,200,0.0000,1.0000
2012-08-07,15.5500,15.7300,15.4600,15.4600,9.3453,1984,0.0000,1.0000
2012-08-06,15.7200,15.7200,15.7200,15.7200,9.5025,192,0.0000,1.0000
2012-08-03,15.4700,15.7200,15.4700,15.7200,9.5025,400,0.0000,1.0000
2012-08-02,15.3800,15.7300,15.3800,15.6400,9.4541,554,0.0000,1.0000
2012-08-01,15.5200,15.7380,15.5000,15.6400,9.4541,1417,0.0000,1.0000
2012-07-31,15.2501,15.8600,15.2501,15.7300,9.5085,2176,0.0000,1.0000
2012-07-30,15.1200,15.5000,15.0900,15.5000,9.3695,2500,0.0000,1.0000
2012-07-27,15.7400,15.7400,15.7400,15.7400,9.5146,100,0.0000,1.0000
2012-07-26,15.8475,15.8500,15.7100,15.8400,9.5750,1912,0.0000,1.0000
2012-07-25,15.3600,15.8500,15.3500,15.7000,9.4904,2565,0.0000,1.0000
2012-07-24,15.5001,15.9900,15.4700,15.4700,9.3514,5200,0.0000,1.0000
2012-07-23,15.7700,16.1400,15.7500,15.9900,9.6657,2727,0.0000,1.0000
2012-07-20,15.7501,16.1400,15.7501,16.1400,9.7564,506,0.1100,1.0000
2012-07-19,15.5000,16.1600,15.5000,16.1600,9.7023,7260,0.0000,1.0000
2012-07-18,14.4400,16.0000,14.4400,16.0000,9.6063,40713,0.0000,1.0000
2012-07-17,14.2500,14.4600,14.2500,14.4600,8.6817,430,0.0000,1.0000
2012-07-16,14.0500,14.5500,13.6800,14.4900,8.6997,2400,0.0000,1.0000
2012-07-13,13.9200,14.0000,13.9200,14.0000,8.4055,1250,0.0000,1.0000
2012-07-12,13.9200,13.9500,13.9200,13.9500,8.3755,600,0.0000,1.0000
2012-07-11,13.9900,13.9900,13.9900,13.9900,8.3995,0,0.0000,1.0000
2012-07-10,13.5001,13.9900,13.5001,13.9900,8.3995,1738,0.0000,1.0000
2012-07-09,13.8200,13.9500,13.7580,13.9400,8.3695,3385,0.0000,1.0000
2012-07-06,13.7000,13.8400,13.7000,13.8400,8.3094,5176,0.0000,1.0000
2012-07-05,13.8200,13.8400,13.2500,13.8400,8.3094,1325,0.0000,1.0000
2012-07-03,13.8400,13.8400,13.8400,13.8400,8.3094,400,0.0000,1.0000
2012-07-02,13.8400,13.8400,13.8400,13.8400,8.3094,100,0.0000,1.0000
2012-06-29,13.5900,13.8400,13.4200,13.8400,8.3094,3604,0.0000,1.0000
2012-06-28,13.6500,13.6900,13.6000,13.6900,8.2194,900,0.0000,1.0000
2012-06-27,13.6600,13.7000,13.6400,13.7000,8.2254,3263,0.0000,1.0000
2012-06-26,13.5200,13.6600,13.1600,13.6489,8.1947,12426,0.0000,1.0000
2012-06-25,13.1400,13.7000,13.1400,13.6000,8.1653,2300,0.0000,1.0000
2012-06-22,12.5500,13.2500,12.5100,13.2500,7.9552,966,0.0000,1.0000
2012-06-21,13.6500,13.6500,13.6500,13.6500,8.1953,0,0.0000,1.0000
2012-06-20,13.6500,13.6500,13.6500,13.6500,8.1953,0,0.0000,1.0000
2012-06-19,13.6100,13.6500,13.6100,13.6500,8.1953,300,0.0000,1.0000
2012-06-18,13.5600,13.8500,13.1600,13.7000,8.2254,5876,0.0000,1.0000
2012-06-15,13.1113,13.7100,13.1113,13.7100,8.2314,3294,0.0000,1.0000
2012-06-14,13.0500,13.6000,13.0000,13.5000,8.1053,4633,0.0000,1.0000
2012-06-13,13.6000,13.6000,13.6000,13.6000,8.1653,293,0.0000,1.0000
2012-06-12,13.5400,13.5400,13.5400,13.5400,8.1293,0,0.0000,1.0000
2012-06-11,13.5400,13.5400,13.5400,13.5400,8.1293,0,0.0000,1.0000
2012-06-08,13.5400,13.5400,13.5400,13.5400,8.1293,100,0.0000,1.0000
2012-06-07,13.5000,13.6000,13.3900,13.5700,8.1473,800,0.0000,1.0000
2012-06-06,13.5600,13.6000,13.3200,13.5900,8.1593,1888,0.0000,1.0000
2012-06-05,13.5300,13.6200,13.3400,13.5600,8.1413,1250,0.0000,1.0000
2012-06-04,13.5800,13.6600,13.1900,13.6300,8.1833,1500,0.0000,1.0000
2012-06-01,13.5600,13.5600,13.5600,13.5600,8.1413,100,0.0000,1.0000
2012-05-31,13.5200,13.5999,13.5200,13.5999,8.1653,500,0.0000,1.0000
2012-05-30,13.1500,13.7000,13.1500,13.6200,8.1773,2843,0.0000,1.0000
2012-05-29,13.7500,13.7500,13.1200,13.2000,7.9252,2984,0.0000,1.0000
2012-05-25,13.2700,13.6500,13.2700,13.6500,8.1953,850,0.0000,1.0000
2012-05-24,13.3100,13.7300,13.1200,13.6300,8.1833,4113,0.0000,1.0000
2012-05-23,13.7500,13.7500,13.7500,13.7500,8.2554,0,0.0000,1.0000
2012-05-22,13.3900,13.7500,13.1732,13.7500,8.2554,4241,0.0000,1.0000
2012-05-21,13.3500,13.5500,13.1000,13.4999,8.1052,4757,0.0000,1.0000
2012-05-18,13.5300,13.5300,13.0000,13.4900,8.0993,11212,0.0000,1.0000
2012-05-17,13.0800,13.7500,13.0800,13.5992,8.1648,1073,0.0000,1.0000
2012-05-16,13.1500,13.3300,13.0100,13.3300,8.0032,4801,0.0000,1.0000
2012-05-15,13.0000,13.1500,13.0000,13.1500,7.8951,1045,0.0000,1.0000
2012-05-14,13.2800,13.2800,12.9900,12.9900,7.7991,1500,0.0000,1.0000
2012-05-11,12.9601,12.9601,12.9600,12.9600,7.7811,891,0.0000,1.0000
2012-05-10,13.4200,13.6000,13.4000,13.6000,8.1653,700,0.0000,1.0000
2012-05-09,13.4600,13.7540,13.2500,13.5500,8.1353,6339,0.0000,1.0000
2012-05-08,13.5900,13.5900,13.2400,13.5000,8.1053,3054,0.0000,1.0000
2012-05-07,13.6900,13.6900,13.6615,13.6615,8.2022,1000,0.0000,1.0000
2012-05-04,13.3001,13.7000,13.3000,13.5700,8.1473,400,0.0000,1.0000
2012-05-03,13.3105,13.6000,13.3105,13.6000,8.1653,2422,0.0000,1.0000
2012-05-02,13.5200,13.6000,13.5100,13.6000,8.1653,900,0.0000,1.0000
2012-05-01,13.7200,13.7500,13.3000,13.6200,8.1773,2237,0.0000,1.0000
2012-04-30,13.6700,13.8000,13.6500,13.7100,8.2314,2300,0.0000,1.0000
2012-04-27,13.4500,13.8300,13.4500,13.7000,8.2254,3600,0.0000,1.0000
2012-04-26,13.8399,13.8500,13.6500,13.8492,8.3149,2765,0.0000,1.0000
2012-04-25,13.8500,13.8500,13.3000,13.3000,7.9852,2513,0.0000,1.0000
2012-04-24,13.8500,13.8500,13.7500,13.8000,8.2854,2900,0.0000,1.0000
2012-04-23,13.6500,13.7000,13.6000,13.7000,8.2254,2689,0.0000,1.0000
2012-04-20,13.7200,13.7200,13.5500,13.7000,8.2254,3483,0.0900,1.0000
2012-04-19,13.8400,13.8400,13.2635,13.8000,8.2313,7291,0.0000,1.0000
2012-04-18,13.4900,13.8000,13.4900,13.8000,8.2313,3711,0.0000,1.0000
2012-04-17,13.0000,13.8792,12.5320,13.2000,7.8734,5079,0.0000,1.0000
2012-04-16,11.1900,13.0000,11.1700,12.9800,7.7422,26532,0.0000,1.0000
2012-04-13,11.1100,11.1100,11.1100,11.1100,6.6268,100,0.0000,1.0000
2012-04-12,11.0900,11.1700,11.0900,11.1700,6.6626,500,0.0000,1.0000
2012-04-11,11.1700,11.1700,11.1700,11.1700,6.6626,0,0.0000,1.0000
2012-04-10,10.8400,11.1700,10.8100,11.1700,6.6626,2010,0.0000,1.0000
2012-04-09,10.9300,11.1000,10.9000,11.1000,6.6208,2000,0.0000,1.0000
2012-04-05,10.7800,10.8500,10.7800,10.8500,6.4717,450,0.0000,1.0000
2012-04-04,10.9100,11.1700,10.9100,11.1700,6.6626,545,0.0000,1.0000
2012-04-03,11.0700,11.1900,11.0700,11.1900,6.6745,900,0.0000,1.0000
2012-04-02,10.9000,11.1900,10.7700,11.1900,6.6745,3396,0.0000,1.0000
2012-03-30,10.7601,11.2000,10.7601,11.2000,6.6805,10096,0.0000,1.0000
2012-03-29,10.9500,10.9900,10.7100,10.9900,6.5552,1000,0.0000,1.0000
2012-03-28,11.0000,11.0000,11.0000,11.0000,6.5612,200,0.0000,1.0000
2012-03-27,10.9600,11.0000,10.9300,10.9999,6.5611,3000,0.0000,1.0000
2012-03-26,11.0000,11.0000,10.8500,10.9800,6.5493,2525,0.0000,1.0000
2012-03-23,10.9999,11.0000,10.6000,11.0000,6.5612,4066,0.0000,1.0000
2012-03-22,10.8000,10.8000,10.8000,10.8000,6.4419,0,0.0000,1.0000
2012-03-21,10.5100,10.8000,10.5100,10.8000,6.4419,623,0.0000,1.0000
2012-03-20,10.8300,10.8300,10.7400,10.8200,6.4538,500,0.0000,1.0000
2012-03-19,10.8300,10.8800,10.5000,10.8300,6.4598,3177,0.0000,1.0000
2012-03-16,11.0100,11.0100,10.6900,10.6900,6.3763,5010,0.0000,1.0000
2012-03-15,11.0200,11.1000,10.6400,10.9500,6.5314,3592,0.0000,1.0000
2012-03-14,10.8700,10.9500,10.7200,10.9500,6.5314,1105,0.0000,1.0000
2012-03-13,10.8800,10.8800,10.8600,10.8600,6.4777,400,0.0000,1.0000
2012-03-12,10.8800,10.8800,10.8800,10.8800,6.4896,197,0.0000,1.0000
2012-03-09,10.8800,10.8800,10.8470,10.8470,6.4699,400,0.0000,1.0000
2012-03-08,10.9000,10.9000,10.5000,10.8500,6.4717,800,0.0000,1.0000
2012-03-07,10.7500,10.7500,10.7500,10.7500,6.4121,992,0.0000,1.0000
2012-03-06,10.6500,10.7300,10.2900,10.7300,6.4002,2500,0.0000,1.0000
2012-03-05,10.6500,10.7400,10.4200,10.7400,6.4061,14052,0.0000,1.0000
2012-03-02,10.6900,10.6900,10.6800,10.6800,6.3703,200,0.0000,1.0000
2012-03-01,10.7500,10.7500,10.1500,10.7400,6.4061,2728,0.0000,1.0000
2012-02-29,10.7200,10.7200,10.6300,10.6300,6.3405,300,0.0000,1.0000
2012-02-28,10.7500,10.7500,10.6999,10.6999,6.3822,1960,0.0000,1.0000
2012-02-27,10.3400,10.7500,10.3300,10.7500,6.4121,776,0.0000,1.0000
2012-02-24,10.7000,10.7400,10.6400,10.6400,6.3465,476,0.0000,1.0000
2012-02-23,10.7500,10.7500,10.4950,10.7500,6.4121,2313,0.0000,1.0000
2012-02-22,10.7500,10.7500,10.7500,10.7500,6.4121,0,0.0000,1.0000
2012-02-21,10.7200,10.7500,10.6000,10.7500,6.4121,3380,0.0000,1.0000
2012-02-17,10.4300,10.7500,10.3820,10.7500,6.4121,4189,0.0000,1.0000
2012-02-16,10.4100,10.4300,10.3100,10.4300,6.2212,1100,0.0000,1.0000
2012-02-15,10.4000,10.4200,10.2300,10.4200,6.2152,10786,0.0000,1.0000
2012-02-14,10.3000,10.4000,10.2800,10.4000,6.2033,4400,0.0000,1.0000
2012-02-13,10.2100,10.3000,10.0500,10.3000,6.1437,5700,0.0000,1.0000
2012-02-10,10.3600,10.3600,10.0500,10.1100,6.0303,2752,0.0000,1.0000
2012-02-09,10.2000,10.4300,10.1600,10.3200,6.1556,3662,0.0000,1.0000
2012-02-08,10.4000,10.4499,10.1500,10.4200,6.2152,3548,0.0000,1.0000
2012-02-07,10.3000,10.4500,10.3000,10.3500,6.1735,3446,0.0000,1.0000
2012-02-06,10.2800,10.3000,10.1000,10.3000,6.1437,2409,0.0000,1.0000
2012-02-03,10.3400,10.3500,10.2100,10.3500,6.1735,1550,0.0000,1.0000
2012-02-02,10.2500,10.2500,10.1000,10.2500,6.1138,1863,0.0000,1.0000
2012-02-01,10.0000,10.2000,10.0000,10.2000,6.0840,3200,0.0000,1.0000
2012-01-31,10.2200,10.2500,10.0000,10.2500,6.1138,2922,0.0000,1.0000
2012-01-30,10.1600,10.2300,10.1600,10.2300,6.1019,1620,0.0000,1.0000
2012-01-27,10.2500,10.2500,9.8000,10.2300,6.1019,6415,0.0000,1.0000
2012-01-26,9.9500,10.1300,9.8792,10.1300,6.0423,12239,0.0000,1.0000
2012-01-25,9.8000,9.9500,9.7300,9.9500,5.9349,1222,0.0000,1.0000
2012-01-24,9.6000,9.9500,9.4700,9.9500,5.9349,4526,0.0000,1.0000
2012-01-23,9.9500,9.9500,9.8500,9.9500,5.9349,3300,0.0000,1.0000
2012-01-20,9.8000,9.9500,9.8000,9.9400,5.9289,2875,0.0900,1.0000
2012-01-19,9.8000,9.9000,9.8000,9.9000,5.8521,3270,0.0000,1.0000
2012-01-18,9.5400,9.9000,9.5400,9.9000,5.8521,5940,0.0000,1.0000
2012-01-17,9.0499,9.6300,9.0200,9.6300,5.6925,8798,0.0000,1.0000
2012-01-13,8.8001,8.8001,8.8000,8.8000,5.2019,715,0.0000,1.0000
2012-01-12,8.8500,8.8500,8.8500,8.8500,5.2314,0,0.0000,1.0000
2012-01-11,8.9600,9.1000,8.8500,8.8500,5.2314,2072,0.0000,1.0000
2012-01-10,9.3500,9.3500,9.0000,9.0000,5.3201,682,0.0000,1.0000
2012-01-09,8.8800,8.9000,8.8800,8.9000,5.2610,922,0.0000,1.0000
2012-01-06,9.3900,9.5700,8.8600,8.8600,5.2373,2438,0.0000,1.0000
2012-01-05,8.7900,8.8000,8.7900,8.7900,5.1959,1039,0.0000,1.0000
2012-01-04,8.4300,8.4300,8.4300,8.4300,4.9831,0,0.0000,1.0000
2012-01-03,8.5000,8.5000,8.2800,8.4300,4.9831,400,0.0000,1.0000
2011-12-30,8.4430,8.4430,8.2855,8.3000,4.9063,3834,0.0000,1.0000
2011-12-29,8.2900,8.3240,8.2800,8.3240,4.9205,3000,0.0000,1.0000
2011-12-28,8.2570,8.2950,8.2570,8.2760,4.8921,800,0.0000,1.0000
2011-12-27,8.3950,8.4240,8.3000,8.3000,4.9063,1500,0.0000,1.0000
2011-12-23,8.3200,8.3400,8.2800,8.3000,4.9063,4100,0.0000,1.0000
2011-12-22,8.3000,8.3500,8.2800,8.2800,4.8945,1991,0.0000,1.0000
2011-12-21,8.2900,8.4700,8.2900,8.3000,4.9063,6520,0.0000,1.0000
2011-12-20,8.4800,8.4800,8.3000,8.3000,4.9063,1315,0.0000,1.0000
2011-12-19,8.2700,8.3500,8.2500,8.3500,4.9359,2342,0.0000,1.0000
2011-12-16,8.4400,8.4400,8.4400,8.4400,4.9891,100,0.0000,1.0000
2011-12-15,8.2700,8.2700,8.2700,8.2700,4.8886,0,0.0000,1.0000
2011-12-14,8.3900,8.3900,8.2700,8.2700,4.8886,50,0.0000,1.0000
2011-12-13,8.4200,8.4200,8.4200,8.4200,4.9772,17,0.0000,1.0000
2011-12-12,8.3600,8.4000,8.3000,8.4000,4.9654,687,0.0000,1.0000
2011-12-09,8.3600,8.3600,8.3600,8.3600,4.9418,0,0.0000,1.0000
2011-12-08,8.3500,8.4000,8.2500,8.3600,4.9418,1400,0.0000,1.0000
2011-12-07,8.3600,8.4500,8.3500,8.4500,4.9950,2498,0.0000,1.0000
2011-12-06,8.3600,8.3600,8.3500,8.3500,4.9359,1100,0.0000,1.0000
2011-12-05,8.4100,8.4300,8.4000,8.4000,4.9654,1962,0.0000,1.0000
2011-12-02,8.5000,8.5000,8.5000,8.5000,5.0245,200,0.0000,1.0000
2011-12-01,8.4288,8.4288,8.4288,8.4288,4.9824,111,0.0000,1.0000
2011-11-30,8.6900,8.6900,8.4900,8.4900,5.0186,1240,0.0000,1.0000
2011-11-29,8.3700,8.3700,8.3700,8.3700,4.9477,100,0.0000,1.0000
2011-11-28,8.4600,8.5000,8.3500,8.4200,4.9772,4425,0.0000,1.0000
2011-11-25,8.4000,8.4000,8.4000,8.4000,4.9654,100,0.0000,1.0000
2011-11-23,8.3600,8.3600,8.3500,8.3500,4.9359,200,0.0000,1.0000
2011-11-22,8.4000,8.4200,8.3500,8.3500,4.9359,1600,0.0000,1.0000
2011-11-21,8.5400,8.5400,8.4000,8.4000,4.9654,600,0.0000,1.0000
2011-11-18,8.5000,8.5000,8.4600,8.4600,5.0009,400,0.0000,1.0000
2011-11-17,8.3500,8.3500,8.3500,8.3500,4.9359,0,0.0000,1.0000
2011-11-16,8.3500,8.3500,8.3500,8.3500,4.9359,253,0.0000,1.0000
2011-11-15,8.5500,8.5500,8.5500,8.5500,5.0541,1,0.0000,1.0000
2011-11-14,8.3601,8.5500,8.3600,8.5500,5.0541,701,0.0000,1.0000
2011-11-11,8.4600,8.4600,8.4600,8.4600,5.0009,100,0.0000,1.0000
2011-11-10,8.7100,8.7100,8.6080,8.6080,5.0884,500,0.0000,1.0000
2011-11-09,8.7600,9.0060,8.3500,8.8300,5.2196,1174,0.0000,1.0000
2011-11-08,8.8500,8.8500,8.5400,8.5800,5.0718,1866,0.0000,1.0000
2011-11-07,8.4000,9.0000,8.4000,8.5000,5.0245,2661,0.0000,1.0000
2011-11-04,8.4700,8.4700,8.2300,8.4000,4.9654,2017,0.0000,1.0000
2011-11-03,8.5300,8.5500,8.5000,8.5500,5.0541,12669,0.0000,1.0000
2011-11-02,8.5400,8.6000,8.4400,8.4400,4.9891,4201,0.0000,1.0000
2011-11-01,8.6650,8.6650,8.6650,8.6650,5.1221,100,0.0000,1.0000
2011-10-31,9.0000,9.0300,8.9500,8.9500,5.2905,1800,0.0000,1.0000
2011-10-28,9.1214,9.1214,8.9500,8.9500,5.2905,4010,0.0000,1.0000
2011-10-27,9.2000,9.2000,9.0100,9.0796,5.3671,2038,0.0000,1.0000
2011-10-26,8.9501,8.9501,8.9501,8.9501,5.2906,152,0.0000,1.0000
2011-10-25,9.1000,9.1000,8.8500,8.9400,5.2846,2567,0.0000,1.0000
2011-10-24,9.1100,9.1200,9.1100,9.1200,5.3910,400,0.0000,1.0000
2011-10-21,8.8900,9.2040,8.8900,9.1000,5.3792,538,0.0900,1.0000
2011-10-20,8.7900,9.4600,8.6100,8.6600,5.0690,5574,0.0000,1.0000
2011-10-19,8.7900,8.7900,8.7900,8.7900,5.1451,200,0.0000,1.0000
2011-10-18,8.6600,9.0200,8.3800,9.0200,5.2797,4800,0.0000,1.0000
2011-10-17,8.4200,8.9800,8.4000,8.4000,4.9168,2115,0.0000,1.0000
2011-10-14,8.5400,8.6500,8.5100,8.5100,4.9812,2026,0.0000,1.0000
2011-10-13,8.8500,8.8500,8.8500,8.8500,5.1802,0,0.0000,1.0000
2011-10-12,8.8500,8.8500,8.8500,8.8500,5.1802,0,0.0000,1.0000
2011-10-11,8.8500,9.1000,8.5000,8.8500,5.1802,4700,0.0000,1.0000
2011-10-10,9.3400,9.3400,8.5400,8.8600,5.1860,8234,0.0000,1.0000
2011-10-07,8.7800,9.0000,8.2500,8.9400,5.2329,11308,0.0000,1.0000
2011-10-06,8.6500,9.7500,8.6000,8.7000,5.0924,8178,0.0000,1.0000
2011-10-05,9.0000,9.0000,9.0000,9.0000,5.2680,0,0.0000,1.0000
2011-10-04,9.0000,9.0000,9.0000,9.0000,5.2680,0,0.0000,1.0000
2011-10-03,9.2000,9.4800,9.0000,9.0000,5.2680,3200,0.0000,1.0000
2011-09-30,9.5600,9.5600,9.5300,9.5300,5.5782,254,0.0000,1.0000
2011-09-29,9.9600,10.0000,9.7100,9.7100,5.6836,320,0.0000,1.0000
2011-09-28,9.5000,9.5600,9.5000,9.5500,5.5899,1100,0.0000,1.0000
2011-09-27,9.8000,9.8000,9.5000,9.5500,5.5899,1500,0.0000,1.0000
2011-09-26,9.8500,9.9000,9.8000,9.8100,5.7421,800,0.0000,1.0000
2011-09-23,9.8400,9.8400,9.8400,9.8400,5.7597,0,0.0000,1.0000
2011-09-22,9.6900,9.8400,9.5001,9.8400,5.7597,710,0.0000,1.0000
2011-09-21,9.9000,9.9000,9.9000,9.9000,5.7948,0,0.0000,1.0000
2011-09-20,9.9000,9.9000,9.9000,9.9000,5.7948,0,0.0000,1.0000
2011-09-19,9.7900,9.9000,9.7900,9.9000,5.7948,1599,0.0000,1.0000
2011-09-16,9.6800,9.6800,9.6800,9.6800,5.6660,9,0.0000,1.0000
2011-09-15,9.5000,9.7400,9.2300,9.6800,5.6660,4932,0.0000,1.0000
2011-09-14,9.2900,9.2900,8.7500,9.2500,5.4143,4069,0.0000,1.0000
2011-09-13,9.1100,9.1100,9.1100,9.1100,5.3324,0,0.0000,1.0000
2011-09-12,9.6500,9.7500,9.1100,9.1100,5.3324,3527,0.0000,1.0000
2011-09-09,10.0325,10.0500,9.5500,9.5500,5.5899,900,0.0000,1.0000
2011-09-08,9.6500,9.8300,9.6500,9.8300,5.7538,3450,0.0000,1.0000
2011-09-07,9.6900,9.7900,9.5500,9.5500,5.5899,2242,0.0000,1.0000
2011-09-06,9.6100,9.7000,9.5000,9.5200,5.5724,2300,0.0000,1.0000
2011-09-02,9.7500,9.7500,9.7500,9.7500,5.7070,91,0.0000,1.0000
2011-09-01,10.0000,10.0000,10.0000,10.0000,5.8533,4,0.0000,1.0000
2011-08-31,10.0000,10.0100,9.9600,10.0000,5.8533,1700,0.0000,1.0000
2011-08-30,9.9600,10.0760,9.9600,10.0760,5.8978,2500,0.0000,1.0000
2011-08-29,9.9500,10.0000,9.8900,9.9600,5.8299,700,0.0000,1.0000
2011-08-26,9.9600,9.9956,9.7300,9.9180,5.8053,1860,0.0000,1.0000
2011-08-25,9.8700,9.8700,9.8700,9.8700,5.7772,136,0.0000,1.0000
2011-08-24,9.8000,10.0900,9.8000,10.0500,5.8826,2200,0.0000,1.0000
2011-08-23,10.0000,10.0000,9.7100,9.9300,5.8123,1606,0.0000,1.0000
2011-08-22,10.0050,10.0050,9.7900,9.9000,5.7948,2276,0.0000,1.0000
2011-08-19,10.0400,10.0400,10.0400,10.0400,5.8767,484,0.0000,1.0000
2011-08-18,10.0500,10.0500,10.0500,10.0500,5.8826,200,0.0000,1.0000
2011-08-17,10.1500,10.1500,10.0500,10.0500,5.8826,560,0.0000,1.0000
2011-08-16,10.2700,10.2700,10.2700,10.2700,6.0114,100,0.0000,1.0000
2011-08-15,10.4000,10.5500,10.0500,10.0500,5.8826,1040,0.0000,1.0000
2011-08-12,10.3200,10.3200,10.3200,10.3200,6.0406,100,0.0000,1.0000
2011-08-11,10.3600,10.4000,10.0100,10.0500,5.8826,500,0.0000,1.0000
2011-08-10,10.6100,10.6100,9.2500,9.8700,5.7772,2551,0.0000,1.0000
2011-08-09,9.0900,9.2500,9.0100,9.2500,5.4143,2094,0.0000,1.0000
2011-08-08,9.1100,9.1700,9.0000,9.0000,5.2680,1769,0.0000,1.0000
2011-08-05,9.9400,9.9400,9.1200,9.5100,5.5665,2716,0.0000,1.0000
2011-08-04,10.1200,10.2300,9.9200,10.2299,5.9879,3645,0.0000,1.0000
2011-08-03,10.1900,10.1900,10.1900,10.1900,5.9645,0,0.0000,1.0000
2011-08-02,10.1900,10.1900,10.1900,10.1900,5.9645,0,0.0000,1.0000
2011-08-01,10.1900,10.1900,10.1900,10.1900,5.9645,0,0.0000,1.0000
2011-07-29,10.2700,10.2750,10.1101,10.1900,5.9645,1745,0.0000,1.0000
2011-07-28,10.3000,10.3000,10.2700,10.2700,6.0114,559,0.0000,1.0000
2011-07-27,10.4400,10.4410,10.3900,10.3900,6.0816,1600,0.0000,1.0000
2011-07-26,10.3500,10.3500,10.3500,10.3500,6.0582,0,0.0000,1.0000
2011-07-25,10.5000,10.5000,10.3500,10.3500,6.0582,500,0.0000,1.0000
2011-07-22,10.4700,10.4700,10.4700,10.4700,6.1284,100,0.0900,1.0000
2011-07-21,10.6000,10.6000,10.5400,10.5400,6.1168,1000,0.0000,1.0000
2011-07-20,10.5100,10.8260,10.5100,10.6300,6.1690,1670,0.0000,1.0000
2011-07-19,10.3600,10.6000,10.3600,10.3700,6.0182,4226,0.0000,1.0000
2011-07-18,10.3000,10.3000,10.3000,10.3000,5.9775,200,0.0000,1.0000
2011-07-15,10.2700,10.2700,10.2700,10.2700,5.9601,156,0.0000,1.0000
2011-07-14,10.6300,10.8900,10.6300,10.8900,6.3199,3500,0.0000,1.0000
2011-07-13,10.7500,10.8900,10.3860,10.8900,6.3199,4590,0.0000,1.0000
2011-07-12,10.5000,10.6900,10.5000,10.6900,6.2039,1279,0.0000,1.0000
2011-07-11,10.8500,10.8500,10.4100,10.6300,6.1690,3682,0.0000,1.0000
2011-07-08,10.7000,10.8200,10.7000,10.8200,6.2793,200,0.0000,1.0000
2011-07-07,10.9400,10.9700,10.9400,10.9700,6.3664,300,0.0000,1.0000
2011-07-06,10.9400,11.0000,10.5300,10.9600,6.3606,4562,0.0000,1.0000
2011-07-05,10.9700,11.0000,10.5960,10.9200,6.3373,8827,0.0000,1.0000
2011-07-01,10.6700,11.0000,10.4500,11.0000,6.3838,3779,0.0000,1.0000
2011-06-30,10.6100,10.7900,10.4500,10.5000,6.0936,3430,0.0000,1.0000
2011-06-29,10.6400,10.6600,10.6400,10.6500,6.1807,762,0.0000,1.0000
2011-06-28,10.7200,10.9500,10.7200,10.7200,6.2213,12383,0.0000,1.0000
2011-06-27,10.5200,10.8600,10.5200,10.7500,6.2387,5009,0.0000,1.0000
2011-06-24,10.2800,10.5000,10.2300,10.5000,6.0936,8584,0.0000,1.0000
2011-06-23,10.3700,10.3700,10.2400,10.2400,5.9427,1300,0.0000,1.0000
2011-06-22,10.3500,10.4340,10.3500,10.3500,6.0065,3000,0.0000,1.0000
2011-06-21,10.5000,10.5000,10.3500,10.3500,6.0065,882,0.0000,1.0000
2011-06-20,10.5500,10.5500,10.5500,10.5500,6.1226,0,0.0000,1.0000
2011-06-17,10.3100,10.5500,10.3100,10.5500,6.1226,1015,0.0000,1.0000
2011-06-16,10.3501,10.3600,10.3501,10.3600,6.0124,700,0.0000,1.0000
2011-06-15,10.4400,10.5500,10.2700,10.3700,6.0182,3500,0.0000,1.0000
2011-06-14,10.2400,10.5000,10.0700,10.4100,6.0414,4736,0.0000,1.0000
2011-06-13,10.3100,10.3500,10.1600,10.2600,5.9543,3450,0.0000,1.0000
2011-06-10,10.2101,10.2101,10.2101,10.2101,5.9254,100,0.0000,1.0000
2011-06-09,10.4700,10.6001,10.3900,10.5500,6.1226,5360,0.0000,1.0000
2011-06-08,10.3200,10.5000,10.0501,10.5000,6.0936,2400,0.0000,1.0000
2011-06-07,10.4600,10.5000,10.4000,10.5000,6.0936,6129,0.0000,1.0000
2011-06-06,10.3800,10.4300,10.3600,10.3700,6.0182,2600,0.0000,1.0000
2011-06-03,10.4300,10.4300,10.4300,10.4300,6.0530,0,0.0000,1.0000
2011-06-02,10.5000,10.5694,10.2000,10.4300,6.0530,1717,0.0000,1.0000
2011-06-01,10.5000,10.5100,10.5000,10.5100,6.0994,1417,0.0000,1.0000
2011-05-31,10.5800,10.7500,10.5000,10.5000,6.0936,2683,0.0000,1.0000
2011-05-27,10.5400,10.7800,10.5100,10.6300,6.1690,2250,0.0000,1.0000
2011-05-26,10.8300,10.8400,10.1400,10.4000,6.0356,950,0.0000,1.0000
2011-05-25,10.5200,10.8100,10.0200,10.1500,5.8905,7842,0.0000,1.0000
2011-05-24,10.3500,10.7000,10.3500,10.4400,6.0588,900,0.0000,1.0000
2011-05-23,10.2300,10.8030,10.2001,10.3600,6.0124,2421,0.0000,1.0000
2011-05-20,10.5900,10.5900,10.2400,10.3100,5.9833,4100,0.0000,1.0000
2011-05-19,10.4500,10.8000,10.2200,10.3000,5.9775,3629,0.0000,1.0000
2011-05-18,10.3400,10.3999,10.2100,10.3500,6.0065,4859,0.0000,1.0000
2011-05-17,10.2500,10.2500,10.2500,10.2500,5.9485,0,0.0000,1.0000
2011-05-16,10.2700,10.3300,10.2001,10.2500,5.9485,1908,0.0000,1.0000
2011-05-13,10.5900,10.5900,10.4500,10.5043,6.0961,903,0.0000,1.0000
2011-05-12,10.5800,10.5800,10.2000,10.5799,6.1400,1504,0.0000,1.0000
2011-05-11,10.6700,10.8020,10.5700,10.6500,6.1807,1329,0.0000,1.0000
2011-05-10,10.7000,10.7400,10.5500,10.5700,6.1342,11801,0.0000,1.0000
2011-05-09,10.5500,10.8000,10.5500,10.7100,6.2155,5105,0.0000,1.0000
2011-05-06,10.6000,10.9000,10.6000,10.7400,6.2329,9724,0.0000,1.0000
2011-05-05,10.6800,10.7800,10.5601,10.5671,6.1325,1887,0.0000,1.0000
2011-05-04,10.8000,10.8600,10.6200,10.6300,6.1690,2020,0.0000,1.0000
2011-05-03,10.6820,10.8899,10.6200,10.6300,6.1690,2901,0.0000,1.0000
2011-05-02,10.6800,10.8792,10.6500,10.7000,6.2097,2182,0.0000,1.0000
2011-04-29,10.7700,10.8800,10.7700,10.8800,6.3141,1885,0.0000,1.0000
2011-04-28,10.9000,10.9000,10.4700,10.4700,6.0762,2387,0.0000,1.0000
2011-04-27,10.8500,10.8500,10.7200,10.8399,6.2909,2804,0.0000,1.0000
2011-04-26,10.8500,10.8500,10.7000,10.7800,6.2561,1574,0.0000,1.0000
2011-04-25,10.8900,10.8900,10.6700,10.8300,6.2851,652,0.0000,1.0000
2011-04-21,10.6100,11.0300,10.6100,10.8100,6.2735,2582,0.0900,1.0000
2011-04-20,10.8500,10.8500,10.7800,10.7800,6.2044,503,0.0000,1.0000
2011-04-19,10.5700,11.2500,10.5700,11.2500,6.4749,2222,0.0000,1.0000
2011-04-18,10.1900,10.7800,10.1900,10.7800,6.2044,1200,0.0000,1.0000
2011-04-15,10.8940,10.9000,10.4100,10.5000,6.0433,1949,0.0000,1.0000
2011-04-14,10.7200,10.7200,10.1700,10.1700,5.8534,3777,0.0000,1.0000
2011-04-13,10.7400,11.0700,10.7000,10.7000,6.1584,2741,0.0000,1.0000
2011-04-12,10.9000,11.2500,10.9000,11.0100,6.3368,2000,0.0000,1.0000
2011-04-11,10.9000,10.9000,10.8400,10.8400,6.2390,849,0.0000,1.0000
2011-04-08,10.8000,10.8000,10.8000,10.8000,6.2160,0,0.0000,1.0000
2011-04-07,10.7500,10.9200,10.5500,10.8000,6.2160,2462,0.0000,1.0000
2011-04-06,10.7500,10.8300,10.7500,10.8100,6.2217,1057,0.0000,1.0000
2011-04-05,11.0200,11.0200,10.6110,10.9000,6.2735,700,0.0000,1.0000
2011-04-04,10.9000,10.9400,10.9000,10.9300,6.2908,4661,0.0000,1.0000
2011-04-01,10.8300,10.9000,10.8300,10.9000,6.2735,2435,0.0000,1.0000
2011-03-31,10.9000,10.9000,10.6000,10.8300,6.2332,1155,0.0000,1.0000
2011-03-30,10.7100,10.9500,10.7000,10.9000,6.2735,1453,0.0000,1.0000
2011-03-29,10.4400,10.7699,10.4400,10.7699,6.1986,3044,0.0000,1.0000
2011-03-28,10.1000,10.5000,10.1000,10.3600,5.9627,2763,0.0000,1.0000
2011-03-25,10.5100,10.5100,10.0300,10.0300,5.7728,1156,0.0000,1.0000
2011-03-24,10.3801,10.3801,10.3801,10.3801,5.9743,0,0.0000,1.0000
2011-03-23,10.4500,10.4500,10.3800,10.3801,5.9743,800,0.0000,1.0000
2011-03-22,10.3200,10.5500,10.1000,10.4699,6.0260,5625,0.0000,1.0000
2011-03-21,10.3640,10.4000,10.1100,10.3884,5.9791,2159,0.0000,1.0000
2011-03-18,10.3600,10.4280,10.3300,10.3300,5.9454,3148,0.0000,1.0000
2011-03-17,10.8900,10.9400,10.0624,10.3600,5.9627,4162,0.0000,1.0000
2011-03-16,10.9200,10.9200,10.9200,10.9200,6.2850,0,0.0000,1.0000
2011-03-15,10.7400,10.9200,10.4300,10.9200,6.2850,1397,0.0000,1.0000
2011-03-14,10.8500,11.1701,10.5000,10.9499,6.3022,10519,0.0000,1.0000
2011-03-11,10.7500,10.8200,10.7500,10.8200,6.2275,2435,0.0000,1.0000
2011-03-10,10.5000,10.5400,10.3000,10.3200,5.9397,1720,0.0000,1.0000
2011-03-09,10.5500,10.5600,10.5000,10.5000,6.0433,1000,0.0000,1.0000
2011-03-08,10.6900,10.6900,10.6900,10.6900,6.1526,0,0.0000,1.0000
2011-03-07,10.5600,11.0000,10.4000,10.6900,6.1526,1959,0.0000,1.0000
2011-03-04,10.1300,10.6100,10.1000,10.4600,6.0203,400,0.0000,1.0000
2011-03-03,10.7000,10.8800,10.3050,10.3050,5.9311,2444,0.0000,1.0000
2011-03-02,10.6700,10.6700,10.6700,10.6700,6.1411,0,0.0000,1.0000
2011-03-01,10.7200,10.7200,10.5200,10.6700,6.1411,1000,0.0000,1.0000
2011-02-28,10.5000,10.7000,10.4800,10.7000,6.1584,3959,0.0000,1.0000
2011-02-25,10.4900,10.6400,10.4900,10.6400,6.1239,3365,0.0000,1.0000
2011-02-24,10.0700,10.5100,10.0600,10.5100,6.0490,500,0.0000,1.0000
2011-02-23,10.3000,10.3000,10.2600,10.3000,5.9282,2468,0.0000,1.0000
2011-02-22,10.3500,10.3500,10.0180,10.3100,5.9339,7415,0.0000,1.0000
2011-02-18,10.5000,10.7490,10.2000,10.3500,5.9570,4541,0.0000,1.0000
2011-02-17,10.7000,10.7000,10.6500,10.6500,6.1296,1100,0.0000,1.0000
2011-02-16,10.8600,10.8800,10.4560,10.6900,6.1526,1036,0.0000,1.0000
2011-02-15,10.3201,10.8800,10.3201,10.4800,6.0318,5226,0.0000,1.0000
2011-02-14,10.4900,10.4900,10.3201,10.3550,5.9598,1638,0.0000,1.0000
2011-02-11,10.4900,10.4900,10.3550,10.3550,5.9598,500,0.0000,1.0000
2011-02-10,10.3000,10.4900,10.3000,10.4900,6.0375,4543,0.0000,1.0000
2011-02-09,10.4800,10.4800,10.2000,10.3500,5.9570,2716,0.0000,1.0000
2011-02-08,10.4300,10.4600,10.3300,10.3400,5.9512,1199,0.0000,1.0000
2011-02-07,10.1600,10.4900,10.1500,10.2500,5.8994,3677,0.0000,1.0000
2011-02-04,10.1500,10.1501,10.1500,10.1501,5.8419,200,0.0000,1.0000
2011-02-03,10.1500,10.2000,10.1500,10.2000,5.8706,200,0.0000,1.0000
2011-02-02,10.1400,10.1400,10.1400,10.1400,5.8361,0,0.0000,1.0000
2011-02-01,10.1700,10.4000,10.1400,10.1500,5.8418,7918,0.0000,1.0000
2011-01-31,10.1500,10.3150,10.1350,10.1350,5.8332,1100,0.0000,1.0000
2011-01-28,10.4000,10.4500,10.3800,10.3800,5.9742,483,0.0000,1.0000
2011-01-27,10.2500,10.4000,10.2500,10.3900,5.9800,2280,0.0000,1.0000
2011-01-26,10.1800,10.4500,10.1800,10.4500,6.0145,1319,0.0000,1.0000
2011-01-25,10.2200,10.2200,10.2200,10.2200,5.8821,100,0.0000,1.0000
2011-01-24,10.3100,10.3740,10.0700,10.1000,5.8131,4880,0.0000,1.0000
2011-01-21,10.1700,10.4000,9.8100,10.3000,5.9282,3527,0.0800,1.0000
2011-01-20,10.5000,10.5000,10.0000,10.3800,5.9282,8015,0.0000,1.0000
2011-01-19,10.6000,11.2300,10.2800,10.8300,6.1852,13893,0.0000,1.0000
2011-01-18,10.1200,10.8300,10.1200,10.8300,6.1852,7488,0.0000,1.0000
2011-01-14,9.9900,10.2500,9.9900,10.2100,5.8311,9150,0.0000,1.0000
2011-01-13,9.9500,9.9500,9.8400,9.9300,5.6712,1900,0.0000,1.0000
2011-01-12,9.7900,9.8900,9.7700,9.7900,5.5912,2450,0.0000,1.0000
2011-01-11,9.8000,9.8000,9.5424,9.5424,5.4498,1052,0.0000,1.0000
2011-01-10,9.7900,9.7900,9.5700,9.7100,5.5455,2076,0.0000,1.0000
2011-01-07,9.6300,9.8000,9.5000,9.5300,5.4427,2655,0.0000,1.0000
2011-01-06,9.4101,9.6300,9.4101,9.6300,5.4998,1862,0.0000,1.0000
2011-01-05,9.5100,9.5500,9.5000,9.5000,5.4256,750,0.0000,1.0000
2011-01-04,9.4700,9.7900,9.3508,9.4800,5.4142,5267,0.0000,1.0000
2011-01-03,9.4000,9.7000,9.3000,9.3300,5.3285,5425,0.0000,1.0000
2010-12-31,9.5000,9.5000,9.5000,9.5000,5.4256,400,0.0000,1.0000
2010-12-30,9.3000,9.3000,9.3000,9.3000,5.3114,2503,0.0000,1.0000
2010-12-29,9.2500,9.2500,9.2100,9.2500,5.2828,3867,0.0000,1.0000
2010-12-28,9.1000,9.1000,9.1000,9.1000,5.1971,2467,0.0000,1.0000
2010-12-27,8.9700,9.2500,8.9500,9.1200,5.2086,17901,0.0000,1.0000
2010-12-23,8.6000,8.9700,8.6000,8.6500,4.9401,1600,0.0000,1.0000
2010-12-22,8.6200,8.6200,8.6200,8.6200,4.9230,300,0.0000,1.0000
2010-12-21,8.5700,8.5700,8.5700,8.5700,4.8945,8563,0.0000,1.0000
2010-12-20,8.9000,8.9000,8.4900,8.5700,4.8945,24830,0.0000,1.0000
2010-12-17,8.8900,8.8900,8.6800,8.6800,4.9573,600,0.0000,1.0000
2010-12-16,8.7100,8.8900,8.6500,8.8900,5.0772,1100,0.0000,1.0000
2010-12-15,8.9001,8.9001,8.8800,8.8999,5.0829,2299,0.0000,1.0000
2010-12-14,8.9600,8.9600,8.9600,8.9600,5.1172,0,0.0000,1.0000
2010-12-13,8.8800,8.9900,8.8800,8.9600,5.1172,2880,0.0000,1.0000
2010-12-10,8.9000,8.9000,8.6700,8.8799,5.0714,2385,0.0000,1.0000
2010-12-09,8.8900,9.0000,8.8800,8.8800,5.0715,1620,0.0000,1.0000
2010-12-08,8.8600,9.0000,8.8600,9.0000,5.1400,1565,0.0000,1.0000
2010-12-07,8.8700,8.8800,8.8200,8.8700,5.0658,1533,0.0000,1.0000
2010-12-06,9.0800,9.4400,8.7200,8.7500,4.9973,2439,0.0000,1.0000
2010-12-03,8.9500,8.9800,8.9000,8.9800,5.1286,8616,0.0000,1.0000
2010-12-02,9.2300,9.2300,8.7500,8.8480,5.0532,2695,0.0000,1.0000
2010-12-01,8.8000,9.0000,8.7500,9.0000,5.1400,2150,0.0000,1.0000
2010-11-30,8.8600,8.8600,8.8500,8.8500,5.0544,2917,0.0000,1.0000
2010-11-29,8.8500,8.8501,8.8500,8.8500,5.0544,600,0.0000,1.0000
2010-11-26,8.9000,8.9000,8.9000,8.9000,5.0829,1760,0.0000,1.0000
2010-11-24,9.1300,9.1300,8.8501,8.9500,5.1115,859,0.0000,1.0000
2010-11-23,9.0000,9.0000,8.8500,8.8500,5.0544,1700,0.0000,1.0000
2010-11-22,8.8700,8.8700,8.8600,8.8600,5.0601,383,0.0000,1.0000
2010-11-19,9.2500,9.2500,8.8000,8.8500,5.0544,1174,0.0000,1.0000
2010-11-18,9.1899,9.1900,9.0899,9.1900,5.2485,2422,0.0000,1.0000
2010-11-17,8.9800,8.9800,8.9800,8.9800,5.1286,150,0.0000,1.0000
2010-11-16,9.1000,9.2400,8.7700,9.1900,5.2485,1500,0.0000,1.0000
2010-11-15,9.1001,9.1001,9.1001,9.1001,5.1972,300,0.0000,1.0000
2010-11-12,9.2499,9.2499,9.0000,9.0000,5.1400,1345,0.0000,1.0000
2010-11-11,9.0200,9.0200,9.0200,9.0200,5.1515,100,0.0000,1.0000
2010-11-10,9.2400,9.2400,9.0000,9.0000,5.1400,1462,0.0000,1.0000
2010-11-09,9.2500,9.2500,9.0500,9.0630,5.1760,913,0.0000,1.0000
2010-11-08,9.0100,9.2499,9.0100,9.2499,5.2828,1554,0.0000,1.0000
2010-11-05,9.1300,9.2500,8.7500,9.2000,5.2543,1990,0.0000,1.0000
2010-11-04,9.1000,9.2500,9.1000,9.2500,5.2828,508,0.0000,1.0000
2010-11-03,9.1000,9.1000,9.1000,9.1000,5.1971,0,0.0000,1.0000
2010-11-02,9.1000,9.1000,9.1000,9.1000,5.1971,583,0.0000,1.0000
2010-11-01,9.0200,9.0200,9.0000,9.0100,5.1457,835,0.0000,1.0000
2010-10-29,9.0350,9.4800,9.0350,9.3100,5.3171,1667,0.0000,1.0000
2010-10-28,9.0000,9.1400,9.0000,9.1300,5.2143,2511,0.0000,1.0000
2010-10-27,9.1100,9.2650,9.1000,9.1000,5.1971,6591,0.0000,1.0000
2010-10-26,9.0000,9.1000,9.0000,9.0500,5.1686,6105,0.0000,1.0000
2010-10-25,8.4000,9.0600,8.3400,9.0600,5.1743,6511,0.0000,1.0000
2010-10-22,8.2000,8.6700,8.2000,8.6100,4.9173,4001,0.0800,1.0000
2010-10-21,8.4500,8.7500,8.4500,8.7500,4.9513,7911,0.0000,1.0000
2010-10-20,8.5000,8.5000,8.4500,8.4500,4.7815,1136,0.0000,1.0000
2010-10-19,8.3800,8.4800,8.3800,8.4500,4.7815,2163,0.0000,1.0000
2010-10-18,8.3400,8.3800,8.3400,8.3800,4.7419,681,0.0000,1.0000
2010-10-15,8.3000,8.3800,8.3000,8.3800,4.7419,20200,0.0000,1.0000
2010-10-14,8.1900,8.3800,8.1700,8.2800,4.6853,5555,0.0000,1.0000
2010-10-13,8.1500,8.4899,8.1500,8.1600,4.6174,4008,0.0000,1.0000
2010-10-12,8.2800,8.2800,8.2800,8.2800,4.6853,0,0.0000,1.0000
2010-10-11,8.1300,8.2800,8.1300,8.2800,4.6853,400,0.0000,1.0000
2010-10-08,8.3000,8.3000,8.0300,8.1975,4.6386,3909,0.0000,1.0000
2010-10-07,8.3000,8.3000,8.3000,8.3000,4.6966,0,0.0000,1.0000
2010-10-06,8.3600,8.5000,8.3000,8.3000,4.6966,5123,0.0000,1.0000
2010-10-05,8.3501,8.3600,8.3501,8.3600,4.7306,614,0.0000,1.0000
2010-10-04,8.3400,8.3400,8.3400,8.3400,4.7193,120,0.0000,1.0000
2010-10-01,8.3300,8.5000,8.3300,8.3400,4.7193,8554,0.0000,1.0000
2010-09-30,8.3400,8.3400,8.1900,8.3400,4.7193,1222,0.0000,1.0000
2010-09-29,8.4000,8.5000,8.2500,8.2500,4.6683,19117,0.0000,1.0000
2010-09-28,8.1500,8.2500,8.1500,8.2500,4.6683,3340,0.0000,1.0000
2010-09-27,8.2400,8.2400,8.2400,8.2400,4.6627,0,0.0000,1.0000
2010-09-24,8.0500,8.2400,8.0500,8.2400,4.6627,1700,0.0000,1.0000
2010-09-23,8.0300,8.0300,8.0300,8.0300,4.5438,2200,0.0000,1.0000
2010-09-22,8.0400,8.0740,8.0300,8.0740,4.5687,1540,0.0000,1.0000
2010-09-21,8.1000,8.2500,8.1000,8.2500,4.6683,1400,0.0000,1.0000
2010-09-20,8.0100,8.2500,8.0100,8.2499,4.6683,1296,0.0000,1.0000
2010-09-17,8.0000,8.2500,8.0000,8.2500,4.6683,4424,0.0000,1.0000
2010-09-16,7.8700,8.0000,7.8700,8.0000,4.5269,2256,0.0000,1.0000
2010-09-15,8.0000,8.0000,7.5400,7.6700,4.3401,4035,0.0000,1.0000
2010-09-14,8.0000,8.0000,8.0000,8.0000,4.5269,100,0.0000,1.0000
2010-09-13,7.9200,7.9200,7.9200,7.9200,4.4816,0,0.0000,1.0000
2010-09-10,8.2900,8.3000,7.9000,7.9200,4.4816,3257,0.0000,1.0000
2010-09-09,8.2900,8.2900,8.2600,8.2600,4.6740,225,0.0000,1.0000
2010-09-08,7.8501,7.8501,7.8500,7.8500,4.4420,950,0.0000,1.0000
2010-09-07,8.2999,8.2999,7.9100,8.0100,4.5325,711,0.0000,1.0000
2010-09-03,7.9000,7.9000,7.9000,7.9000,4.4703,181,0.0000,1.0000
2010-09-02,7.8000,7.8000,7.8000,7.8000,4.4137,301,0.0000,1.0000
2010-09-01,7.8200,7.8200,7.8200,7.8200,4.4250,158,0.0000,1.0000
2010-08-31,8.2300,8.2300,8.2300,8.2300,4.6570,831,0.0000,1.0000
2010-08-30,7.8000,7.8000,7.8000,7.8000,4.4137,0,0.0000,1.0000
2010-08-27,8.0000,8.0000,7.8000,7.8501,4.4420,1779,0.0000,1.0000
2010-08-26,8.0120,8.0120,8.0120,8.0120,4.5337,300,0.0000,1.0000
2010-08-25,8.0100,8.0100,8.0100,8.0100,4.5325,100,0.0000,1.0000
2010-08-24,8.1000,8.1015,8.1000,8.1015,4.5843,872,0.0000,1.0000
2010-08-23,8.2900,8.2900,8.2900,8.2900,4.6910,100,0.0000,1.0000
2010-08-20,8.3000,8.3000,8.0001,8.2900,4.6910,614,0.0000,1.0000
2010-08-19,8.0400,8.2700,8.0000,8.0600,4.5608,1465,0.0000,1.0000
2010-08-18,8.2100,8.2200,8.0000,8.0000,4.5269,2832,0.0000,1.0000
2010-08-17,8.2000,8.2200,8.2000,8.2200,4.6513,702,0.0000,1.0000
2010-08-16,8.2000,8.2500,8.2000,8.2500,4.6683,1483,0.0000,1.0000
2010-08-13,8.2361,8.2361,8.2361,8.2361,4.6605,200,0.0000,1.0000
2010-08-12,8.2000,8.4000,8.2000,8.2001,4.6401,1335,0.0000,1.0000
2010-08-11,8.4200,8.4500,8.3999,8.4000,4.7532,3870,0.0000,1.0000
2010-08-10,8.3900,8.4900,8.3800,8.4900,4.8041,9206,0.0000,1.0000
2010-08-09,8.0500,8.0600,8.0500,8.0600,4.5608,300,0.0000,1.0000
2010-08-06,8.0900,8.0900,8.0900,8.0900,4.5778,0,0.0000,1.0000
2010-08-05,8.2700,8.2700,8.0900,8.0900,4.5778,804,0.0000,1.0000
2010-08-04,8.4399,8.4399,8.0000,8.0900,4.5778,685,0.0000,1.0000
2010-08-03,8.2500,8.2500,8.0400,8.0900,4.5778,1600,0.0000,1.0000
2010-08-02,8.5100,8.5100,8.3400,8.3400,4.7193,14777,0.0000,1.0000
2010-07-30,8.3000,8.3001,8.3000,8.3001,4.6967,1636,0.0000,1.0000
2010-07-29,8.2600,8.2600,8.2500,8.2500,4.6683,1000,0.0000,1.0000
2010-07-28,8.2500,8.3900,8.2500,8.3900,4.7475,7040,0.0000,1.0000
2010-07-27,8.4000,8.4000,8.4000,8.4000,4.7532,100,0.0000,1.0000
2010-07-26,8.2500,8.4000,8.2500,8.3150,4.7051,1050,0.0000,1.0000
2010-07-23,8.2001,8.2600,8.2001,8.2500,4.6683,4420,0.0800,1.0000
2010-07-22,8.3199,8.3199,8.0000,8.2500,4.6235,1150,0.0000,1.0000
2010-07-21,8.2500,8.3200,8.0800,8.3200,4.6627,1000,0.0000,1.0000
2010-07-20,7.8500,8.0800,7.8300,8.0000,4.4834,4402,0.0000,1.0000
2010-07-19,7.3500,7.8500,7.3500,7.8500,4.3993,5644,0.0000,1.0000
2010-07-16,7.3900,7.6000,7.3900,7.6000,4.2592,566,0.0000,1.0000
2010-07-15,7.0800,7.3700,7.0800,7.3700,4.1303,1740,0.0000,1.0000
2010-07-14,7.2400,7.3400,7.1200,7.1200,3.9902,994,0.0000,1.0000
2010-07-13,7.4600,7.4700,7.1800,7.2500,4.0631,3653,0.0000,1.0000
2010-07-12,7.3000,7.3000,7.3000,7.3000,4.0911,100,0.0000,1.0000
2010-07-09,7.4899,7.4899,7.3000,7.3000,4.0911,1673,0.0000,1.0000
2010-07-08,7.1500,7.2100,7.0500,7.1900,4.0294,957,0.0000,1.0000
2010-07-07,7.1400,7.1500,7.1000,7.1500,4.0070,2658,0.0000,1.0000
2010-07-06,7.1000,7.1000,7.1000,7.1000,3.9790,907,0.0000,1.0000
2010-07-02,7.2200,7.2200,7.1000,7.1000,3.9790,1000,0.0000,1.0000
2010-07-01,7.1000,7.1000,7.1000,7.1000,3.9790,200,0.0000,1.0000
2010-06-30,7.1000,7.1000,7.1000,7.1000,3.9790,0,0.0000,1.0000
2010-06-29,7.1300,7.2200,7.1000,7.1000,3.9790,2475,0.0000,1.0000
2010-06-28,7.4400,7.4400,7.3000,7.3000,4.0911,1528,0.0000,1.0000
2010-06-25,7.2000,7.4400,7.2000,7.4400,4.1695,1244,0.0000,1.0000
2010-06-24,7.1900,7.3300,7.1700,7.1700,4.0182,400,0.0000,1.0000
2010-06-23,7.3300,7.3550,7.2000,7.2000,4.0350,800,0.0000,1.0000
2010-06-22,7.1500,7.2001,7.1100,7.2000,4.0350,4261,0.0000,1.0000
2010-06-21,7.4999,7.4999,7.1000,7.2500,4.0631,1012,0.0000,1.0000
2010-06-18,7.5599,7.5599,7.1100,7.4300,4.1639,3048,0.0000,1.0000
2010-06-17,7.0550,7.1500,7.0550,7.1100,3.9846,2000,0.0000,1.0000
2010-06-16,7.4000,7.4000,7.1700,7.1920,4.0306,5704,0.0000,1.0000
2010-06-15,7.2600,7.2600,7.2500,7.2500,4.0631,1900,0.0000,1.0000
2010-06-14,7.3000,7.3000,7.3000,7.3000,4.0911,1796,0.0000,1.0000
2010-06-11,7.6400,7.6400,7.1700,7.2400,4.0575,2100,0.0000,1.0000
2010-06-10,7.5000,7.5000,7.5000,7.5000,4.2032,0,0.0000,1.0000
2010-06-09,7.5000,7.5000,7.5000,7.5000,4.2032,1500,0.0000,1.0000
2010-06-08,7.3500,7.3500,7.3500,7.3500,4.1191,0,0.0000,1.0000
2010-06-07,7.2600,7.3500,7.2600,7.3500,4.1191,600,0.0000,1.0000
2010-06-04,7.3000,7.3400,7.3000,7.3400,4.1135,298,0.0000,1.0000
2010-06-03,7.7500,7.7500,7.6000,7.6000,4.2592,1200,0.0000,1.0000
2010-06-02,8.0000,8.0000,7.2000,7.3500,4.1191,14200,0.0000,1.0000
2010-06-01,8.1600,8.1620,8.1500,8.1620,4.5742,480,0.0000,1.0000
2010-05-28,8.6400,8.6500,8.1500,8.1500,4.5674,2854,0.0000,1.0000
2010-05-27,8.0000,8.0000,8.0000,8.0000,4.4834,0,0.0000,1.0000
2010-05-26,8.0200,8.0900,7.9900,8.0000,4.4834,1421,0.0000,1.0000
2010-05-25,8.1600,8.1600,8.0200,8.0200,4.4946,1302,0.0000,1.0000
2010-05-24,8.1000,8.1000,8.0200,8.0300,4.5002,1000,0.0000,1.0000
2010-05-21,8.1001,8.1001,8.1001,8.1001,4.5395,100,0.0000,1.0000
2010-05-20,8.3200,8.4500,8.1000,8.1000,4.5394,7053,0.0000,1.0000
2010-05-19,8.3500,8.5300,8.3300,8.5000,4.7636,7997,0.0000,1.0000
2010-05-18,8.2500,8.5400,8.2500,8.2900,4.6459,5271,0.0000,1.0000
2010-05-17,8.1700,8.3400,8.1100,8.1800,4.5843,8197,0.0000,1.0000
2010-05-14,8.5000,8.5000,8.3800,8.3800,4.6963,340,0.0000,1.0000
2010-05-13,8.0800,8.1000,8.0800,8.0800,4.5282,1500,0.0000,1.0000
2010-05-12,8.8100,8.8599,8.0600,8.0700,4.5226,4861,0.0000,1.0000
2010-05-11,8.2900,8.2900,8.1200,8.1300,4.5562,1353,0.0000,1.0000
2010-05-10,8.3999,8.3999,8.0600,8.0630,4.5187,2400,0.0000,1.0000
2010-05-07,8.2000,8.2000,8.0200,8.1900,4.5899,2088,0.0000,1.0000
2010-05-06,8.0000,8.1980,8.0000,8.1900,4.5899,800,0.0000,1.0000
2010-05-05,8.0300,8.3700,8.0100,8.0100,4.4890,4686,0.0000,1.0000
2010-05-04,8.5500,8.5500,8.4500,8.4500,4.7356,2900,0.0000,1.0000
2010-05-03,8.6000,8.6000,8.6000,8.6000,4.8196,200,0.0000,1.0000
2010-04-30,8.6000,8.8200,8.5500,8.5500,4.7916,7800,0.0000,1.0000
2010-04-29,8.5800,8.5800,8.5700,8.5700,4.8028,1752,0.0000,1.0000
2010-04-28,8.6300,8.6300,8.5500,8.5700,4.8028,5200,0.0000,1.0000
2010-04-27,8.6150,8.6800,8.6150,8.6800,4.8645,200,0.0000,1.0000
2010-04-26,8.8700,8.8700,8.5900,8.7799,4.9205,7212,0.0000,1.0000
2010-04-23,8.8325,8.8500,8.7701,8.8500,4.9597,1465,0.0600,1.0000
2010-04-22,8.8500,8.8710,8.7500,8.8500,4.9263,13101,0.0000,1.0000
2010-04-21,9.1500,9.1500,8.6000,8.9000,4.9542,2850,0.0000,1.0000
2010-04-20,8.7600,9.1500,8.7600,9.0999,5.0655,13901,0.0000,1.0000
2010-04-19,8.6700,8.7600,8.5100,8.7600,4.8762,400,0.0000,1.0000
2010-04-16,8.7000,9.0000,8.5000,8.6700,4.8261,4995,0.0000,1.0000
2010-04-15,6.9800,8.6000,6.8050,8.5900,4.7816,17187,0.0000,1.0000
2010-04-14,6.8200,7.1750,6.8200,7.1500,3.9800,2588,0.0000,1.0000
2010-04-13,7.1750,7.2000,7.0000,7.2000,4.0079,300,0.0000,1.0000
2010-04-12,7.1500,7.1950,6.7010,7.1950,4.0051,4604,0.0000,1.0000
2010-04-09,7.1300,7.1500,7.0800,7.0800,3.9411,400,0.0000,1.0000
2010-04-08,7.1250,7.1500,6.8600,7.1100,3.9578,6324,0.0000,1.0000
2010-04-07,7.0100,7.1800,6.7500,7.1800,3.9967,2764,0.0000,1.0000
2010-04-06,7.1750,7.1750,7.1000,7.1000,3.9522,200,0.0000,1.0000
2010-04-05,7.2000,7.2000,6.7010,7.1700,3.9912,3480,0.0000,1.0000
2010-04-01,7.2500,7.6000,7.1000,7.2501,4.0358,4777,0.0000,1.0000
2010-03-31,7.1000,7.4000,7.1000,7.3900,4.1136,5598,0.0000,1.0000
2010-03-30,7.0500,7.3500,7.0500,7.1000,3.9522,4470,0.0000,1.0000
2010-03-29,6.7200,7.2000,6.7200,7.1150,3.9606,9039,0.0000,1.0000
2010-03-26,6.7400,6.7400,6.7399,6.7399,3.7518,300,0.0000,1.0000
2010-03-25,6.3200,6.6000,6.3200,6.6000,3.6739,2161,0.0000,1.0000
2010-03-24,6.0300,6.3400,6.0200,6.3300,3.5236,3001,0.0000,1.0000
2010-03-23,6.2100,6.2100,6.2100,6.2100,3.4568,100,0.0000,1.0000
2010-03-22,6.0700,6.1000,6.0700,6.1000,3.3956,1638,0.0000,1.0000
2010-03-19,6.0600,6.0600,6.0600,6.0600,3.3733,1306,0.0000,1.0000
2010-03-18,5.8900,5.8900,5.8900,5.8900,3.2787,1306,0.0000,1.0000
2010-03-17,6.0000,6.0000,5.7800,6.0000,3.3399,5712,0.0000,1.0000
2010-03-16,6.0000,6.0900,5.9000,6.0000,3.3399,8239,0.0000,1.0000
2010-03-15,5.9450,5.9500,5.9320,5.9320,3.3020,738,0.0000,1.0000
2010-03-12,5.7600,5.9500,5.7600,5.9499,3.3120,2104,0.0000,1.0000
2010-03-11,5.9999,5.9999,5.8000,5.8000,3.2286,649,0.0000,1.0000
2010-03-10,5.7100,5.7201,5.7000,5.7201,3.1841,429,0.0000,1.0000
2010-03-09,5.6770,5.7300,5.6770,5.7300,3.1896,295,0.0000,1.0000
2010-03-08,5.9500,5.9500,5.9500,5.9500,3.3121,948,0.0000,1.0000
2010-03-05,5.6500,6.0000,5.6500,5.9500,3.3121,1983,0.0000,1.0000
2010-03-04,5.9900,5.9900,5.9900,5.9900,3.3343,0,0.0000,1.0000
2010-03-03,5.9900,5.9900,5.9900,5.9900,3.3343,0,0.0000,1.0000
2010-03-02,5.9900,5.9999,5.9900,5.9900,3.3343,1108,0.0000,1.0000
2010-03-01,5.8999,5.9000,5.6750,5.8570,3.2603,3694,0.0000,1.0000
2010-02-26,5.6500,5.6500,5.6500,5.6500,3.1451,3399,0.0000,1.0000
2010-02-25,5.6500,5.8900,5.6500,5.6500,3.1451,3399,0.0000,1.0000
2010-02-24,5.4020,5.9000,5.4020,5.8000,3.2286,700,0.0000,1.0000
2010-02-23,5.8661,5.8661,5.8661,5.8661,3.2654,100,0.0000,1.0000
2010-02-22,5.9000,5.9000,5.6600,5.8600,3.2620,1872,0.0000,1.0000
2010-02-19,5.8900,5.9000,5.6050,5.9000,3.2842,10507,0.0000,1.0000
2010-02-18,5.5500,5.6000,5.5200,5.6000,3.1172,1353,0.0000,1.0000
2010-02-17,5.5500,5.5500,5.5500,5.5500,3.0894,0,0.0000,1.0000
2010-02-16,5.7500,5.7500,5.5200,5.5500,3.0894,1097,0.0000,1.0000
2010-02-12,5.5000,5.7000,5.4999,5.4999,3.0615,29597,0.0000,1.0000
2010-02-11,5.6400,5.6400,5.6400,5.6400,3.1395,100,0.0000,1.0000
2010-02-10,5.6400,5.6499,5.4400,5.5300,3.0783,11798,0.0000,1.0000
2010-02-09,5.5000,5.6400,5.5000,5.5200,3.0727,2479,0.0000,1.0000
2010-02-08,5.5400,5.5700,5.5400,5.5500,3.0894,15863,0.0000,1.0000
2010-02-05,5.4800,5.4800,5.4800,5.4800,3.0504,100,0.0000,1.0000
2010-02-04,5.5000,5.5000,5.5000,5.5000,3.0616,300,0.0000,1.0000
2010-02-03,5.6500,5.6500,5.5500,5.6300,3.1339,1200,0.0000,1.0000
2010-02-02,5.4100,5.6500,5.4100,5.6300,3.1339,10320,0.0000,1.0000
2010-02-01,5.5000,5.6500,5.3300,5.6500,3.1451,16822,0.0000,1.0000
2010-01-29,5.6799,5.6800,5.6000,5.6800,3.1618,1200,0.0300,1.0000
2010-01-28,5.5000,5.7000,5.5000,5.6800,3.1452,2000,0.0000,1.0000
2010-01-27,5.5000,5.7000,5.5000,5.7000,3.1562,2600,0.0000,1.0000
2010-01-26,5.4800,5.6500,5.4800,5.6300,3.1175,19252,0.0000,1.0000
2010-01-25,5.4900,5.5000,5.3400,5.5000,3.0455,1150,0.0000,1.0000
2010-01-22,5.4800,5.4800,5.4200,5.4200,3.0012,200,0.0000,1.0000
2010-01-21,5.4001,5.4001,5.4001,5.4001,2.9902,0,0.0000,1.0000
2010-01-20,5.5500,5.5500,5.4000,5.4001,2.9902,3300,0.0000,1.0000
2010-01-19,5.4700,5.5000,5.2300,5.4300,3.0067,1044,0.0000,1.0000
2010-01-15,5.3200,5.6400,5.3200,5.5000,3.0455,1060,0.0000,1.0000
2010-01-14,5.7400,5.7400,5.5500,5.5500,3.0732,2160,0.0000,1.0000
2010-01-13,5.7360,5.7360,5.6700,5.6700,3.1396,200,0.0000,1.0000
2010-01-12,5.2700,5.2700,5.0000,5.2500,2.9071,6008,0.0000,1.0000
2010-01-11,5.4800,5.4800,5.4800,5.4800,3.0344,0,0.0000,1.0000
2010-01-08,5.2000,5.4800,5.2000,5.4800,3.0344,390,0.0000,1.0000
2010-01-07,5.2499,5.3215,5.2000,5.2400,2.9015,3490,0.0000,1.0000
2010-01-06,5.2100,5.2800,5.0950,5.2800,2.9237,2323,0.0000,1.0000
2010-01-05,5.4100,5.4100,5.4100,5.4100,2.9957,0,0.0000,1.0000
2010-01-04,5.3000,5.4800,5.3000,5.4100,2.9957,1902,0.0000,1.0000
2009-12-31,5.2400,5.2799,5.1200,5.2799,2.9236,12969,0.0000,1.0000
2009-12-30,5.2799,5.2799,5.2000,5.2000,2.8794,1100,0.0000,1.0000
2009-12-29,5.2800,5.2800,5.2000,5.2800,2.9237,4086,0.0000,1.0000
2009-12-28,5.2800,5.2800,5.2800,5.2800,2.9237,0,0.0000,1.0000
2009-12-24,5.2700,5.2770,5.1310,5.2770,2.9220,465,0.0000,1.0000
2009-12-23,5.2800,5.2800,5.1289,5.1289,2.8400,1035,0.0000,1.0000
2009-12-22,5.2899,5.2899,5.2000,5.2000,2.8794,690,0.0000,1.0000
2009-12-21,5.2600,5.2899,5.2000,5.2000,2.8794,13690,0.0000,1.0000
2009-12-18,5.5899,5.5899,5.2800,5.2800,2.9237,409,0.0000,1.0000
2009-12-17,5.5000,5.6999,5.4500,5.5999,3.1008,2378,0.0000,1.0000
2009-12-16,5.2900,5.2900,5.2300,5.2400,2.9015,10180,0.0000,1.0000
2009-12-15,5.7000,5.7000,5.7000,5.7000,3.1562,200,0.0000,1.0000
2009-12-14,5.8000,5.8500,5.7500,5.7850,3.2033,6166,0.0000,1.0000
2009-12-11,5.8000,5.8000,5.8000,5.8000,3.2116,0,0.0000,1.0000
2009-12-10,5.8000,5.8000,5.8000,5.8000,3.2116,200,0.0000,1.0000
2009-12-09,5.7800,5.9000,5.7700,5.8000,3.2116,9900,0.0000,1.0000
2009-12-08,5.9000,5.9000,5.8999,5.8999,3.2669,3000,0.0000,1.0000
2009-12-07,5.8000,5.8000,5.8000,5.8000,3.2116,0,0.0000,1.0000
2009-12-04,5.8001,5.8001,5.8001,5.8001,3.2117,272,0.0000,1.0000
2009-12-03,6.0000,6.0000,6.0000,6.0000,3.3223,0,0.0000,1.0000
2009-12-02,5.8100,6.0000,5.8100,6.0000,3.3223,3100,0.0000,1.0000
2009-12-01,5.8100,5.8400,5.8000,5.8400,3.2338,678,0.0000,1.0000
2009-11-30,6.0900,6.0900,6.0900,6.0900,3.3722,800,0.0000,1.0000
2009-11-27,6.0000,6.0000,6.0000,6.0000,3.3223,0,0.0000,1.0000
2009-11-25,6.0000,6.0000,5.7700,6.0000,3.3223,5439,0.0000,1.0000
2009-11-24,5.9000,5.9000,5.9000,5.9000,3.2670,986,0.0000,1.0000
2009-11-23,5.9145,6.0000,5.9145,6.0000,3.3223,1095,0.0000,1.0000
2009-11-20,5.9000,5.9000,5.9000,5.9000,3.2670,120,0.0000,1.0000
2009-11-19,5.9100,5.9100,5.9000,5.9000,3.2670,2800,0.0000,1.0000
2009-11-18,5.9500,6.0000,5.9500,6.0000,3.3223,1710,0.0000,1.0000
2009-11-17,5.9500,5.9500,5.9000,5.9300,3.2836,1144,0.0000,1.0000
2009-11-16,5.9501,5.9501,5.9500,5.9500,3.2947,500,0.0000,1.0000
2009-11-13,5.9501,6.0000,5.9501,6.0000,3.3223,2561,0.0000,1.0000
2009-11-12,6.0000,6.0000,5.9999,6.0000,3.3223,675,0.0000,1.0000
2009-11-11,6.0000,6.0000,6.0000,6.0000,3.3223,143,0.0000,1.0000
2009-11-10,6.0000,6.0000,5.9000,6.0000,3.3223,4400,0.0000,1.0000
2009-11-09,5.9500,5.9600,5.9000,5.9000,3.2670,3091,0.0000,1.0000
2009-11-06,6.0000,6.0000,6.0000,6.0000,3.3223,0,0.0000,1.0000
2009-11-05,5.9800,6.0000,5.9000,6.0000,3.3223,11397,0.0000,1.0000
2009-11-04,6.0000,6.0000,5.9500,5.9500,3.2947,600,0.0000,1.0000
2009-11-03,5.9100,5.9100,5.9000,5.9030,3.2686,2200,0.0000,1.0000
2009-11-02,5.9500,5.9500,5.9500,5.9500,3.2947,2200,0.0000,1.0000
2009-10-30,5.9000,5.9001,5.9000,5.9000,3.2670,1746,0.0000,1.0000
2009-10-29,6.0000,6.0000,6.0000,6.0000,3.3223,0,0.0000,1.0000
2009-10-28,6.0000,6.0000,6.0000,6.0000,3.3223,0,0.0000,1.0000
2009-10-27,5.9000,6.0000,5.8300,6.0000,3.3223,3400,0.0300,1.0000
2009-10-26,5.8375,6.1000,5.8375,6.0000,3.3058,24027,0.0000,1.0000
2009-10-23,5.9987,5.9987,5.9987,5.9987,3.3051,0,0.0000,1.0000
2009-10-22,5.9987,5.9987,5.9987,5.9987,3.3051,0,0.0000,1.0000
2009-10-21,5.9999,6.0000,5.9987,5.9987,3.3051,900,0.0000,1.0000
2009-10-20,5.8300,5.9485,5.8272,5.9485,3.2774,501,0.0000,1.0000
2009-10-19,6.0000,6.0000,5.8380,5.8380,3.2166,5157,0.0000,1.0000
2009-10-16,5.8500,6.0000,5.8000,6.0000,3.3058,9264,0.0000,1.0000
2009-10-15,5.4600,5.8000,5.4600,5.8000,3.1956,2150,0.0000,1.0000
2009-10-14,5.5500,5.7900,5.2900,5.7900,3.1901,2140,0.0000,1.0000
2009-10-13,5.7601,5.7601,5.2500,5.6000,3.0854,6647,0.0000,1.0000
2009-10-12,5.7900,5.8000,5.7900,5.7999,3.1956,1600,0.0000,1.0000
2009-10-09,5.8300,5.8300,5.7000,5.7000,3.1405,1199,0.0000,1.0000
2009-10-08,5.8020,5.8020,5.8020,5.8020,3.1967,0,0.0000,1.0000
2009-10-07,5.8020,5.8020,5.8020,5.8020,3.1967,0,0.0000,1.0000
2009-10-06,6.2400,6.2400,5.7500,5.8020,3.1967,450,0.0000,1.0000
2009-10-05,6.2399,6.2400,6.1985,6.1985,3.4152,600,0.0000,1.0000
2009-10-02,5.7500,5.7700,5.7200,5.7500,3.1681,1520,0.0000,1.0000
2009-10-01,5.7500,5.7500,5.7500,5.7500,3.1681,0,0.0000,1.0000
2009-09-30,5.7501,5.7501,5.7500,5.7500,3.1681,400,0.0000,1.0000
2009-09-29,5.7500,5.7500,5.7500,5.7500,3.1681,200,0.0000,1.0000
2009-09-28,5.7600,6.1575,5.7600,6.0000,3.3058,2301,0.0000,1.0000
2009-09-25,5.8601,5.8601,5.8500,5.8501,3.2232,4768,0.0000,1.0000
2009-09-24,5.9000,5.9000,5.9000,5.9000,3.2507,1000,0.0000,1.0000
2009-09-23,5.8500,6.0000,5.8500,5.9000,3.2507,854,0.0000,1.0000
2009-09-22,5.8500,5.8700,5.8500,5.8700,3.2342,902,0.0000,1.0000
2009-09-21,5.7900,5.7900,5.7900,5.7900,3.1901,1670,0.0000,1.0000
2009-09-18,5.9852,6.0220,5.9700,5.9700,3.2893,6445,0.0000,1.0000
2009-09-17,6.0000,6.3490,6.0000,6.3490,3.4981,6151,0.0000,1.0000
2009-09-16,6.2500,6.3000,6.0800,6.1688,3.3988,2260,0.0000,1.0000
2009-09-15,6.4000,6.4000,6.4000,6.4000,3.5262,0,0.0000,1.0000
2009-09-14,6.4000,6.4000,6.4000,6.4000,3.5262,500,0.0000,1.0000
2009-09-11,6.3900,6.4000,6.3900,6.4000,3.5262,800,0.0000,1.0000
2009-09-10,6.2700,6.2700,6.2500,6.2500,3.4436,700,0.0000,1.0000
2009-09-09,6.2500,6.2725,6.2500,6.2725,3.4560,687,0.0000,1.0000
2009-09-08,6.3550,6.3550,6.3500,6.3500,3.4987,5193,0.0000,1.0000
2009-09-04,6.4000,6.4000,6.2500,6.4000,3.5262,3102,0.0000,1.0000
2009-09-03,6.2500,6.4000,6.2500,6.4000,3.5262,904,0.0000,1.0000
2009-09-02,6.2500,6.2500,6.2500,6.2500,3.4436,150,0.0000,1.0000
2009-09-01,6.3500,6.3500,6.3500,6.3500,3.4987,1600,0.0000,1.0000
2009-08-31,6.6000,6.6000,6.6000,6.6000,3.6364,18,0.0000,1.0000
2009-08-28,6.6000,6.6000,6.6000,6.6000,3.6364,300,0.0000,1.0000
2009-08-27,6.8499,6.8499,6.8499,6.8499,3.7741,300,0.0000,1.0000
2009-08-26,6.5000,6.9499,6.4500,6.9499,3.8292,1400,0.0000,1.0000
2009-08-25,6.5000,6.5001,6.3500,6.3500,3.4987,2328,0.0000,1.0000
2009-08-24,6.5050,6.5594,6.5000,6.5000,3.5813,2403,0.0000,1.0000
2009-08-21,6.6500,6.6501,6.5000,6.5000,3.5813,1732,0.0000,1.0000
2009-08-20,6.6001,6.6001,6.6000,6.6000,3.6364,400,0.0000,1.0000
2009-08-19,6.8900,6.8999,6.4900,6.5000,3.5813,8453,0.0000,1.0000
2009-08-18,6.8812,6.8999,6.6000,6.8000,3.7466,900,0.0000,1.0000
2009-08-17,6.5000,6.5000,6.5000,6.5000,3.5813,0,0.0000,1.0000
2009-08-14,6.5300,6.5300,6.0800,6.5000,3.5813,5695,0.0000,1.0000
2009-08-13,6.9999,6.9999,6.9999,6.9999,3.8567,1,0.0000,1.0000
2009-08-12,7.0000,7.0000,6.9999,6.9999,3.8567,670,0.0000,1.0000
2009-08-11,6.5000,6.5001,6.5000,6.5001,3.5814,625,0.0000,1.0000
2009-08-10,6.8500,6.8500,6.8500,6.8500,3.7741,0,0.0000,1.0000
2009-08-07,6.8500,6.8500,6.8500,6.8500,3.7741,0,0.0000,1.0000
2009-08-06,6.8500,6.8500,6.8500,6.8500,3.7741,0,0.0000,1.0000
2009-08-05,6.8501,6.8501,6.8500,6.8500,3.7741,1000,0.0000,1.0000
2009-08-04,6.5100,6.8600,6.3500,6.8519,3.7752,2992,0.0000,1.0000
2009-08-03,6.6700,6.6700,6.6700,6.6700,3.6750,0,0.0000,1.0000
2009-07-31,6.6000,6.7000,6.2753,6.6700,3.6750,2831,0.0000,1.0000
2009-07-30,6.2275,6.2275,6.2275,6.2275,3.4312,100,0.0000,1.0000
2009-07-29,6.2500,6.6000,6.2100,6.6000,3.6364,5560,0.0000,1.0000
2009-07-28,6.5000,6.5000,6.5000,6.5000,3.5813,0,0.0300,1.0000
2009-07-27,6.5100,6.5100,6.5000,6.5000,3.5649,1600,0.0000,1.0000
2009-07-24,6.6400,6.6400,6.6400,6.6400,3.6416,300,0.0000,1.0000
2009-07-23,6.3700,6.7000,6.3700,6.7000,3.6745,2257,0.0000,1.0000
2009-07-22,6.6900,6.7250,6.5000,6.6900,3.6691,5956,0.0000,1.0000
2009-07-21,6.7400,6.7400,6.7400,6.7400,3.6965,300,0.0000,1.0000
2009-07-20,6.6800,6.6800,6.6800,6.6800,3.6636,1000,0.0000,1.0000
2009-07-17,6.7200,6.7200,6.5100,6.6600,3.6526,3110,0.0000,1.0000
2009-07-16,6.5001,6.5001,6.5001,6.5001,3.5649,110,0.0000,1.0000
2009-07-15,6.8500,6.8500,6.7450,6.7500,3.7020,500,0.0000,1.0000
2009-07-14,6.9680,6.9680,6.9680,6.9680,3.8215,13552,0.0000,1.0000
2009-07-13,6.5000,6.5000,6.5000,6.5000,3.5649,74,0.0000,1.0000
2009-07-10,6.5000,6.5800,6.5000,6.5000,3.5649,2500,0.0000,1.0000
2009-07-09,7.4000,7.5000,7.4000,7.5000,4.1133,200,0.0000,1.0000
2009-07-08,6.5000,6.5000,6.5000,6.5000,3.5649,0,0.0000,1.0000
2009-07-07,6.2000,6.5000,6.2000,6.5000,3.5649,500,0.0000,1.0000
2009-07-06,6.5000,6.5000,6.3200,6.3200,3.4661,266,0.0000,1.0000
2009-07-02,6.3000,6.3000,6.3000,6.3000,3.4552,0,0.0000,1.0000
2009-07-01,6.3000,6.3000,6.3000,6.3000,3.4552,34,0.0000,1.0000
2009-06-30,6.3000,6.3000,6.3000,6.3000,3.4552,199,0.0000,1.0000
2009-06-29,7.5660,7.5660,6.3000,6.3000,3.4552,1798,0.0000,1.0000
2009-06-26,6.3600,6.3600,6.3600,6.3600,3.4881,0,0.0000,1.0000
2009-06-25,6.3400,6.8000,6.2000,6.3600,3.4881,27333,0.0000,1.0000
2009-06-24,6.5000,7.8625,6.5000,7.8625,4.3121,18800,0.0000,1.0000
2009-06-23,6.9700,6.9999,6.5000,6.5000,3.5649,3289,0.0000,1.0000
2009-06-22,6.5000,6.5000,6.5000,6.5000,3.5649,151,0.0000,1.0000
2009-06-19,6.6000,6.7450,6.5000,6.5000,3.5649,5591,0.0000,1.0000
2009-06-18,7.0000,7.0000,6.5000,6.5000,3.5649,3114,0.0000,1.0000
2009-06-17,7.1499,7.1500,6.5000,6.5000,3.5649,8845,0.0000,1.0000
2009-06-16,6.5500,7.3099,6.5500,7.3099,4.0090,754,0.0000,1.0000
2009-06-15,6.8700,6.9000,6.5100,6.5500,3.5923,8801,0.0000,1.0000
2009-06-12,6.7100,6.7100,6.7100,6.7100,3.6800,130,0.0000,1.0000
2009-06-11,7.3999,7.4000,7.0700,7.0900,3.8884,950,0.0000,1.0000
2009-06-10,7.8000,7.8000,6.5500,6.5900,3.6142,3943,0.0000,1.0000
2009-06-09,7.7450,7.7499,7.1600,7.1600,3.9268,2600,0.0000,1.0000
2009-06-08,6.8700,7.3900,6.8500,7.2500,3.9762,3100,0.0000,1.0000
2009-06-05,7.0900,7.9000,6.7500,7.5000,4.1133,13884,0.0000,1.0000
2009-06-04,8.0000,8.2500,7.0001,7.9000,4.3327,12981,0.0000,1.0000
2009-06-03,7.2500,8.0001,7.0100,8.0000,4.3875,5350,0.0000,1.0000
2009-06-02,6.8500,7.2500,6.8500,7.1900,3.9433,600,0.0000,1.0000
2009-06-01,6.7500,6.7500,6.7500,6.7500,3.7020,100,0.0000,1.0000
2009-05-29,7.2700,7.2700,6.4500,6.6000,3.6197,6862,0.0000,1.0000
2009-05-28,6.9800,6.9800,6.2800,6.5100,3.5703,1650,0.0000,1.0000
2009-05-27,6.5000,6.5000,6.4800,6.4800,3.5539,800,0.0000,1.0000
2009-05-26,6.5000,6.5350,6.0500,6.0500,3.3181,12182,0.0000,1.0000
2009-05-22,6.8000,7.0000,6.4000,6.4000,3.5100,8115,0.0000,1.0000
2009-05-21,7.0000,7.0100,6.7000,6.7000,3.6745,6086,0.0000,1.0000
2009-05-20,7.2500,7.2500,7.0000,7.0000,3.8391,4600,0.0000,1.0000
2009-05-19,7.8500,7.8500,7.2500,7.2500,3.9762,3700,0.0000,1.0000
2009-05-18,8.3100,8.3100,7.7900,7.7900,4.2723,3629,0.0000,1.0000
2009-05-15,8.0500,8.1300,7.9100,7.9100,4.3381,4320,0.0000,1.0000
2009-05-14,8.3001,8.3001,8.0975,8.2500,4.5246,11218,0.0000,1.0000
2009-05-13,8.8500,9.0000,8.3000,8.6900,4.7659,3775,0.0000,1.0000
2009-05-12,8.8500,8.8500,8.6900,8.6900,4.7659,395,0.0000,1.0000
2009-05-11,8.5000,8.5000,8.4399,8.4399,4.6288,1500,0.0000,1.0000
2009-05-08,8.6700,8.6900,8.6700,8.6900,4.7659,500,0.0000,1.0000
2009-05-07,8.6700,8.6700,8.6700,8.6700,4.7550,200,0.0000,1.0000
2009-05-06,8.6500,8.6500,8.6500,8.6500,4.7440,0,0.0000,1.0000
2009-05-05,8.1600,8.7000,8.1100,8.6500,4.7440,1193,0.0000,1.0000
2009-05-04,7.9900,8.6999,7.3700,8.0000,4.3875,3535,0.0000,1.0000
2009-05-01,8.6100,8.6100,8.1600,8.2001,4.4973,2225,0.0000,1.0000
2009-04-30,8.7600,8.9000,8.7500,8.9000,4.8811,6582,0.0000,1.0000
2009-04-29,9.0000,9.0000,9.0000,9.0000,4.9359,0,0.0000,1.0000
2009-04-28,9.0000,9.0000,9.0000,9.0000,4.9359,100,0.0000,1.0000
2009-04-27,8.8500,8.8500,8.8500,8.8500,4.8537,0,0.0000,1.0000
2009-04-24,8.8500,8.8500,8.8500,8.8500,4.8537,200,0.0800,1.0000
2009-04-23,9.8588,9.8588,8.9975,8.9975,4.8904,300,0.0000,1.0000
2009-04-22,9.0500,9.0500,8.9900,9.0000,4.8917,2403,0.0000,1.0000
2009-04-21,8.7499,8.7500,8.2500,8.2500,4.4841,1920,0.0000,1.0000
2009-04-20,8.6001,8.6001,8.2500,8.2500,4.4841,726,0.0000,1.0000
2009-04-17,8.8400,9.3000,8.8400,9.0000,4.8917,4039,0.0000,1.0000
2009-04-16,8.8500,8.8500,8.5500,8.8500,4.8102,890,0.0000,1.0000
2009-04-15,8.8000,8.8500,8.7500,8.8499,4.8101,2000,0.0000,1.0000
2009-04-14,8.7600,8.8440,8.7600,8.8440,4.8069,795,0.0000,1.0000
2009-04-13,8.8100,8.8100,8.5501,8.5501,4.6472,500,0.0000,1.0000
2009-04-09,8.8200,8.8300,8.8200,8.8300,4.7993,200,0.0000,1.0000
2009-04-08,8.6500,8.7900,8.6499,8.7900,4.7776,1500,0.0000,1.0000
2009-04-07,8.5000,8.6000,8.5000,8.6000,4.6743,1024,0.0000,1.0000
2009-04-06,8.5000,8.5000,8.5000,8.5000,4.6200,463,0.0000,1.0000
2009-04-03,8.3300,8.3300,8.3300,8.3300,4.5276,200,0.0000,1.0000
2009-04-02,8.1500,8.1500,8.1500,8.1500,4.4297,300,0.0000,1.0000
2009-04-01,8.0601,8.0601,8.0601,8.0601,4.3809,0,0.0000,1.0000
2009-03-31,8.0600,8.0928,8.0600,8.0601,4.3809,300,0.0000,1.0000
2009-03-30,8.0500,8.0500,8.0500,8.0500,4.3754,600,0.0000,1.0000
2009-03-27,8.2500,8.7500,8.0500,8.0500,4.3754,2600,0.0000,1.0000
2009-03-26,7.9500,7.9500,7.9500,7.9500,4.3210,0,0.0000,1.0000
2009-03-25,7.9500,7.9500,7.9500,7.9500,4.3210,0,0.0000,1.0000
2009-03-24,7.9500,7.9500,7.9500,7.9500,4.3210,0,0.0000,1.0000
2009-03-23,7.9500,7.9500,7.9500,7.9500,4.3210,0,0.0000,1.0000
2009-03-20,8.7300,8.7300,7.9500,7.9500,4.3210,1750,0.0000,1.0000
2009-03-19,7.8500,7.8500,7.8500,7.8500,4.2667,0,0.0000,1.0000
2009-03-18,7.8500,7.8500,7.8500,7.8500,4.2667,0,0.0000,1.0000
2009-03-17,7.8000,7.9100,7.8000,7.8500,4.2667,700,0.0000,1.0000
2009-03-16,8.4900,8.5000,8.4900,8.5000,4.6200,200,0.0000,1.0000
2009-03-13,6.9801,7.9900,6.9801,7.9900,4.3428,796,0.0000,1.0000
2009-03-12,7.9800,8.5000,7.5000,8.5000,4.6200,1650,0.0000,1.0000
2009-03-11,6.7800,6.7800,6.5000,6.7500,3.6688,1485,0.0000,1.0000
2009-03-10,6.6000,6.6000,6.6000,6.6000,3.5873,0,0.0000,1.0000
2009-03-09,7.2500,7.2500,6.6000,6.6000,3.5873,500,0.0000,1.0000
2009-03-06,7.1500,7.7000,6.6400,6.6400,3.6090,12154,0.0000,1.0000
2009-03-05,8.0000,8.2000,8.0000,8.1500,4.4297,2719,0.0000,1.0000
2009-03-04,7.7700,7.7700,7.7700,7.7700,4.2232,0,0.0000,1.0000
2009-03-03,7.4100,8.2000,7.0450,7.7700,4.2232,5396,0.0000,1.0000
2009-03-02,7.9400,7.9400,7.9400,7.9400,4.3156,0,0.0000,1.0000
2009-02-27,7.9500,7.9500,7.9400,7.9400,4.3156,200,0.0000,1.0000
2009-02-26,7.9700,7.9700,7.9500,7.9500,4.3210,240,0.0000,1.0000
2009-02-25,7.9300,7.9300,7.9300,7.9300,4.3102,0,0.0000,1.0000
2009-02-24,7.9300,7.9300,7.9300,7.9300,4.3102,0,0.0000,1.0000
2009-02-23,7.9800,8.2500,7.9300,7.9300,4.3102,2222,0.0000,1.0000
2009-02-20,7.0000,7.0000,7.0000,7.0000,3.8047,200,0.0000,1.0000
2009-02-19,8.3700,8.3700,8.3700,8.3700,4.5493,0,0.0000,1.0000
2009-02-18,8.4100,8.4100,8.3700,8.3700,4.5493,300,0.0000,1.0000
2009-02-17,7.9100,7.9100,7.9100,7.9100,4.2993,0,0.0000,1.0000
2009-02-13,7.9100,7.9100,7.9100,7.9100,4.2993,0,0.0000,1.0000
2009-02-12,7.9100,7.9100,7.9100,7.9100,4.2993,8,0.0000,1.0000
2009-02-11,8.1300,8.2200,7.4500,7.9100,4.2993,1868,0.0000,1.0000
2009-02-10,7.9000,7.9000,7.1000,7.4340,4.0406,1925,0.0000,1.0000
2009-02-09,8.8700,8.8899,7.0340,7.1000,3.8590,500,0.0000,1.0000
2009-02-06,7.9900,7.9900,7.9900,7.9900,4.3428,0,0.0000,1.0000
2009-02-05,8.8700,8.8700,7.9900,7.9900,4.3428,280,0.0000,1.0000
2009-02-04,7.8220,7.8220,7.8220,7.8220,4.2515,0,0.0000,1.0000
2009-02-03,7.2500,7.9550,6.5200,7.8220,4.2515,2021,0.0000,1.0000
2009-02-02,8.9000,8.9000,7.2500,7.2500,3.9406,2449,0.0000,1.0000
2009-01-30,8.9000,9.0000,7.5000,7.5000,4.0764,4275,0.0000,1.0000
2009-01-29,8.8900,8.8900,8.8900,8.8900,4.8319,0,0.0000,1.0000
2009-01-28,8.8900,8.8900,8.8900,8.8900,4.8319,0,0.0000,1.0000
2009-01-27,8.8900,8.8900,8.8900,8.8900,4.8319,0,0.0000,1.0000
2009-01-26,8.0000,8.8900,8.0000,8.8900,4.8319,1303,0.0000,1.0000
2009-01-23,7.9100,7.9100,7.8799,7.8799,4.2829,1900,0.1200,1.0000
2009-01-22,8.8999,8.8999,8.8999,8.8999,4.7648,100,0.0000,1.0000
2009-01-21,8.7500,8.7500,8.7500,8.7500,4.6845,0,0.0000,1.0000
2009-01-20,8.7500,8.7500,8.7500,8.7500,4.6845,0,0.0000,1.0000
2009-01-16,8.7500,8.7501,8.7100,8.7500,4.6845,1200,0.0000,1.0000
2009-01-15,8.8700,8.8700,8.2500,8.2500,4.4168,446,0.0000,1.0000
2009-01-14,8.5500,8.5500,8.5500,8.5500,4.5774,147,0.0000,1.0000
2009-01-13,9.0000,9.0000,9.0000,9.0000,4.8184,100,0.0000,1.0000
2009-01-12,9.0000,9.0000,9.0000,9.0000,4.8184,0,0.0000,1.0000
2009-01-09,9.0000,9.0000,9.0000,9.0000,4.8184,100,0.0000,1.0000
2009-01-08,9.0000,9.0000,9.0000,9.0000,4.8184,7580,0.0000,1.0000
2009-01-07,9.0000,9.0000,9.0000,9.0000,4.8184,300,0.0000,1.0000
2009-01-06,8.4800,9.0000,8.4800,9.0000,4.8184,7957,0.0000,1.0000
2009-01-05,8.9500,8.9500,8.5300,8.5700,4.5881,800,0.0000,1.0000
2009-01-02,8.8600,9.0500,8.1000,8.9100,4.7702,11704,0.0000,1.0000
2008-12-31,7.8600,8.0000,7.8000,8.0000,4.2830,7928,0.0000,1.0000
2008-12-30,8.5000,8.5000,7.7600,7.9900,4.2776,8862,0.0000,1.0000
2008-12-29,8.5000,8.5000,8.2500,8.4900,4.5453,4019,0.0000,1.0000
2008-12-26,8.7500,8.7500,8.7500,8.7500,4.6845,0,0.0000,1.0000
2008-12-24,8.7500,8.7500,8.7500,8.7500,4.6845,0,0.0000,1.0000
2008-12-23,8.7500,8.7500,8.7500,8.7500,4.6845,2856,0.0000,1.0000
2008-12-22,8.9400,8.9400,8.5300,8.7000,4.6577,530,0.0000,1.0000
2008-12-19,9.0000,9.0000,8.5200,8.5200,4.5614,3123,0.0000,1.0000
2008-12-18,8.5200,8.5200,8.5200,8.5200,4.5614,0,0.0000,1.0000
2008-12-17,8.5200,8.5200,8.5200,8.5200,4.5614,257,0.0000,1.0000
2008-12-16,8.0700,8.5101,7.7500,8.5101,4.5561,7836,0.0000,1.0000
2008-12-15,8.0000,8.2500,7.9900,8.0000,4.2830,11019,0.0000,1.0000
2008-12-12,8.2500,8.2500,8.2399,8.2399,4.4114,550,0.0000,1.0000
2008-12-11,8.3700,8.3700,8.1000,8.1000,4.3365,2320,0.0000,1.0000
2008-12-10,9.0000,9.0000,9.0000,9.0000,4.8184,0,0.0000,1.0000
2008-12-09,8.5400,9.0000,8.5300,9.0000,4.8184,636,0.0000,1.0000
2008-12-08,8.5500,9.0500,8.5500,9.0500,4.8451,745,0.0000,1.0000
2008-12-05,8.6000,8.6000,8.6000,8.6000,4.6042,392,0.0000,1.0000
2008-12-04,8.6900,8.6900,8.6900,8.6900,4.6524,160,0.0000,1.0000
2008-12-03,8.3000,8.6900,8.3000,8.6900,4.6524,392,0.0000,1.0000
2008-12-02,8.3001,8.3001,8.3001,8.3001,4.4436,174,0.0000,1.0000
2008-12-01,8.4600,8.9600,8.2600,8.9600,4.7969,700,0.0000,1.0000
2008-11-28,8.5000,8.5000,8.5000,8.5000,4.5507,100,0.0000,1.0000
2008-11-26,8.0200,8.5000,8.0200,8.5000,4.5507,300,0.0000,1.0000
2008-11-25,8.7600,8.7600,8.0000,8.4900,4.5453,2100,0.0000,1.0000
2008-11-24,8.4700,9.0000,8.4600,9.0000,4.8184,825,0.0000,1.0000
2008-11-21,9.7500,9.7500,8.0600,8.1400,4.3579,3100,0.0000,1.0000
2008-11-20,9.7600,9.7600,9.7500,9.7500,5.2199,997,0.0000,1.0000
2008-11-19,9.7801,9.7801,9.7801,9.7801,5.2360,0,0.0000,1.0000
2008-11-18,9.8000,10.4500,9.7600,9.7801,5.2360,1850,0.0000,1.0000
2008-11-17,9.7700,10.0000,9.7700,10.0000,5.3537,1424,0.0000,1.0000
2008-11-14,9.9700,9.9900,9.9700,9.9900,5.3484,307,0.0000,1.0000
2008-11-13,9.9900,10.0000,9.7600,9.7600,5.2252,3387,0.0000,1.0000
2008-11-12,10.0000,10.0000,9.9899,9.9900,5.3484,661,0.0000,1.0000
2008-11-11,10.0000,10.0000,10.0000,10.0000,5.3537,383,0.0000,1.0000
2008-11-10,9.7600,9.7600,9.7600,9.7600,5.2252,160,0.0000,1.0000
2008-11-07,10.0500,10.0500,9.7500,9.7500,5.2199,1694,0.0000,1.0000
2008-11-06,10.0500,10.0500,10.0500,10.0500,5.3805,2000,0.0000,1.0000
2008-11-05,10.4200,10.4200,10.4200,10.4200,5.5786,0,0.0000,1.0000
2008-11-04,10.4200,10.4200,10.4200,10.4200,5.5786,493,0.0000,1.0000
2008-11-03,10.2100,10.2100,10.2100,10.2100,5.4662,493,0.0000,1.0000
2008-10-31,10.2100,10.2100,10.2100,10.2100,5.4662,0,0.0000,1.0000
2008-10-30,10.4700,10.4700,10.2100,10.2100,5.4662,1200,0.0000,1.0000
2008-10-29,10.3800,10.9600,10.3700,10.9600,5.8677,900,0.0000,1.0000
2008-10-28,9.5000,10.3700,9.5000,10.3700,5.5518,2500,0.0000,1.0000
2008-10-27,10.4600,10.4600,10.4600,10.4600,5.6000,0,0.0000,1.0000
2008-10-24,10.5100,10.5500,10.4600,10.4600,5.6000,4370,0.1200,1.0000
2008-10-23,10.5100,10.5100,10.3400,10.3400,5.4730,3600,0.0000,1.0000
2008-10-22,10.2850,10.2850,10.2850,10.2850,5.4439,0,0.0000,1.0000
2008-10-21,10.5400,10.5500,10.2850,10.2850,5.4439,1818,0.0000,1.0000
2008-10-20,11.7500,11.8600,11.7400,11.8600,6.2775,931,0.0000,1.0000
2008-10-17,11.6000,11.6000,11.6000,11.6000,6.1399,205,0.0000,1.0000
2008-10-16,11.6800,11.6800,11.6800,11.6800,6.1822,0,0.0000,1.0000
2008-10-15,11.6800,11.6800,11.6800,11.6800,6.1822,0,0.0000,1.0000
2008-10-14,10.7500,11.7500,10.5000,11.6800,6.1822,3941,0.0000,1.0000
2008-10-13,11.4000,11.5100,11.2900,11.2900,5.9758,500,0.0000,1.0000
2008-10-10,11.6500,11.6500,11.6500,11.6500,6.1663,800,0.0000,1.0000
2008-10-09,11.6500,11.6500,11.6500,11.6500,6.1663,0,0.0000,1.0000
2008-10-08,11.6500,11.6500,11.6500,11.6500,6.1663,0,0.0000,1.0000
2008-10-07,11.6500,11.6500,11.6500,11.6500,6.1663,628,0.0000,1.0000
2008-10-06,11.5300,11.5300,11.5300,11.5300,6.1028,126,0.0000,1.0000
2008-10-03,12.7200,12.7200,12.7200,12.7200,6.7327,0,0.0000,1.0000
2008-10-02,12.7200,12.7200,12.7200,12.7200,6.7327,0,0.0000,1.0000
2008-10-01,12.7200,12.7200,12.7200,12.7200,6.7327,0,0.0000,1.0000
2008-09-30,10.8000,12.7200,10.8000,12.7200,6.7327,5197,0.0000,1.0000
2008-09-29,12.0000,12.0000,11.7500,11.7500,6.2193,846,0.0000,1.0000
2008-09-26,12.2500,12.2500,12.0000,12.0000,6.3516,447,0.0000,1.0000
2008-09-25,11.7500,11.7500,11.7500,11.7500,6.2193,0,0.0000,1.0000
2008-09-24,12.4900,12.5000,11.4450,11.7500,6.2193,1800,0.0000,1.0000
2008-09-23,11.6100,11.6100,11.3000,11.4100,6.0393,3470,0.0000,1.0000
2008-09-22,12.1000,12.1000,11.6100,11.6200,6.1505,1221,0.0000,1.0000
2008-09-19,12.0500,12.7200,11.7500,12.7200,6.7327,5764,0.0000,1.0000
2008-09-18,11.8200,12.0900,11.8100,11.9000,6.2987,5374,0.0000,1.0000
2008-09-17,12.5001,12.7400,11.8100,12.7400,6.7433,3988,0.0000,1.0000
2008-09-16,11.9200,12.4400,11.9200,11.9201,6.3093,1929,0.0000,1.0000
2008-09-15,12.6900,12.6900,12.6900,12.6900,6.7168,125,0.0000,1.0000
2008-09-12,11.9600,12.0900,11.9100,11.9100,6.3040,488,0.0000,1.0000
2008-09-11,11.9101,11.9101,11.9101,11.9101,6.3040,200,0.0000,1.0000
2008-09-10,12.2500,12.2500,11.9100,11.9100,6.3040,2956,0.0000,1.0000
2008-09-09,12.2700,12.2700,12.2700,12.2700,6.4945,0,0.0000,1.0000
2008-09-08,12.7400,12.7400,12.2601,12.2700,6.4945,376,0.0000,1.0000
2008-09-05,12.5500,12.5500,12.5500,12.5500,6.6427,0,0.0000,1.0000
2008-09-04,12.5500,12.5500,12.5500,12.5500,6.6427,0,0.0000,1.0000
2008-09-03,12.5500,12.5500,12.5500,12.5500,6.6427,0,0.0000,1.0000
2008-09-02,12.4000,13.0900,12.2800,12.5500,6.6427,1424,0.0000,1.0000
2008-08-29,12.8100,13.5000,12.8100,12.9000,6.8280,2219,0.0000,1.0000
2008-08-28,12.8999,12.8999,12.5100,12.7100,6.7274,1016,0.0000,1.0000
2008-08-27,11.9850,12.0000,11.9500,12.0000,6.3516,2168,0.0000,1.0000
2008-08-26,12.1600,12.1600,12.1600,12.1600,6.4363,0,0.0000,1.0000
2008-08-25,12.1500,12.1900,12.1000,12.1600,6.4363,500,0.0000,1.0000
2008-08-22,12.5200,12.5200,12.5200,12.5200,6.6268,0,0.0000,1.0000
2008-08-21,12.5299,12.5299,12.5200,12.5200,6.6268,461,0.0000,1.0000
2008-08-20,12.0600,12.9400,12.0000,12.9400,6.8491,2123,0.0000,1.0000
2008-08-19,12.4500,12.4500,12.4500,12.4500,6.5898,0,0.0000,1.0000
2008-08-18,12.4500,12.4500,12.4500,12.4500,6.5898,0,0.0000,1.0000
2008-08-15,12.9900,12.9900,12.4500,12.4500,6.5898,1139,0.0000,1.0000
2008-08-14,12.8900,12.8900,12.8900,12.8900,6.8227,100,0.0000,1.0000
2008-08-13,12.9900,13.0199,12.9900,13.0199,6.8914,381,0.0000,1.0000
2008-08-12,12.3500,12.3500,12.0000,12.0350,6.3701,1461,0.0000,1.0000
2008-08-11,12.8600,12.8600,12.8100,12.8200,6.7856,7807,0.0000,1.0000
2008-08-08,13.4800,13.4800,13.0100,13.1070,6.9375,600,0.0000,1.0000
2008-08-07,12.4800,13.2700,12.4800,13.2700,7.0238,202,0.0000,1.0000
2008-08-06,12.3300,12.3300,12.0900,12.1700,6.4416,1000,0.0000,1.0000
2008-08-05,12.0000,12.0000,12.0000,12.0000,6.3516,0,0.0000,1.0000
2008-08-04,12.0000,12.0000,12.0000,12.0000,6.3516,232,0.0000,1.0000
2008-08-01,12.1000,12.1000,12.1000,12.1000,6.4045,0,0.0000,1.0000
2008-07-31,12.3500,12.3500,12.1000,12.1000,6.4045,300,0.0000,1.0000
2008-07-30,12.4500,12.4500,12.4000,12.4000,6.5633,400,0.0000,1.0000
2008-07-29,13.1800,13.1800,12.4000,12.4000,6.5633,2529,0.0000,1.0000
2008-07-28,12.4000,12.4000,12.4000,12.4000,6.5633,176,0.0000,1.0000
2008-07-25,13.2000,13.2000,12.3000,12.4000,6.5633,2908,0.0000,1.0000
2008-07-24,13.2000,13.2000,13.2000,13.2000,6.9868,425,0.0000,1.0000
2008-07-23,12.6600,13.0000,12.3101,13.0000,6.8809,1263,0.0000,1.0000
2008-07-22,12.4000,12.5000,12.2000,12.2000,6.4575,600,0.0000,1.0000
2008-07-21,11.9680,11.9680,11.9680,11.9680,6.3347,0,0.0000,1.0000
2008-07-18,12.0000,12.0000,11.7800,11.9680,6.3347,579,0.1200,1.0000
2008-07-17,11.9900,12.0000,11.5520,11.5520,6.0538,438,0.0000,1.0000
2008-07-16,11.9900,12.4999,11.9000,11.9000,6.2361,3155,0.0000,1.0000
2008-07-15,11.7600,12.0000,11.5500,11.7000,6.1313,3619,0.0000,1.0000
2008-07-14,11.7900,12.0000,11.5500,12.0000,6.2885,2091,0.0000,1.0000
2008-07-11,11.7900,11.9001,11.5500,11.5500,6.0527,3834,0.0000,1.0000
2008-07-10,12.3000,12.3000,12.3000,12.3000,6.4458,0,0.0000,1.0000
2008-07-09,12.4400,12.4480,12.2900,12.3000,6.4458,1312,0.0000,1.0000
2008-07-08,11.7500,11.9900,11.0500,11.5500,6.0527,4950,0.0000,1.0000
2008-07-07,12.3500,13.0000,11.8000,11.8000,6.1837,900,0.0000,1.0000
2008-07-03,12.2500,12.2500,12.2500,12.2500,6.4196,0,0.0000,1.0000
2008-07-02,14.2500,14.2500,12.2500,12.2500,6.4196,9801,0.0000,1.0000
2008-07-01,13.6500,13.6500,13.6500,13.6500,7.1532,400,0.0000,1.0000
2008-06-30,14.2200,14.2200,13.6200,13.6200,7.1375,3317,0.0000,1.0000
2008-06-27,14.2100,14.5680,14.2100,14.2100,7.4467,850,0.0000,1.0000
2008-06-26,14.2200,14.4800,14.2100,14.2100,7.4467,1317,0.0000,1.0000
2008-06-25,14.3750,14.3750,14.3750,14.3750,7.5332,0,0.0000,1.0000
2008-06-24,14.8200,14.9999,13.9000,14.3750,7.5332,5753,0.0000,1.0000
2008-06-23,14.4500,14.4500,14.4500,14.4500,7.5725,1100,0.0000,1.0000
2008-06-20,14.0600,14.5000,13.7201,13.7201,7.1900,16870,0.0000,1.0000
2008-06-19,14.6900,15.1100,14.5000,14.5000,7.5987,3472,0.0000,1.0000
2008-06-18,14.7500,15.0000,14.7500,15.0000,7.8607,363,0.0000,1.0000
2008-06-17,14.9900,14.9900,14.5000,14.5000,7.5987,454,0.0000,1.0000
2008-06-16,15.0500,15.0500,14.2000,14.2000,7.4414,3266,0.0000,1.0000
2008-06-13,15.0000,15.0000,14.7840,15.0000,7.8607,213,0.0000,1.0000
2008-06-12,15.0500,15.0500,15.0100,15.0100,7.8659,1995,0.0000,1.0000
2008-06-11,15.2100,15.2100,15.2100,15.2100,7.9707,100,0.0000,1.0000
2008-06-10,15.9400,15.9400,15.0200,15.2100,7.9707,9157,0.0000,1.0000
2008-06-09,15.8900,15.9000,15.8900,15.9000,8.3323,200,0.0000,1.0000
2008-06-06,15.8000,15.8000,15.8000,15.8000,8.2799,0,0.0000,1.0000
2008-06-05,15.8000,15.8000,15.8000,15.8000,8.2799,735,0.0000,1.0000
2008-06-04,15.7700,15.7700,15.7700,15.7700,8.2642,0,0.0000,1.0000
2008-06-03,15.7700,15.7700,15.7700,15.7700,8.2642,0,0.0000,1.0000
2008-06-02,15.7700,15.7700,15.7700,15.7700,8.2642,0,0.0000,1.0000
2008-05-30,16.2100,16.2100,15.7700,15.7700,8.2642,359,0.0000,1.0000
2008-05-29,16.3000,16.3000,16.3000,16.3000,8.5419,100,0.0000,1.0000
2008-05-28,16.2900,16.2900,16.2900,16.2900,8.5367,19,0.0000,1.0000
2008-05-27,16.3000,16.3000,16.3000,16.3000,8.5419,114,0.0000,1.0000
2008-05-23,16.0500,16.0500,16.0500,16.0500,8.4109,91,0.0000,1.0000
2008-05-22,15.8900,16.3500,15.8900,16.0000,8.3847,2285,0.0000,1.0000
2008-05-21,16.6000,16.6550,15.9900,15.9900,8.3795,800,0.0000,1.0000
2008-05-20,16.6300,16.7500,15.8600,16.0000,8.3847,2100,0.0000,1.0000
2008-05-19,16.2500,16.2500,16.2500,16.2500,8.5157,0,0.0000,1.0000
2008-05-16,16.2800,16.2800,16.2500,16.2500,8.5157,1371,0.0000,1.0000
2008-05-15,16.6500,16.9400,16.4900,16.4900,8.6415,8526,0.0000,1.0000
2008-05-14,16.6400,16.6500,16.4900,16.4900,8.6415,2287,0.0000,1.0000
2008-05-13,16.4600,16.9399,16.3001,16.3001,8.5420,2370,0.0000,1.0000
2008-05-12,16.1000,16.1000,16.1000,16.1000,8.4371,1680,0.0000,1.0000
2008-05-09,16.1001,16.1001,16.1001,16.1001,8.4372,908,0.0000,1.0000
2008-05-08,17.1000,17.1000,17.0000,17.1000,8.9612,300,0.0000,1.0000
2008-05-07,17.0000,17.0000,17.0000,17.0000,8.9088,136,0.0000,1.0000
2008-05-06,17.0200,17.4000,16.0400,17.3900,9.1132,1700,0.0000,1.0000
2008-05-05,15.8501,15.8501,15.8501,15.8501,8.3062,144,0.0000,1.0000
2008-05-02,16.2000,16.2000,15.9000,15.9000,8.3323,2299,0.0000,1.0000
2008-05-01,16.1600,16.1600,15.9000,15.9000,8.3323,1699,0.0000,1.0000
2008-04-30,15.8000,16.0000,15.8000,16.0000,8.3847,265,0.0000,1.0000
2008-04-29,15.9900,15.9900,15.8000,15.8000,8.2799,2902,0.0000,1.0000
2008-04-28,15.9700,15.9700,15.9700,15.9700,8.3690,100,0.0000,1.0000
2008-04-25,15.9200,15.9800,15.9100,15.9700,8.3690,1241,0.0000,1.0000
2008-04-24,15.4500,15.6500,15.4500,15.5000,8.1227,3034,0.0000,1.0000
2008-04-23,16.0300,16.0300,14.9200,15.3400,8.0389,9087,0.0000,1.0000
2008-04-22,17.0000,17.0000,16.0300,16.0300,8.4005,600,0.0000,1.0000
2008-04-21,16.5300,16.7900,16.2500,16.4200,8.6048,2148,0.0000,1.0000
2008-04-18,16.6500,17.0000,16.0350,17.0000,8.9088,3767,0.1400,1.0500
2008-04-17,16.6000,17.5000,16.6000,17.0000,8.4152,16762,0.0000,1.0000
2008-04-16,15.9900,16.6500,15.9900,16.6500,8.2420,2852,0.0000,1.0000
2008-04-15,16.0000,16.6150,16.0000,16.6150,8.2247,200,0.0000,1.0000
2008-04-14,15.7500,16.0000,15.6600,16.0000,7.9202,600,0.0000,1.0000
2008-04-11,16.0000,16.0000,15.6600,15.6600,7.7519,300,0.0000,1.0000
2008-04-10,16.0000,16.7000,16.0000,16.7000,8.2667,660,0.0000,1.0000
2008-04-09,15.9100,15.9100,15.9100,15.9100,7.8757,100,0.0000,1.0000
2008-04-08,15.8000,16.0000,15.8000,15.8000,7.8212,5072,0.0000,1.0000
2008-04-07,16.3000,16.3000,16.2400,16.2400,8.0390,900,0.0000,1.0000
2008-04-04,16.7500,16.7500,16.2400,16.2400,8.0390,822,0.0000,1.0000
2008-04-03,16.9900,16.9900,16.7500,16.7500,8.2915,580,0.0000,1.0000
2008-04-02,17.0000,17.0000,17.0000,17.0000,8.4152,0,0.0000,1.0000
2008-04-01,17.0000,17.0000,17.0000,17.0000,8.4152,200,0.0000,1.0000
2008-03-31,16.2400,16.2400,16.2400,16.2400,8.0390,210,0.0000,1.0000
2008-03-28,17.0500,17.0500,17.0500,17.0500,8.4400,1400,0.0000,1.0000
2008-03-27,17.1000,17.1000,15.8500,15.8500,7.8460,900,0.0000,1.0000
2008-03-26,17.0499,17.0499,16.7500,16.9500,8.3905,1548,0.0000,1.0000
2008-03-25,15.8000,15.8000,15.8000,15.8000,7.8212,670,0.0000,1.0000
2008-03-24,16.6500,16.6500,15.3300,15.6720,7.7579,1788,0.0000,1.0000
2008-03-20,16.6499,16.6499,16.6499,16.6499,8.2419,86,0.0000,1.0000
2008-03-19,16.6500,16.6500,16.6400,16.6500,8.2420,862,0.0000,1.0000
2008-03-18,16.3000,16.3000,16.2000,16.2000,8.0192,935,0.0000,1.0000
2008-03-17,15.7500,16.0000,15.7500,16.0000,7.9202,470,0.0000,1.0000
2008-03-14,16.1501,16.1900,15.3600,16.0000,7.9202,4920,0.0000,1.0000
2008-03-13,16.0600,16.0600,16.0600,16.0600,7.9499,400,0.0000,1.0000
2008-03-12,16.7000,16.7000,16.7000,16.7000,8.2667,100,0.0000,1.0000
2008-03-11,17.1800,17.1900,16.7500,16.8500,8.3410,8050,0.0000,1.0000
2008-03-10,16.7500,16.7500,16.7500,16.7500,8.2915,990,0.0000,1.0000
2008-03-07,16.7500,16.7500,16.7500,16.7500,8.2915,622,0.0000,1.0000
2008-03-06,16.9900,16.9900,16.9900,16.9900,8.4103,200,0.0000,1.0000
2008-03-05,17.4399,17.4399,17.4399,17.4399,8.6330,0,0.0000,1.0000
2008-03-04,17.0500,17.4399,16.5500,17.4399,8.6330,608,0.0000,1.0000
2008-03-03,17.3899,17.3899,17.3899,17.3899,8.6083,0,0.0000,1.0000
2008-02-29,17.3899,17.3899,17.3899,17.3899,8.6083,29,0.0000,1.0000
2008-02-28,17.0000,17.0000,17.0000,17.0000,8.4152,27,0.0000,1.0000
2008-02-27,17.3899,17.3899,17.3899,17.3899,8.6083,184,0.0000,1.0000
2008-02-26,17.2500,17.3899,17.2500,17.3899,8.6083,284,0.0000,1.0000
2008-02-25,17.4200,17.4200,16.9000,16.9100,8.3707,4200,0.0000,1.0000
2008-02-22,17.5000,17.5000,17.5000,17.5000,8.6628,100,0.0000,1.0000
2008-02-21,17.5000,17.5000,17.5000,17.5000,8.6628,100,0.0000,1.0000
2008-02-20,17.0600,17.5000,17.0300,17.5000,8.6628,800,0.0000,1.0000
2008-02-19,17.0000,17.7000,16.9000,17.5000,8.6628,15536,0.0000,1.0000
2008-02-15,17.2600,17.2600,17.2600,17.2600,8.5439,842,0.0000,1.0000
2008-02-14,17.3200,17.3200,17.2600,17.2600,8.5439,842,0.0000,1.0000
2008-02-13,17.7000,17.7400,17.4300,17.7400,8.7816,566,0.0000,1.0000
2008-02-12,17.6500,17.6500,16.9000,17.5900,8.7073,6397,0.0000,1.0000
2008-02-11,16.9100,17.3600,16.9100,17.3600,8.5935,915,0.0000,1.0000
2008-02-08,17.0000,17.7500,16.7500,17.7500,8.7865,1530,0.0000,1.0000
2008-02-07,17.3500,17.3500,16.0500,16.7500,8.2915,11232,0.0000,1.0000
2008-02-06,17.4200,17.4200,17.4200,17.4200,8.6232,300,0.0000,1.0000
2008-02-05,17.2500,17.2500,17.2500,17.2500,8.5390,494,0.0000,1.0000
2008-02-04,17.2600,17.2600,17.2500,17.2500,8.5390,594,0.0000,1.0000
2008-02-01,17.2500,17.2500,17.2500,17.2500,8.5390,774,0.0000,1.0000
2008-01-31,17.0000,17.0000,17.0000,17.0000,8.4152,100,0.0000,1.0000
2008-01-30,17.0000,17.0000,17.0000,17.0000,8.4152,400,0.0000,1.0000
2008-01-29,16.9200,17.0000,16.9200,17.0000,8.4152,2241,0.0000,1.0000
2008-01-28,16.3500,16.4100,16.1500,16.4100,8.1232,1392,0.0000,1.0000
2008-01-25,17.7500,17.7500,16.0601,16.0601,7.9500,1276,0.0000,1.0000
2008-01-24,16.0000,17.2000,16.0000,16.8000,8.3162,1600,0.0000,1.0000
2008-01-23,15.8000,15.8000,15.8000,15.8000,7.8212,100,0.0000,1.0000
2008-01-22,15.6600,15.9200,15.6600,15.8000,7.8212,1697,0.0000,1.0000
2008-01-18,16.1500,17.3600,15.4000,17.3600,8.5935,4017,0.0000,1.0000
2008-01-17,16.5400,17.2200,16.4500,16.5100,8.1727,2500,0.1400,1.0000
2008-01-16,16.9900,17.1000,16.9900,17.1000,8.3936,1067,0.0000,1.0000
2008-01-15,16.6900,16.6900,16.6900,16.6900,8.1923,200,0.0000,1.0000
2008-01-14,17.1500,17.2500,17.1500,17.2500,8.4672,2755,0.0000,1.0000
2008-01-11,16.5900,17.0300,16.5800,17.0300,8.3592,10900,0.0000,1.0000
2008-01-10,17.1500,17.1501,17.0000,17.0000,8.3445,12361,0.0000,1.0000
2008-01-09,17.1500,17.2500,17.1500,17.2500,8.4672,1332,0.0000,1.0000
2008-01-08,17.2000,17.6500,17.1500,17.1500,8.4181,1875,0.0000,1.0000
2008-01-07,17.7500,17.7500,17.7500,17.7500,8.7126,1000,0.0000,1.0000
2008-01-04,17.2500,17.4400,17.2500,17.4400,8.5605,2667,0.0000,1.0000
2008-01-03,17.6400,17.6400,17.5000,17.5000,8.5899,2011,0.0000,1.0000
2008-01-02,17.0300,17.0300,17.0300,17.0300,8.3592,700,0.0000,1.0000
2007-12-31,17.0300,17.0300,17.0300,17.0300,8.3592,700,0.0000,1.0000
2007-12-28,17.3800,17.3800,16.6900,17.0300,8.3592,1000,0.0000,1.0000
2007-12-27,16.2600,16.7000,16.2600,16.6900,8.1923,3482,0.0000,1.0000
2007-12-26,16.5000,16.5000,16.5000,16.5000,8.0991,940,0.0000,1.0000
2007-12-24,16.5000,16.5000,16.5000,16.5000,8.0991,940,0.0000,1.0000
2007-12-21,16.7500,16.7500,15.0000,16.5000,8.0991,13527,0.0000,1.0000
2007-12-20,17.3000,17.3000,16.8100,17.0000,8.3445,1250,0.0000,1.0000
2007-12-19,17.1401,17.1401,17.1401,17.1401,8.4133,900,0.0000,1.0000
2007-12-18,17.1401,17.1401,17.1401,17.1401,8.4133,900,0.0000,1.0000
2007-12-17,17.1401,17.1401,17.1401,17.1401,8.4133,86,0.0000,1.0000
2007-12-14,17.0201,17.7499,17.0200,17.5700,8.6243,2975,0.0000,1.0000
2007-12-13,17.0500,17.1100,17.0100,17.1000,8.3936,3529,0.0000,1.0000
2007-12-12,17.0100,17.2600,17.0100,17.2600,8.4721,1500,0.0000,1.0000
2007-12-11,17.7500,17.7500,17.0700,17.2100,8.4476,700,0.0000,1.0000
2007-12-10,17.4000,17.7499,17.4000,17.7499,8.7126,739,0.0000,1.0000
2007-12-07,17.5000,17.5000,17.5000,17.5000,8.5899,4400,0.0000,1.0000
2007-12-06,17.2500,17.5000,17.0000,17.5000,8.5899,6228,0.0000,1.0000
2007-12-05,16.7500,17.0000,16.5000,17.0000,8.3445,1913,0.0000,1.0000
2007-12-04,18.0100,18.0100,17.2500,17.2500,8.4672,4441,0.0000,1.0000
2007-12-03,18.2501,18.4300,18.0100,18.0100,8.8402,1802,0.0000,1.0000
2007-11-30,17.7100,18.0900,17.7100,18.0900,8.8795,1921,0.0000,1.0000
2007-11-29,17.8100,18.4900,17.7101,17.7101,8.6930,798,0.0000,1.0000
2007-11-28,17.4500,18.3900,17.4500,18.3900,9.0268,11369,0.0000,1.0000
2007-11-27,18.0000,18.0000,17.4500,17.5000,8.5899,966,0.0000,1.0000
2007-11-26,18.0000,18.0000,18.0000,18.0000,8.8353,352,0.0000,1.0000
2007-11-23,17.5000,17.5000,17.5000,17.5000,8.5899,120,0.0000,1.0000
2007-11-21,17.2500,17.3000,17.2500,17.2500,8.4672,874,0.0000,1.0000
2007-11-20,17.5300,17.5300,17.5000,17.5000,8.5899,200,0.0000,1.0000
2007-11-19,17.2800,17.3800,17.2800,17.3800,8.5310,400,0.0000,1.0000
2007-11-16,17.2800,17.4600,17.2500,17.4600,8.5703,1305,0.0000,1.0000
2007-11-15,17.2500,17.2500,17.2500,17.2500,8.4672,100,0.0000,1.0000
2007-11-14,17.8730,17.8730,17.8730,17.8730,8.7730,298,0.0000,1.0000
2007-11-13,18.2900,18.2900,17.2000,17.7500,8.7126,1042,0.0000,1.0000
2007-11-12,18.3400,18.3400,17.0700,17.0700,8.3788,300,0.0000,1.0000
2007-11-09,17.7400,17.7400,17.7400,17.7400,8.7077,0,0.0000,1.0000
2007-11-08,17.7300,17.7400,17.6100,17.7400,8.7077,600,0.0000,1.0000
2007-11-07,17.1400,17.2000,17.1100,17.1100,8.3985,7606,0.0000,1.0000
2007-11-06,17.1200,17.1200,17.1200,17.1200,8.4034,100,0.0000,1.0000
2007-11-05,17.1100,17.9600,17.1100,17.9600,8.8157,600,0.0000,1.0000
2007-11-02,17.5500,17.5500,17.5500,17.5500,8.6145,262,0.0000,1.0000
2007-11-01,17.2800,18.3500,17.1500,18.2600,8.9630,652,0.0000,1.0000
2007-10-31,17.2500,17.2500,17.2500,17.2500,8.4672,60,0.0000,1.0000
2007-10-30,17.4000,17.4000,17.4000,17.4000,8.5408,0,0.0000,1.0000
2007-10-29,18.0000,18.2800,17.3400,17.4000,8.5408,1100,0.0000,1.0000
2007-10-26,17.2100,17.3300,17.1200,17.3000,8.4917,1105,0.0000,1.0000
2007-10-25,17.1580,17.9900,17.1580,17.9900,8.8304,500,0.0000,1.0000
2007-10-24,17.5100,17.6200,17.1000,17.6200,8.6488,5700,0.0000,1.0000
2007-10-23,18.0000,18.3900,17.6100,17.6100,8.6439,600,0.0000,1.0000
2007-10-22,16.9500,18.4200,16.9500,18.4200,9.0415,1904,0.0000,1.0000
2007-10-19,17.4999,17.6800,16.9100,16.9200,8.3052,3112,0.1900,1.0000
2007-10-18,17.6800,17.6800,17.6800,17.6800,8.5819,1900,0.0000,1.0000
2007-10-17,17.7400,17.7400,17.0000,17.2100,8.3538,5778,0.0000,1.0000
2007-10-16,17.6800,17.6800,17.6609,17.6609,8.5726,700,0.0000,1.0000
2007-10-15,17.6000,17.6000,17.4000,17.4100,8.4508,3480,0.0000,1.0000
2007-10-12,17.8100,18.0600,17.6500,17.9850,8.7299,10600,0.0000,1.0000
2007-10-11,18.0001,18.1421,17.5600,17.6500,8.5673,7927,0.0000,1.0000
2007-10-10,18.5500,19.0000,18.0000,18.0000,8.7372,13427,0.0000,1.0000
2007-10-09,18.5700,18.5700,18.5500,18.5700,9.0139,400,0.0000,1.0000
2007-10-08,18.5320,18.5320,17.9000,18.5000,8.9799,1698,0.0000,1.0000
2007-10-05,18.1300,18.2500,18.0000,18.2500,8.8586,13400,0.0000,1.0000
2007-10-04,18.5000,18.5000,18.5000,18.5000,8.9799,200,0.0000,1.0000
2007-10-03,18.4400,18.4400,18.4400,18.4400,8.9508,0,0.0000,1.0000
2007-10-02,18.4400,18.4400,18.4400,18.4400,8.9508,0,0.0000,1.0000
2007-10-01,17.5000,18.5100,17.5000,18.4400,8.9508,1816,0.0000,1.0000
2007-09-28,17.8900,18.1900,17.8900,18.0000,8.7372,12010,0.0000,1.0000
2007-09-27,17.9700,17.9700,17.9700,17.9700,8.7227,100,0.0000,1.0000
2007-09-26,18.2400,18.2400,18.0000,18.0000,8.7372,2261,0.0000,1.0000
2007-09-25,18.0000,18.0500,18.0000,18.0000,8.7372,463,0.0000,1.0000
2007-09-24,18.5000,19.0000,18.1600,18.1600,8.8149,4296,0.0000,1.0000
2007-09-21,18.9500,18.9500,18.9500,18.9500,9.1984,1500,0.0000,1.0000
2007-09-20,18.4700,18.9500,18.4700,18.9500,9.1984,658,0.0000,1.0000
2007-09-19,18.4700,18.9400,18.4700,18.9400,9.1935,1278,0.0000,1.0000
2007-09-18,18.9500,18.9500,18.9500,18.9500,9.1984,100,0.0000,1.0000
2007-09-17,18.9900,18.9900,18.9900,18.9900,9.2178,0,0.0000,1.0000
2007-09-14,18.9900,18.9900,18.9900,18.9900,9.2178,100,0.0000,1.0000
2007-09-13,18.9900,18.9900,18.9900,18.9900,9.2178,0,0.0000,1.0000
2007-09-12,18.9900,18.9900,18.9900,18.9900,9.2178,100,0.0000,1.0000
2007-09-11,19.0000,19.0000,19.0000,19.0000,9.2226,0,0.0000,1.0000
2007-09-10,19.0000,19.0000,19.0000,19.0000,9.2226,100,0.0000,1.0000
2007-09-07,18.9400,19.2500,18.9400,19.2500,9.3440,7532,0.0000,1.0000
2007-09-06,18.6100,18.9400,18.4100,18.9400,9.1935,4919,0.0000,1.0000
2007-09-05,18.5000,19.2000,18.5000,19.2000,9.3197,528,0.0000,1.0000
2007-09-04,18.2500,18.2500,18.2500,18.2500,8.8586,0,0.0000,1.0000
2007-08-31,18.2500,18.2500,18.2500,18.2500,8.8586,1000,0.0000,1.0000
2007-08-30,18.4900,18.4900,18.4900,18.4900,8.9751,0,0.0000,1.0000
2007-08-29,18.4900,18.4900,18.4900,18.4900,8.9751,0,0.0000,1.0000
2007-08-28,18.4900,18.4900,18.4900,18.4900,8.9751,300,0.0000,1.0000
2007-08-27,18.0000,18.0000,18.0000,18.0000,8.7372,0,0.0000,1.0000
2007-08-24,18.0000,18.0000,18.0000,18.0000,8.7372,0,0.0000,1.0000
2007-08-23,18.5000,18.5000,18.0000,18.0000,8.7372,1300,0.0000,1.0000
2007-08-22,18.5000,18.5000,18.5000,18.5000,8.9799,0,0.0000,1.0000
2007-08-21,18.5000,18.5000,18.5000,18.5000,8.9799,0,0.0000,1.0000
2007-08-20,18.5000,18.5000,18.4999,18.5000,8.9799,4971,0.0000,1.0000
2007-08-17,17.9900,18.0000,17.9800,18.0000,8.7372,2063,0.0000,1.0000
2007-08-16,17.6000,18.0000,17.5500,17.9900,8.7324,1382,0.0000,1.0000
2007-08-15,18.0000,18.4600,18.0000,18.4600,8.9605,600,0.0000,1.0000
2007-08-14,17.6600,17.6600,17.5200,17.5200,8.5042,800,0.0000,1.0000
2007-08-13,17.9900,18.3000,17.9900,18.3000,8.8828,534,0.0000,1.0000
2007-08-10,17.2500,17.6320,17.0000,17.4200,8.4557,1877,0.0000,1.0000
2007-08-09,17.7750,17.7750,17.7750,17.7750,8.6280,300,0.0000,1.0000
2007-08-08,18.3000,18.3000,17.5822,17.5822,8.5344,400,0.0000,1.0000
2007-08-07,18.2900,18.2900,18.2900,18.2900,8.8780,1100,0.0000,1.0000
2007-08-06,17.5000,18.2599,17.5000,18.2599,8.8634,1090,0.0000,1.0000
2007-08-03,17.0000,17.4500,17.0000,17.4500,8.4703,584,0.0000,1.0000
2007-08-02,17.7000,17.7000,17.7000,17.7000,8.5916,0,0.0000,1.0000
2007-08-01,18.1400,18.1400,17.7000,17.7000,8.5916,200,0.0000,1.0000
2007-07-31,17.9000,18.0800,17.9000,18.0800,8.7761,300,0.0000,1.0000
2007-07-30,17.9500,17.9500,17.7500,17.9250,8.7008,400,0.0000,1.0000
2007-07-27,18.1480,18.1480,18.1480,18.1480,8.8091,0,0.0000,1.0000
2007-07-26,18.2900,18.3000,17.0300,18.1480,8.8091,5038,0.0000,1.0000
2007-07-25,18.3800,18.9000,18.3800,18.5000,8.9799,1334,0.0000,1.0000
2007-07-24,19.2960,19.2960,19.0143,19.0143,9.2296,714,0.0000,1.0000
2007-07-23,19.4000,19.4000,19.4000,19.4000,9.4168,0,0.0000,1.0000
2007-07-20,19.0100,19.4000,19.0100,19.4000,9.4168,1380,0.1350,1.0000
2007-07-19,19.4500,19.4800,19.4500,19.4800,9.3903,1100,0.0000,1.0000
2007-07-18,19.3980,19.4500,19.3980,19.4500,9.3758,400,0.0000,1.0000
2007-07-17,19.1200,19.3100,18.7100,19.3100,9.3083,848,0.0000,1.0000
2007-07-16,19.4800,19.4800,19.4800,19.4800,9.3903,0,0.0000,1.0000
2007-07-13,19.4800,19.4800,19.4800,19.4800,9.3903,0,0.0000,1.0000
2007-07-12,19.4800,19.4800,19.4800,19.4800,9.3903,500,0.0000,1.0000
2007-07-11,19.0000,19.4800,19.0000,19.4800,9.3903,950,0.0000,1.0000
2007-07-10,18.9000,18.9000,18.9000,18.9000,9.1107,0,0.0000,1.0000
2007-07-09,19.4800,19.4900,18.9000,18.9000,9.1107,1506,0.0000,1.0000
2007-07-06,19.4899,19.4899,19.4899,19.4899,9.3950,175,0.0000,1.0000
2007-07-05,19.4900,19.4900,19.4900,19.4900,9.3951,0,0.0000,1.0000
2007-07-03,19.4900,19.4900,19.4900,19.4900,9.3951,0,0.0000,1.0000
2007-07-02,19.4900,19.4900,18.8500,19.4900,9.3951,2370,0.0000,1.0000
2007-06-29,18.8200,18.8200,18.8200,18.8200,9.0721,400,0.0000,1.0000
2007-06-28,19.2100,19.2100,19.1800,19.1800,9.2457,569,0.0000,1.0000
2007-06-27,19.5200,19.5200,19.5200,19.5200,9.4096,0,0.0000,1.0000
2007-06-26,19.5200,19.5200,19.5200,19.5200,9.4096,0,0.0000,1.0000
2007-06-25,19.1000,19.5200,19.1000,19.5200,9.4096,1424,0.0000,1.0000
2007-06-22,19.1300,19.1300,18.9900,19.0600,9.1878,1300,0.0000,1.0000
2007-06-21,19.0900,19.1200,19.0500,19.1200,9.2167,4380,0.0000,1.0000
2007-06-20,19.2044,19.2044,19.0100,19.0300,9.1734,2750,0.0000,1.0000
2007-06-19,19.3800,19.4400,19.3800,19.4400,9.3710,400,0.0000,1.0000
2007-06-18,19.4100,19.4100,19.4100,19.4100,9.3565,0,0.0000,1.0000
2007-06-15,19.1300,19.4100,19.0100,19.4100,9.3565,338,0.0000,1.0000
2007-06-14,19.1300,19.4000,19.1000,19.3900,9.3469,1256,0.0000,1.0000
2007-06-13,19.0000,19.0000,19.0000,19.0000,9.1589,129,0.0000,1.0000
2007-06-12,19.0900,19.0900,19.0100,19.0100,9.1637,420,0.0000,1.0000
2007-06-11,19.5600,19.5600,19.5600,19.5600,9.4288,0,0.0000,1.0000
2007-06-08,19.1300,19.5900,19.1000,19.5600,9.4288,901,0.0000,1.0000
2007-06-07,19.1100,19.1100,19.1100,19.1100,9.2119,1,0.0000,1.0000
2007-06-06,19.1100,19.1100,19.1100,19.1100,9.2119,0,0.0000,1.0000
2007-06-05,19.1100,19.1100,19.1100,19.1100,9.2119,0,0.0000,1.0000
2007-06-04,19.5000,19.5000,19.1100,19.1100,9.2119,1320,0.0000,1.0000
2007-06-01,19.5600,19.5600,19.5600,19.5600,9.4288,0,0.0000,1.0000
2007-05-31,19.6620,19.6620,19.5600,19.5600,9.4288,500,0.0000,1.0000
2007-05-30,19.2500,19.2500,19.2500,19.2500,9.2794,0,0.0000,1.0000
2007-05-29,19.2500,19.2500,19.2500,19.2500,9.2794,101,0.0000,1.0000
2007-05-25,19.3300,19.3300,19.3300,19.3300,9.3180,0,0.0000,1.0000
2007-05-24,19.7000,19.7000,19.2400,19.3300,9.3180,2021,0.0000,1.0000
2007-05-23,19.7500,19.7500,19.7500,19.7500,9.5204,250,0.0000,1.0000
2007-05-22,19.7500,19.7500,19.6300,19.6300,9.4626,700,0.0000,1.0000
2007-05-21,19.1900,19.1900,19.1500,19.1500,9.2312,202,0.0000,1.0000
2007-05-18,19.3000,19.3000,19.3000,19.3000,9.3035,574,0.0000,1.0000
2007-05-17,19.3000,19.3000,19.3000,19.3000,9.3035,5674,0.0000,1.0000
2007-05-16,19.4500,19.4500,19.3500,19.3500,9.3276,5347,0.0000,1.0000
2007-05-15,19.3500,19.3500,19.1000,19.1000,9.2071,1788,0.0000,1.0000
2007-05-14,19.2001,19.3500,19.2001,19.3500,9.3276,467,0.0000,1.0000
2007-05-11,19.5000,19.5000,19.5000,19.5000,9.3999,500,0.0000,1.0000
2007-05-10,19.2500,19.4100,19.2200,19.2200,9.2649,16047,0.0000,1.0000
2007-05-09,19.4500,19.4500,19.4500,19.4500,9.3758,257,0.0000,1.0000
2007-05-08,19.4500,19.4500,19.4200,19.4300,9.3662,346,0.0000,1.0000
2007-05-07,19.4719,19.4719,19.4719,19.4719,9.3864,100,0.0000,1.0000
2007-05-04,19.4500,19.5000,19.4500,19.4500,9.3758,2300,0.0000,1.0000
2007-05-03,19.2100,19.5700,19.2100,19.5700,9.4337,608,0.0000,1.0000
2007-05-02,19.6100,19.6900,19.3500,19.6900,9.4915,1251,0.0000,1.0000
2007-05-01,19.9499,19.9499,19.2000,19.3100,9.3083,522,0.0000,1.0000
2007-04-30,19.2500,19.2500,19.2500,19.2500,9.2794,0,0.0000,1.0000
2007-04-27,18.9500,19.2500,18.9500,19.2500,9.2794,437,0.0000,1.0000
2007-04-26,19.1100,19.4000,19.1100,19.2100,9.2601,1316,0.0000,1.0000
2007-04-25,19.6400,19.6400,19.4800,19.4800,9.3903,1196,0.0000,1.0000
2007-04-24,19.0400,19.5000,19.0400,19.5000,9.3999,500,0.0000,1.0000
2007-04-23,19.1100,19.5500,19.1100,19.5500,9.4240,1999,0.0000,1.0000
2007-04-20,19.1800,19.1800,17.3600,18.9000,9.1107,4777,0.1350,1.0500
2007-04-19,20.0000,20.0000,20.0000,20.0000,9.1167,4937,0.0000,1.0000
2007-04-18,19.7500,19.9500,19.7500,19.9500,9.0939,3935,0.0000,1.0000
2007-04-17,19.4900,19.9300,19.4000,19.9300,9.0848,1895,0.0000,1.0000
2007-04-16,19.5000,19.5000,19.4999,19.4999,8.8888,400,0.0000,1.0000
2007-04-13,19.5000,19.5000,19.2500,19.2500,8.7749,1474,0.0000,1.0000
2007-04-12,19.3000,19.3000,19.3000,19.3000,8.7976,0,0.0000,1.0000
2007-04-11,19.3000,19.3000,19.3000,19.3000,8.7976,0,0.0000,1.0000
2007-04-10,19.2800,19.7299,19.2500,19.3000,8.7976,2189,0.0000,1.0000
2007-04-09,19.5000,19.5000,19.5000,19.5000,8.8888,9790,0.0000,1.0000
2007-04-05,19.1500,19.5050,19.1500,19.5000,8.8888,400,0.0000,1.0000
2007-04-04,19.7500,19.7500,19.7500,19.7500,9.0028,300,0.0000,1.0000
2007-04-03,19.7500,19.7500,19.4900,19.4900,8.8843,420,0.0000,1.0000
2007-04-02,19.0000,19.0000,19.0000,19.0000,8.6609,100,0.0000,1.0000
2007-03-30,19.9900,20.0000,19.0300,19.0300,8.6746,2150,0.0000,1.0000
2007-03-29,19.7500,19.7500,19.7500,19.7500,9.0028,2100,0.0000,1.0000
2007-03-28,19.5500,19.5500,19.5500,19.5500,8.9116,0,0.0000,1.0000
2007-03-27,19.5800,19.5800,19.5500,19.5500,8.9116,532,0.0000,1.0000
2007-03-26,19.9900,20.0000,19.9900,20.0000,9.1167,330,0.0000,1.0000
2007-03-23,19.9200,19.9200,19.9000,19.9000,9.0711,41400,0.0000,1.0000
2007-03-22,20.0000,20.0000,20.0000,20.0000,9.1167,0,0.0000,1.0000
2007-03-21,19.9200,20.1000,19.9200,20.0000,9.1167,1404,0.0000,1.0000
2007-03-20,19.6100,19.6100,19.5500,19.5500,8.9116,2100,0.0000,1.0000
2007-03-19,19.5501,19.9100,19.5501,19.9000,9.0711,623,0.0000,1.0000
2007-03-16,20.1000,20.1000,20.1000,20.1000,9.1623,0,0.0000,1.0000
2007-03-15,20.0999,20.1000,20.0999,20.1000,9.1623,200,0.0000,1.0000
2007-03-14,20.0000,20.0000,20.0000,20.0000,9.1167,606,0.0000,1.0000
2007-03-13,20.1900,20.1900,20.1900,20.1900,9.2033,0,0.0000,1.0000
2007-03-12,20.1900,20.1900,20.1900,20.1900,9.2033,203,0.0000,1.0000
2007-03-09,20.0500,20.0500,20.0500,20.0500,9.1395,0,0.0000,1.0000
2007-03-08,20.0500,20.0500,20.0500,20.0500,9.1395,0,0.0000,1.0000
2007-03-07,20.0500,20.0500,20.0500,20.0500,9.1395,0,0.0000,1.0000
2007-03-06,20.0000,20.1400,19.8100,20.0500,9.1395,9492,0.0000,1.0000
2007-03-05,20.2000,20.2000,20.0000,20.0000,9.1167,2302,0.0000,1.0000
2007-03-02,20.0000,20.0000,20.0000,20.0000,9.1167,0,0.0000,1.0000
2007-03-01,20.0000,20.0000,19.8000,20.0000,9.1167,800,0.0000,1.0000
2007-02-28,19.8000,19.8000,19.8000,19.8000,9.0256,55,0.0000,1.0000
2007-02-27,19.8600,19.8600,19.8600,19.8600,9.0529,200,0.0000,1.0000
2007-02-26,19.8600,20.3600,19.8600,20.3600,9.2808,8782,0.0000,1.0000
2007-02-23,19.9700,20.0000,19.9700,20.0000,9.1167,400,0.0000,1.0000
2007-02-22,19.8100,20.0100,19.8100,19.8700,9.0575,1697,0.0000,1.0000
2007-02-21,19.8100,19.9500,19.8100,19.8100,9.0301,2134,0.0000,1.0000
2007-02-20,19.8000,19.8500,19.8000,19.8500,9.0484,2450,0.0000,1.0000
2007-02-16,19.8000,19.8000,19.8000,19.8000,9.0256,2304,0.0000,1.0000
2007-02-15,20.0000,20.0000,20.0000,20.0000,9.1167,100,0.0000,1.0000
2007-02-14,19.9620,19.9620,19.9620,19.9620,9.0994,106,0.0000,1.0000
2007-02-13,19.7400,19.7500,19.7400,19.7500,9.0028,324,0.0000,1.0000
2007-02-12,19.7500,19.7500,19.7500,19.7500,9.0028,0,0.0000,1.0000
2007-02-09,19.7500,19.7500,19.7500,19.7500,9.0028,150,0.0000,1.0000
2007-02-08,19.7399,19.7399,19.7399,19.7399,8.9982,100,0.0000,1.0000
2007-02-07,19.6000,19.6500,19.5000,19.6500,8.9572,21870,0.0000,1.0000
2007-02-06,19.5300,19.7500,19.5300,19.7400,8.9982,1435,0.0000,1.0000
2007-02-05,19.5400,19.7000,19.5400,19.7000,8.9800,1511,0.0000,1.0000
2007-02-02,20.0000,20.0000,19.8000,19.8000,9.0256,600,0.0000,1.0000
2007-02-01,19.6500,19.6500,19.5400,19.5400,8.9070,1012,0.0000,1.0000
2007-01-31,19.9699,19.9699,19.9699,19.9699,9.1030,0,0.0000,1.0000
2007-01-30,19.4800,19.9699,19.4800,19.9699,9.1030,646,0.0000,1.0000
2007-01-29,19.5000,19.5000,19.5000,19.5000,8.8888,500,0.0000,1.0000
2007-01-26,19.4800,19.4800,19.4800,19.4800,8.8797,0,0.0000,1.0000
2007-01-25,19.7200,19.7200,19.4800,19.4800,8.8797,500,0.0000,1.0000
2007-01-24,19.5800,19.5800,19.5800,19.5800,8.9253,0,0.0000,1.0000
2007-01-23,19.5000,19.5800,19.4800,19.5800,8.9253,2160,0.0000,1.0000
2007-01-22,19.5100,19.5100,19.4800,19.4800,8.8797,300,0.0000,1.0000
2007-01-19,19.3800,19.3800,19.3600,19.3600,8.8250,200,0.1350,1.0000
2007-01-18,19.7000,19.8500,19.6500,19.8500,8.9857,3155,0.0000,1.0000
2007-01-17,19.6500,19.8500,19.6500,19.8500,8.9857,11729,0.0000,1.0000
2007-01-16,19.6700,19.6700,19.6700,19.6700,8.9042,100,0.0000,1.0000
2007-01-12,19.7500,19.7500,19.7500,19.7500,8.9404,0,0.0000,1.0000
2007-01-11,19.7500,19.7500,19.7500,19.7500,8.9404,1000,0.0000,1.0000
2007-01-10,19.5000,19.5000,19.5000,19.5000,8.8273,0,0.0000,1.0000
2007-01-09,19.5000,19.5000,19.3500,19.5000,8.8273,1735,0.0000,1.0000
2007-01-08,19.7500,19.7500,19.7500,19.7500,8.9404,1000,0.0000,1.0000
2007-01-05,20.1400,20.1400,20.1400,20.1400,9.1170,0,0.0000,1.0000
2007-01-04,19.6100,20.1700,19.6100,20.1400,9.1170,1315,0.0000,1.0000
2007-01-03,20.2700,20.4800,19.5700,20.1400,9.1170,2311,0.0000,1.0000
2006-12-29,20.3000,20.3000,20.3000,20.3000,9.1894,0,0.0000,1.0000
2006-12-28,20.1500,20.3000,20.1000,20.3000,9.1894,9704,0.0000,1.0000
2006-12-27,19.9700,20.4281,19.7600,20.4281,9.2474,790,0.0000,1.0000
2006-12-26,19.9900,19.9900,19.9900,19.9900,9.0491,0,0.0000,1.0000
2006-12-22,19.9900,19.9900,19.9900,19.9900,9.0491,100,0.0000,1.0000
2006-12-21,19.5000,20.4000,19.5000,19.6600,8.8997,5501,0.0000,1.0000
2006-12-20,19.6000,19.6000,19.4000,19.4000,8.7820,5570,0.0000,1.0000
2006-12-19,19.6000,19.6000,19.6000,19.6000,8.8725,0,0.0000,1.0000
2006-12-18,19.8500,19.8500,19.6000,19.6000,8.8725,964,0.0000,1.0000
2006-12-15,19.9100,19.9100,19.9100,19.9100,9.0129,0,0.0000,1.0000
2006-12-14,20.0000,20.0100,19.9100,19.9100,9.0129,2400,0.0000,1.0000
2006-12-13,19.8400,20.2500,19.8400,20.2500,9.1668,17307,0.0000,1.0000
2006-12-12,19.6501,19.7500,19.6501,19.7500,8.9404,1645,0.0000,1.0000
2006-12-11,19.8400,20.3400,19.8400,19.8800,8.9993,700,0.0000,1.0000
2006-12-08,19.9900,19.9900,19.9900,19.9900,9.0491,665,0.0000,1.0000
2006-12-07,19.9899,19.9900,19.9899,19.9900,9.0491,300,0.0000,1.0000
2006-12-06,19.6500,19.6500,19.6500,19.6500,8.8952,131,0.0000,1.0000
2006-12-05,20.2500,20.2500,20.2400,20.2500,9.1668,10963,0.0000,1.0000
2006-12-04,20.0000,20.0000,20.0000,20.0000,9.0536,6420,0.0000,1.0000
2006-12-01,20.0000,20.0000,20.0000,20.0000,9.0536,150,0.0000,1.0000
2006-11-30,20.0000,20.0000,20.0000,20.0000,9.0536,3000,0.0000,1.0000
2006-11-29,19.9900,20.0000,19.9900,20.0000,9.0536,200,0.0000,1.0000
2006-11-28,20.0000,20.0000,20.0000,20.0000,9.0536,0,0.0000,1.0000
2006-11-27,20.0000,20.0000,20.0000,20.0000,9.0536,0,0.0000,1.0000
2006-11-24,20.0000,20.0000,20.0000,20.0000,9.0536,200,0.0000,1.0000
2006-11-22,19.3700,19.3700,19.3700,19.3700,8.7684,0,0.0000,1.0000
2006-11-21,19.3700,19.3700,19.3700,19.3700,8.7684,100,0.0000,1.0000
2006-11-20,20.5000,20.5000,19.2800,19.7000,8.9178,3750,0.0000,1.0000
2006-11-17,19.9500,19.9500,19.9500,19.9500,9.0310,0,0.0000,1.0000
2006-11-16,19.9500,19.9500,19.9500,19.9500,9.0310,0,0.0000,1.0000
2006-11-15,19.9500,19.9500,19.9500,19.9500,9.0310,0,0.0000,1.0000
2006-11-14,19.9500,19.9500,19.9500,19.9500,9.0310,335,0.0000,1.0000
2006-11-13,19.5100,19.5100,19.5100,19.5100,8.8318,0,0.0000,1.0000
2006-11-10,20.3000,20.3000,19.5100,19.5100,8.8318,477,0.0000,1.0000
2006-11-09,20.3000,20.3000,20.3000,20.3000,9.1894,0,0.0000,1.0000
2006-11-08,20.5700,20.5700,20.3000,20.3000,9.1894,930,0.0000,1.0000
2006-11-07,21.2500,21.2500,21.2400,21.2400,9.6149,345,0.0000,1.0000
2006-11-06,20.8700,20.8700,20.8700,20.8700,9.4474,100,0.0000,1.0000
2006-11-03,20.9600,20.9600,20.5200,20.5200,9.2890,900,0.0000,1.0000
2006-11-02,20.9200,20.9200,20.9200,20.9200,9.4701,100,0.0000,1.0000
2006-11-01,20.2500,20.2700,20.2500,20.2500,9.1668,1020,0.0000,1.0000
2006-10-31,20.2400,20.2400,20.1500,20.1500,9.1215,652,0.0000,1.0000
2006-10-30,20.1900,20.7100,20.1900,20.7100,9.3750,702,0.0000,1.0000
2006-10-27,19.6410,19.6410,19.6410,19.6410,8.8911,0,0.0000,1.0000
2006-10-26,20.6200,20.6200,19.6410,19.6410,8.8911,569,0.0000,1.0000
2006-10-25,19.6700,19.6700,19.6700,19.6700,8.9042,300,0.0000,1.0000
2006-10-24,19.2920,20.4000,19.1000,19.4900,8.8227,1500,0.0000,1.0000
2006-10-23,19.5000,19.5000,19.5000,19.5000,8.8273,0,0.0000,1.0000
2006-10-20,20.1500,20.1500,19.1180,19.5000,8.8273,1045,0.1350,1.0500
2006-10-19,20.9999,21.0000,20.4100,20.4100,8.7387,1100,0.0000,1.0000
2006-10-18,20.2500,20.9000,20.2500,20.3900,8.7302,1345,0.0000,1.0000
2006-10-17,20.4900,21.0000,20.2500,21.0000,8.9913,1100,0.0000,1.0000
2006-10-16,20.4999,20.5000,19.9501,20.4150,8.7409,500,0.0000,1.0000
2006-10-13,19.8560,19.9280,19.8500,19.8500,8.4990,3146,0.0000,1.0000
2006-10-12,20.0000,20.0000,20.0000,20.0000,8.5632,0,0.0000,1.0000
2006-10-11,20.0000,20.0000,20.0000,20.0000,8.5632,0,0.0000,1.0000
2006-10-10,20.0000,20.0000,20.0000,20.0000,8.5632,0,0.0000,1.0000
2006-10-09,19.8830,20.0000,19.8830,20.0000,8.5632,1097,0.0000,1.0000
2006-10-06,19.0476,19.0476,19.0476,19.0476,8.1554,0,0.0000,1.0000
2006-10-05,19.0476,19.0476,19.0476,19.0476,8.1554,0,0.0000,1.0000
2006-10-04,20.0000,20.0000,20.0000,20.0000,8.5632,1097,0.0000,1.0000
2006-10-03,19.3000,19.3000,19.3000,19.3000,8.2635,400,0.0000,1.0000
2006-10-02,19.6000,19.6000,19.6000,19.6000,8.3919,0,0.0000,1.0000
2006-09-29,19.6000,19.6000,19.6000,19.6000,8.3919,330,0.0000,1.0000
2006-09-28,19.6000,19.6000,19.6000,19.6000,8.3919,600,0.0000,1.0000
2006-09-27,20.0000,20.0000,20.0000,20.0000,8.5632,0,0.0000,1.0000
2006-09-26,20.0000,20.0000,20.0000,20.0000,8.5632,0,0.0000,1.0000
2006-09-25,20.0000,20.0000,20.0000,20.0000,8.5632,200,0.0000,1.0000
2006-09-22,19.6000,19.6000,19.6000,19.6000,8.3919,200,0.0000,1.0000
2006-09-21,19.9500,19.9800,19.6200,19.6200,8.4005,1013,0.0000,1.0000
2006-09-20,19.5000,19.5000,19.5000,19.5000,8.3491,0,0.0000,1.0000
2006-09-19,19.7000,19.7000,19.5000,19.5000,8.3491,29564,0.0000,1.0000
2006-09-18,19.5000,19.5000,19.5000,19.5000,8.3491,300,0.0000,1.0000
2006-09-15,19.7000,19.7000,19.7000,19.7000,8.4347,400,0.0000,1.0000
2006-09-14,19.6999,19.7000,19.5000,19.5000,8.3491,882,0.0000,1.0000
2006-09-13,19.4000,19.4000,19.4000,19.4000,8.3063,1857,0.0000,1.0000
2006-09-12,19.3500,19.3500,19.3500,19.3500,8.2849,2000,0.0000,1.0000
2006-09-11,19.3500,19.3500,19.3500,19.3500,8.2849,205,0.0000,1.0000
2006-09-08,19.3500,19.5000,19.3500,19.5000,8.3491,2499,0.0000,1.0000
2006-09-07,19.5000,19.5000,19.5000,19.5000,8.3491,0,0.0000,1.0000
2006-09-06,19.5000,19.5000,19.5000,19.5000,8.3491,0,0.0000,1.0000
2006-09-05,19.5000,19.5000,19.5000,19.5000,8.3491,1000,0.0000,1.0000
2006-09-01,19.0000,19.0000,19.0000,19.0000,8.1350,0,0.0000,1.0000
2006-08-31,19.0000,19.0000,19.0000,19.0000,8.1350,0,0.0000,1.0000
2006-08-30,19.0000,19.0000,19.0000,19.0000,8.1350,0,0.0000,1.0000
2006-08-29,19.0001,19.0001,19.0000,19.0000,8.1350,1102,0.0000,1.0000
2006-08-28,19.2500,19.2500,19.2500,19.2500,8.2421,0,0.0000,1.0000
2006-08-25,19.2500,19.2500,19.2500,19.2500,8.2421,100,0.0000,1.0000
2006-08-24,19.4000,19.4000,19.4000,19.4000,8.3063,0,0.0000,1.0000
2006-08-23,19.4000,19.4000,19.4000,19.4000,8.3063,0,0.0000,1.0000
2006-08-22,19.4000,19.4000,19.4000,19.4000,8.3063,370,0.0000,1.0000
2006-08-21,19.0000,19.0000,19.0000,19.0000,8.1350,0,0.0000,1.0000
2006-08-18,19.0000,19.0000,19.0000,19.0000,8.1350,746,0.0000,1.0000
2006-08-17,19.5000,19.5000,19.4500,19.4500,8.3277,3952,0.0000,1.0000
2006-08-16,18.8000,18.8000,18.8000,18.8000,8.0494,0,0.0000,1.0000
2006-08-15,18.8000,18.8000,18.8000,18.8000,8.0494,330,0.0000,1.0000
2006-08-14,18.8000,19.1000,18.8000,18.8000,8.0494,1914,0.0000,1.0000
2006-08-11,18.8000,18.8000,18.8000,18.8000,8.0494,157,0.0000,1.0000
2006-08-10,19.0000,19.0000,19.0000,19.0000,8.1350,500,0.0000,1.0000
2006-08-09,19.1000,19.1000,19.1000,19.1000,8.1778,400,0.0000,1.0000
2006-08-08,19.1000,19.1000,19.1000,19.1000,8.1778,0,0.0000,1.0000
2006-08-07,19.1000,19.1000,19.1000,19.1000,8.1778,0,0.0000,1.0000
2006-08-04,19.1000,19.1000,19.1000,19.1000,8.1778,300,0.0000,1.0000
2006-08-03,19.0000,19.1000,19.0000,19.1000,8.1778,1090,0.0000,1.0000
2006-08-02,19.1200,19.1200,19.1200,19.1200,8.1864,0,0.0000,1.0000
2006-08-01,19.1200,19.1200,19.1200,19.1200,8.1864,0,0.0000,1.0000
2006-07-31,19.1200,19.1200,19.1200,19.1200,8.1864,1087,0.0000,1.0000
2006-07-28,19.2500,19.9500,19.1000,19.9500,8.5418,1200,0.0000,1.0000
2006-07-27,18.7500,18.7500,18.7500,18.7500,8.0280,0,0.0000,1.0000
2006-07-26,18.7500,18.7500,18.7500,18.7500,8.0280,0,0.0000,1.0000
2006-07-25,18.7500,18.7500,18.7500,18.7500,8.0280,1237,0.0000,1.0000
2006-07-24,18.7500,18.7500,18.7500,18.7500,8.0280,0,0.0000,1.0000
2006-07-21,18.7500,18.7500,18.7500,18.7500,8.0280,166,0.1300,1.0000
2006-07-20,18.9100,19.2500,18.9100,19.2500,8.1853,2018,0.0000,1.0000
2006-07-19,19.0500,19.0500,19.0500,19.0500,8.1003,0,0.0000,1.0000
2006-07-18,19.0500,19.0500,19.0500,19.0500,8.1003,0,0.0000,1.0000
2006-07-17,19.0500,19.0500,19.0500,19.0500,8.1003,0,0.0000,1.0000
2006-07-14,19.0500,19.0500,19.0500,19.0500,8.1003,0,0.0000,1.0000
2006-07-13,19.0500,19.0500,19.0500,19.0500,8.1003,0,0.0000,1.0000
2006-07-12,19.0500,19.0500,19.0500,19.0500,8.1003,3200,0.0000,1.0000
2006-07-11,18.9000,18.9000,18.9000,18.9000,8.0365,0,0.0000,1.0000
2006-07-10,18.9700,19.1100,18.9000,18.9000,8.0365,1204,0.0000,1.0000
2006-07-07,19.0100,19.0100,19.0100,19.0100,8.0833,0,0.0000,1.0000
2006-07-06,19.0100,19.0100,19.0100,19.0100,8.0833,0,0.0000,1.0000
2006-07-05,19.0100,19.0100,19.0100,19.0100,8.0833,300,0.0000,1.0000
2006-07-03,19.0000,19.0000,19.0000,19.0000,8.0790,2700,0.0000,1.0000
2006-06-30,19.0000,19.0000,19.0000,19.0000,8.0790,2756,0.0000,1.0000
2006-06-29,19.3770,19.3770,19.3770,19.3770,8.2393,2000,0.0000,1.0000
2006-06-28,18.9000,18.9000,18.9000,18.9000,8.0365,0,0.0000,1.0000
2006-06-27,18.9000,18.9000,18.9000,18.9000,8.0365,1615,0.0000,1.0000
2006-06-26,19.1500,19.1500,19.1500,19.1500,8.1428,0,0.0000,1.0000
2006-06-23,19.1500,19.1500,19.1500,19.1500,8.1428,0,0.0000,1.0000
2006-06-22,19.1500,19.1500,19.1500,19.1500,8.1428,0,0.0000,1.0000
2006-06-21,19.1500,19.1500,19.1500,19.1500,8.1428,5200,0.0000,1.0000
2006-06-20,18.8500,18.8500,18.8500,18.8500,8.0152,111,0.0000,1.0000
2006-06-19,18.8500,18.8500,18.8500,18.8500,8.0152,288,0.0000,1.0000
2006-06-16,19.0000,19.0000,19.0000,19.0000,8.0790,0,0.0000,1.0000
2006-06-15,19.0000,19.0000,19.0000,19.0000,8.0790,230,0.0000,1.0000
2006-06-14,19.0000,19.0000,19.0000,19.0000,8.0790,582,0.0000,1.0000
2006-06-13,18.8500,18.8500,18.8500,18.8500,8.0152,0,0.0000,1.0000
2006-06-12,18.8500,18.8500,18.8500,18.8500,8.0152,0,0.0000,1.0000
2006-06-09,18.8500,18.8500,18.8500,18.8500,8.0152,0,0.0000,1.0000
2006-06-08,18.8500,18.8500,18.8500,18.8500,8.0152,0,0.0000,1.0000
2006-06-07,18.8500,18.8500,18.8500,18.8500,8.0152,0,0.0000,1.0000
2006-06-06,19.6499,19.6499,18.8500,18.8500,8.0152,687,0.0000,1.0000
2006-06-05,18.8500,18.8500,18.8500,18.8500,8.0152,0,0.0000,1.0000
2006-06-02,18.8501,18.8501,18.8500,18.8500,8.0152,1627,0.0000,1.0000
2006-06-01,18.8500,18.8500,18.8500,18.8500,8.0152,125,0.0000,1.0000
2006-05-31,18.8500,18.8500,18.8500,18.8500,8.0152,244,0.0000,1.0000
2006-05-30,18.8000,18.8000,18.8000,18.8000,7.9940,0,0.0000,1.0000
2006-05-26,18.8000,18.8000,18.8000,18.8000,7.9940,0,0.0000,1.0000
2006-05-25,18.8000,18.8000,18.8000,18.8000,7.9940,0,0.0000,1.0000
2006-05-24,18.8000,18.8000,18.8000,18.8000,7.9940,0,0.0000,1.0000
2006-05-23,18.8000,18.8000,18.8000,18.8000,7.9940,0,0.0000,1.0000
2006-05-22,18.8000,19.0000,18.8000,18.8000,7.9940,2544,0.0000,1.0000
2006-05-19,19.5000,19.7500,18.8000,18.8000,7.9940,5030,0.0000,1.0000
2006-05-18,19.0000,19.6000,19.0000,19.1100,8.1258,17301,0.0000,1.0000
2006-05-17,19.6000,19.6000,19.6000,19.6000,8.3341,0,0.0000,1.0000
2006-05-16,19.6000,19.6000,19.6000,19.6000,8.3341,305,0.0000,1.0000
2006-05-15,20.4900,20.5000,20.4900,20.5000,8.7168,228,0.0000,1.0000
2006-05-12,19.5800,19.5800,19.5800,19.5800,8.3256,200,0.0000,1.0000
2006-05-11,19.5800,19.5800,19.5800,19.5800,8.3256,0,0.0000,1.0000
2006-05-10,19.5800,19.5800,19.5800,19.5800,8.3256,0,0.0000,1.0000
2006-05-09,19.5800,19.5800,19.5800,19.5800,8.3256,100,0.0000,1.0000
2006-05-08,19.9600,19.9600,19.9600,19.9600,8.4872,100,0.0000,1.0000
2006-05-05,19.3500,19.3500,19.3500,19.3500,8.2278,0,0.0000,1.0000
2006-05-04,19.3500,19.3500,19.3500,19.3500,8.2278,0,0.0000,1.0000
2006-05-03,19.3500,19.3500,19.3500,19.3500,8.2278,0,0.0000,1.0000
2006-05-02,19.3500,19.3500,19.3500,19.3500,8.2278,0,0.0000,1.0000
2006-05-01,19.3500,19.3500,19.3500,19.3500,8.2278,315,0.0000,1.0000
2006-04-28,19.5500,19.5500,19.5500,19.5500,8.3129,0,0.0000,1.0000
2006-04-27,19.5500,19.5500,19.5500,19.5500,8.3129,100,0.0000,1.0000
2006-04-26,20.0000,20.0000,20.0000,20.0000,8.5042,1000,0.0000,1.0000
2006-04-25,20.0000,20.0000,19.9500,19.9900,8.5000,500,0.0000,1.0000
2006-04-24,19.3500,19.3500,19.3500,19.3500,8.2278,300,0.0000,1.0000
2006-04-21,20.0000,20.0000,19.9000,19.9000,8.4617,399,0.1300,1.0500
2006-04-20,21.0000,21.0000,20.4000,20.4000,8.2076,903,0.0000,1.0000
2006-04-19,20.1560,20.2400,19.6540,20.2400,8.1433,580,0.0000,1.0000
2006-04-18,20.0000,20.0000,20.0000,20.0000,8.0467,0,0.0000,1.0000
2006-04-17,20.0000,20.0000,20.0000,20.0000,8.0467,1000,0.0000,1.0000
2006-04-13,19.6600,20.8100,19.6600,20.1600,8.1111,2210,0.0000,1.0000
2006-04-12,19.4100,19.4100,19.4100,19.4100,7.8093,0,0.0000,1.0000
2006-04-11,19.4100,19.4100,19.4100,19.4100,7.8093,101,0.0000,1.0000
2006-04-10,19.4100,19.4100,19.4100,19.4100,7.8093,0,0.0000,1.0000
2006-04-07,19.4100,19.4100,19.4100,19.4100,7.8093,0,0.0000,1.0000
2006-04-06,19.4100,19.4100,19.4100,19.4100,7.8093,0,0.0000,1.0000
2006-04-05,19.5000,19.5100,19.4100,19.4100,7.8093,1022,0.0000,1.0000
2006-04-04,20.0500,20.0500,20.0500,20.0500,8.0668,100,0.0000,1.0000
2006-04-03,20.5000,20.5000,20.5000,20.5000,8.2479,0,0.0000,1.0000
2006-03-31,20.5000,20.5000,20.5000,20.5000,8.2479,100,0.0000,1.0000
2006-03-30,19.9800,20.6400,19.9800,20.6400,8.3042,2292,0.0000,1.0000
2006-03-29,20.5400,20.5500,19.9800,20.4300,8.2197,5200,0.0000,1.0000
2006-03-28,20.2500,20.2500,19.6700,19.6700,7.9139,694,0.0000,1.0000
2006-03-27,19.8000,19.8000,19.8000,19.8000,7.9662,100,0.0000,1.0000
2006-03-24,19.7500,20.2500,19.7500,20.2500,8.1473,2100,0.0000,1.0000
2006-03-23,20.0000,20.0000,20.0000,20.0000,8.0467,0,0.0000,1.0000
2006-03-22,20.0000,20.0000,20.0000,20.0000,8.0467,1200,0.0000,1.0000
2006-03-21,20.0000,20.0000,20.0000,20.0000,8.0467,277,0.0000,1.0000
2006-03-20,20.0000,20.0000,20.0000,20.0000,8.0467,0,0.0000,1.0000
2006-03-17,20.0000,20.0000,20.0000,20.0000,8.0467,0,0.0000,1.0000
2006-03-16,20.0000,20.0000,20.0000,20.0000,8.0467,0,0.0000,1.0000
2006-03-15,20.5500,20.5500,20.0000,20.0000,8.0467,2303,0.0000,1.0000
2006-03-14,20.1500,20.1500,20.1500,20.1500,8.1070,2903,0.0000,1.0000
2006-03-13,20.0000,20.0000,20.0000,20.0000,8.0467,0,0.0000,1.0000
2006-03-10,20.0300,20.0300,20.0000,20.0000,8.0467,601,0.0000,1.0000
2006-03-09,20.2700,20.2700,20.2700,20.2700,8.1553,0,0.0000,1.0000
2006-03-08,20.2700,20.2700,20.2700,20.2700,8.1553,100,0.0000,1.0000
2006-03-07,20.2700,20.2700,20.2700,20.2700,8.1553,0,0.0000,1.0000
2006-03-06,20.3500,20.3500,20.2700,20.2700,8.1553,400,0.0000,1.0000
2006-03-03,20.0400,20.0400,20.0400,20.0400,8.0628,100,0.0000,1.0000
2006-03-02,20.0000,20.0000,20.0000,20.0000,8.0467,440,0.0000,1.0000
2006-03-01,20.2900,20.2900,20.2900,20.2900,8.1634,0,0.0000,1.0000
2006-02-28,20.1600,20.3000,20.1600,20.2900,8.1634,800,0.0000,1.0000
2006-02-27,20.5200,20.9500,20.5200,20.7900,8.3645,300,0.0000,1.0000
2006-02-24,21.1800,21.2200,19.5600,20.6200,8.2961,4800,0.0000,1.0000
2006-02-23,21.1000,21.1000,21.1000,21.1000,8.4893,0,0.0000,1.0000
2006-02-22,21.4500,21.4500,21.0800,21.1000,8.4893,800,0.0000,1.0000
2006-02-21,21.5000,21.5000,21.5000,21.5000,8.6502,320,0.0000,1.0000
2006-02-17,20.6500,21.0000,20.6500,21.0000,8.4490,600,0.0000,1.0000
2006-02-16,20.2500,21.2500,20.2500,20.8900,8.4048,5106,0.0000,1.0000
2006-02-15,20.0000,20.0000,20.0000,20.0000,8.0467,2400,0.0000,1.0000
2006-02-14,19.7500,19.7500,19.7500,19.7500,7.9461,0,0.0000,1.0000
2006-02-13,19.9000,19.9000,19.5000,19.7500,7.9461,2558,0.0000,1.0000
2006-02-10,19.5000,19.5000,19.5000,19.5000,7.8455,214,0.0000,1.0000
2006-02-09,19.6175,19.6175,19.6175,19.6175,7.8928,100,0.0000,1.0000
2006-02-08,19.9900,20.0000,19.9900,20.0000,8.0467,200,0.0000,1.0000
2006-02-07,19.5000,19.5000,19.5000,19.5000,7.8455,901,0.0000,1.0000
2006-02-06,19.7500,19.7500,19.7500,19.7500,7.9461,0,0.0000,1.0000
2006-02-03,19.7500,19.7500,19.7500,19.7500,7.9461,0,0.0000,1.0000
2006-02-02,19.7500,19.7500,19.7500,19.7500,7.9461,300,0.0000,1.0000
2006-02-01,19.6900,19.6900,19.5000,19.5000,7.8455,347,0.0000,1.0000
2006-01-31,19.7100,19.7100,19.7100,19.7100,7.9300,0,0.0000,1.0000
2006-01-30,19.7200,19.7200,19.7100,19.7100,7.9300,768,0.0000,1.0000
2006-01-27,19.5000,19.5000,19.5000,19.5000,7.8455,0,0.0000,1.0000
2006-01-26,19.5000,19.5000,19.5000,19.5000,7.8455,100,0.0000,1.0000
2006-01-25,19.6900,19.6900,19.6900,19.6900,7.9220,0,0.0000,1.0000
2006-01-24,19.6900,19.6900,19.6900,19.6900,7.9220,300,0.0000,1.0000
2006-01-23,19.2100,19.2100,19.2100,19.2100,7.7289,300,0.0000,1.0000
2006-01-20,19.4300,19.4300,19.4300,19.4300,7.8174,0,0.1300,1.0000
2006-01-19,19.4300,19.4300,19.4300,19.4300,7.7654,100,0.0000,1.0000
2006-01-18,19.0200,19.0200,19.0200,19.0200,7.6016,1400,0.0000,1.0000
2006-01-17,20.0000,20.0000,20.0000,20.0000,7.9932,224,0.0000,1.0000
2006-01-13,19.9400,20.0000,19.9100,20.0000,7.9932,600,0.0000,1.0000
2006-01-12,19.6700,19.6700,19.5000,19.5000,7.7934,1100,0.0000,1.0000
2006-01-11,19.8400,19.8400,19.8400,19.8400,7.9293,0,0.0000,1.0000
2006-01-10,19.8400,19.8400,19.8400,19.8400,7.9293,200,0.0000,1.0000
2006-01-09,19.5000,19.5000,19.5000,19.5000,7.7934,100,0.0000,1.0000
2006-01-06,19.9500,19.9500,19.9500,19.9500,7.9732,200,0.0000,1.0000
2006-01-05,19.2500,19.2500,19.2500,19.2500,7.6935,0,0.0000,1.0000
2006-01-04,19.2500,19.2500,19.2500,19.2500,7.6935,400,0.0000,1.0000
2006-01-03,19.3700,19.3700,19.3700,19.3700,7.7414,0,0.0000,1.0000
2005-12-30,19.3010,19.3730,19.3010,19.3730,7.7426,500,0.0000,1.0000
2005-12-29,19.6000,19.6000,19.6000,19.6000,7.8334,0,0.0000,1.0000
2005-12-28,19.6000,19.6000,19.6000,19.6000,7.8334,3700,0.0000,1.0000
2005-12-27,19.9000,19.9000,19.9000,19.9000,7.9533,1000,0.0000,1.0000
2005-12-23,19.9000,19.9000,19.9000,19.9000,7.9533,0,0.0000,1.0000
2005-12-22,19.9000,19.9000,19.9000,19.9000,7.9533,300,0.0000,1.0000
2005-12-21,19.9000,19.9000,19.9000,19.9000,7.9533,100,0.0000,1.0000
2005-12-20,19.2000,19.6000,19.2000,19.6000,7.8334,3700,0.0000,1.0000
2005-12-19,19.3500,19.3500,19.3500,19.3500,7.7334,0,0.0000,1.0000
2005-12-16,19.3500,19.3500,19.3500,19.3500,7.7334,0,0.0000,1.0000
2005-12-15,19.1500,19.3500,19.1500,19.3500,7.7334,2500,0.0000,1.0000
2005-12-14,18.7100,18.7100,18.7100,18.7100,7.4777,0,0.0000,1.0000
2005-12-13,18.8000,18.8000,18.7100,18.7100,7.4777,200,0.0000,1.0000
2005-12-12,19.2100,19.2100,19.2100,19.2100,7.6775,100,0.0000,1.0000
2005-12-09,19.1800,19.9600,19.1800,19.3620,7.7382,10200,0.0000,1.0000
2005-12-08,19.9700,19.9700,19.9700,19.9700,7.9812,0,0.0000,1.0000
2005-12-07,19.9700,19.9700,19.9700,19.9700,7.9812,200,0.0000,1.0000
2005-12-06,19.9700,19.9700,19.9700,19.9700,7.9812,200,0.0000,1.0000
2005-12-05,19.0500,19.0500,19.0500,19.0500,7.6135,0,0.0000,1.0000
2005-12-02,19.0500,19.0500,19.0500,19.0500,7.6135,200,0.0000,1.0000
2005-12-01,19.7000,19.9200,19.3590,19.5000,7.7934,8000,0.0000,1.0000
2005-11-30,19.7900,19.7900,19.7900,19.7900,7.9093,100,0.0000,1.0000
2005-11-29,19.0400,19.0400,19.0400,19.0400,7.6095,0,0.0000,1.0000
2005-11-28,19.0400,19.0400,19.0400,19.0400,7.6095,0,0.0000,1.0000
2005-11-25,18.7700,19.0400,18.7700,19.0400,7.6095,400,0.0000,1.0000
2005-11-23,19.0000,19.0000,19.0000,19.0000,7.5936,0,0.0000,1.0000
2005-11-22,19.5500,19.5500,19.0030,19.0030,7.5948,1400,0.0000,1.0000
2005-11-21,19.6900,19.6900,19.6900,19.6900,7.8693,0,0.0000,1.0000
2005-11-18,19.2100,19.7000,19.2100,19.6900,7.8693,6900,0.0000,1.0000
2005-11-17,19.2100,19.2100,19.2100,19.2100,7.6775,1300,0.0000,1.0000
2005-11-16,19.3000,19.3000,19.3000,19.3000,7.7135,0,0.0000,1.0000
2005-11-15,19.3000,19.3000,19.3000,19.3000,7.7135,0,0.0000,1.0000
2005-11-14,19.3000,19.3000,19.3000,19.3000,7.7135,0,0.0000,1.0000
2005-11-11,19.5500,19.5500,19.3000,19.3000,7.7135,1100,0.0000,1.0000
2005-11-10,19.3500,19.5500,19.3500,19.5500,7.8134,600,0.0000,1.0000
2005-11-09,19.5000,19.5000,19.5000,19.5000,7.7934,0,0.0000,1.0000
2005-11-08,19.5000,19.5000,19.5000,19.5000,7.7934,2100,0.0000,1.0000
2005-11-07,18.6800,19.3260,18.6800,19.3260,7.7238,800,0.0000,1.0000
2005-11-04,18.6700,18.6700,18.6700,18.6700,7.4617,0,0.0000,1.0000
2005-11-03,18.6700,18.6700,18.6700,18.6700,7.4617,0,0.0000,1.0000
2005-11-02,19.0000,19.0000,18.6700,18.6700,7.4617,2800,0.0000,1.0000
2005-11-01,18.6000,18.6000,18.6000,18.6000,7.4337,200,0.0000,1.0000
2005-10-31,18.5100,18.5100,18.5100,18.5100,7.3977,200,0.0000,1.0000
2005-10-28,19.4000,19.4000,19.0000,19.0000,7.5936,700,0.0000,1.0000
2005-10-27,19.4000,19.4000,19.4000,19.4000,7.7534,1900,0.0000,1.0000
2005-10-26,18.5000,18.5000,18.5000,18.5000,7.3937,400,0.0000,1.0000
2005-10-25,18.1000,18.1000,18.1000,18.1000,7.2339,100,0.0000,1.0000
2005-10-24,18.2500,18.3500,18.2500,18.3500,7.3338,5800,0.0000,1.0000
2005-10-21,18.5000,18.5000,18.5000,18.5000,7.3937,1000,0.1300,1.0000
2005-10-20,18.2000,18.2000,18.2000,18.2000,7.2231,0,0.0000,1.0000
2005-10-19,18.2000,18.2000,18.2000,18.2000,7.2231,0,0.0000,1.0000
2005-10-18,18.2000,18.2000,18.2000,18.2000,7.2231,0,0.0000,1.0000
2005-10-17,18.2000,18.2000,18.2000,18.2000,7.2231,0,0.0000,1.0000
2005-10-14,18.2000,18.2000,18.2000,18.2000,7.2231,0,0.0000,1.0000
2005-10-13,18.2000,18.2000,18.2000,18.2000,7.2231,1300,0.0000,1.0000
2005-10-12,18.0000,18.0000,18.0000,18.0000,7.1437,200,0.0000,1.0000
2005-10-11,18.1500,18.1500,18.1500,18.1500,7.2032,0,0.0000,1.0000
2005-10-10,18.1470,18.1500,18.1470,18.1500,7.2032,1600,0.0000,1.0000
2005-10-07,18.2000,18.5000,18.2000,18.5000,7.3421,600,0.0000,1.0000
2005-10-06,18.1000,18.1000,18.1000,18.1000,7.1834,0,0.0000,1.0000
2005-10-05,18.1000,18.1000,18.1000,18.1000,7.1834,400,0.0000,1.0000
2005-10-04,18.5000,18.5000,18.5000,18.5000,7.3421,400,0.0000,1.0000
2005-10-03,18.2000,18.2000,18.2000,18.2000,7.2231,200,0.0000,1.0000
2005-09-30,18.2000,18.2000,18.2000,18.2000,7.2231,200,0.0000,1.0000
2005-09-29,18.1000,18.1000,18.1000,18.1000,7.1834,0,0.0000,1.0000
2005-09-28,18.1000,18.1000,18.1000,18.1000,7.1834,0,0.0000,1.0000
2005-09-27,18.1000,18.1000,18.1000,18.1000,7.1834,0,0.0000,1.0000
2005-09-26,18.1000,18.1000,18.1000,18.1000,7.1834,0,0.0000,1.0000
2005-09-23,18.4000,18.4000,18.1000,18.1000,7.1834,300,0.0000,1.0000
2005-09-22,18.0000,18.0000,18.0000,18.0000,7.1437,0,0.0000,1.0000
2005-09-21,18.4500,18.5200,18.0000,18.0000,7.1437,1800,0.0000,1.0000
2005-09-20,18.0000,18.0000,18.0000,18.0000,7.1437,0,0.0000,1.0000
2005-09-19,18.0000,18.0000,18.0000,18.0000,7.1437,600,0.0000,1.0000
2005-09-16,18.5000,18.5000,18.0000,18.4900,7.3382,3600,0.0000,1.0000
2005-09-15,18.0000,18.0000,18.0000,18.0000,7.1437,0,0.0000,1.0000
2005-09-14,18.0000,18.0000,18.0000,18.0000,7.1437,0,0.0000,1.0000
2005-09-13,18.0000,18.0000,18.0000,18.0000,7.1437,0,0.0000,1.0000
2005-09-12,18.0000,18.0000,18.0000,18.0000,7.1437,300,0.0000,1.0000
2005-09-09,17.8620,17.8620,17.8620,17.8620,7.0889,0,0.0000,1.0000
2005-09-08,18.6000,18.6000,17.8620,17.8620,7.0889,500,0.0000,1.0000
2005-09-07,18.5000,18.5000,18.5000,18.5000,7.3421,0,0.0000,1.0000
2005-09-06,17.7500,18.5000,17.7500,18.5000,7.3421,1000,0.0000,1.0000
2005-09-02,18.0000,18.1000,18.0000,18.1000,7.1834,1200,0.0000,1.0000
2005-09-01,17.7500,17.7800,17.7000,17.7400,7.0405,2300,0.0000,1.0000
2005-08-31,18.1000,18.1000,18.1000,18.1000,7.1834,0,0.0000,1.0000
2005-08-30,17.7500,18.1000,17.7500,18.1000,7.1834,900,0.0000,1.0000
2005-08-29,17.7800,18.3500,17.7800,17.9500,7.1239,1200,0.0000,1.0000
2005-08-26,18.0000,18.5200,18.0000,18.5200,7.3501,600,0.0000,1.0000
2005-08-25,18.6700,18.6700,18.6700,18.6700,7.4096,200,0.0000,1.0000
2005-08-24,18.6800,18.6800,18.6800,18.6800,7.4136,500,0.0000,1.0000
2005-08-23,19.0000,19.0000,19.0000,19.0000,7.5406,0,0.0000,1.0000
2005-08-22,19.0000,19.0000,19.0000,19.0000,7.5406,0,0.0000,1.0000
2005-08-19,19.0000,19.0000,19.0000,19.0000,7.5406,0,0.0000,1.0000
2005-08-18,19.0000,19.0000,19.0000,19.0000,7.5406,0,0.0000,1.0000
2005-08-17,19.0000,19.0000,19.0000,19.0000,7.5406,400,0.0000,1.0000
2005-08-16,19.0000,19.0000,18.9900,19.0000,7.5406,700,0.0000,1.0000
2005-08-15,19.0700,19.0900,19.0700,19.0900,7.5763,300,0.0000,1.0000
2005-08-12,19.2500,19.2500,19.2500,19.2500,7.6398,0,0.0000,1.0000
2005-08-11,19.2300,20.7300,19.0000,19.2500,7.6398,12200,0.0000,1.0000
2005-08-10,18.9900,19.0400,18.1000,18.1500,7.2032,1300,0.0000,1.0000
2005-08-09,18.5000,18.5000,18.0000,18.0000,7.1437,1700,0.0000,1.0000
2005-08-08,18.5000,18.5000,18.5000,18.5000,7.3421,200,0.0000,1.0000
2005-08-05,18.0000,18.0000,18.0000,18.0000,7.1437,100,0.0000,1.0000
2005-08-04,18.2500,18.2500,18.0400,18.0400,7.1596,300,0.0000,1.0000
2005-08-03,18.1000,18.1000,18.1000,18.1000,7.1834,0,0.0000,1.0000
2005-08-02,18.1000,18.1000,18.1000,18.1000,7.1834,1900,0.0000,1.0000
2005-08-01,18.0000,18.2500,18.0000,18.2000,7.2231,3200,0.0000,1.0000
2005-07-29,18.0500,18.0500,18.0500,18.0500,7.1635,0,0.0000,1.0000
2005-07-28,18.1800,18.1800,18.0500,18.0500,7.1635,3000,0.0000,1.0000
2005-07-27,17.7000,18.4300,17.7000,17.9500,7.1239,5100,0.0000,1.0000
2005-07-26,18.5000,18.5000,18.5000,18.5000,7.3421,100,0.0000,1.0000
2005-07-25,17.9500,17.9500,17.7673,17.7673,7.0513,300,0.0000,1.0000
2005-07-22,18.4900,18.4900,18.4900,18.4900,7.3382,100,0.1250,1.0000
2005-07-21,18.0000,18.0000,18.0000,18.0000,7.0957,0,0.0000,1.0000
2005-07-20,18.0600,18.0600,18.0000,18.0000,7.0957,500,0.0000,1.0000
2005-07-19,17.7700,18.7000,17.7700,18.7000,7.3717,3600,0.0000,1.0000
2005-07-18,17.7500,18.7000,17.7500,18.7000,7.3717,1200,0.0000,1.0000
2005-07-15,17.7000,18.0000,17.7000,18.0000,7.0957,1600,0.0000,1.0000
2005-07-14,18.5000,18.5000,18.5000,18.5000,7.2928,0,0.0000,1.0000
2005-07-13,17.8000,18.5000,17.8000,18.5000,7.2928,500,0.0000,1.0000
2005-07-12,18.0000,18.0000,18.0000,18.0000,7.0957,100,0.0000,1.0000
2005-07-11,17.7600,17.9900,17.0100,17.8500,7.0366,900,0.0000,1.0000
2005-07-08,18.4400,18.4400,18.4400,18.4400,7.2692,0,0.0000,1.0000
2005-07-07,18.4400,18.4400,18.4400,18.4400,7.2692,0,0.0000,1.0000
2005-07-06,18.4400,18.4400,18.4400,18.4400,7.2692,0,0.0000,1.0000
2005-07-05,18.4400,18.4400,18.4400,18.4400,7.2692,100,0.0000,1.0000
2005-07-01,17.6000,17.6000,17.6000,17.6000,6.9380,0,0.0000,1.0000
2005-06-30,17.6000,17.6000,17.6000,17.6000,6.9380,0,0.0000,1.0000
2005-06-29,18.1500,18.1500,17.6000,17.6000,6.9380,500,0.0000,1.0000
2005-06-28,18.1500,18.1500,18.1500,18.1500,7.1549,0,0.0000,1.0000
2005-06-27,18.1500,18.1500,18.1500,18.1500,7.1549,0,0.0000,1.0000
2005-06-24,18.1500,18.1500,18.1500,18.1500,7.1549,0,0.0000,1.0000
2005-06-23,18.1500,18.1500,18.1500,18.1500,7.1549,200,0.0000,1.0000
2005-06-22,18.0500,18.0500,18.0500,18.0500,7.1154,0,0.0000,1.0000
2005-06-21,18.0500,18.0500,18.0500,18.0500,7.1154,500,0.0000,1.0000
2005-06-20,18.4400,18.4400,17.9500,17.9500,7.0760,900,0.0000,1.0000
2005-06-17,18.1200,18.1200,18.1200,18.1200,7.1430,600,0.0000,1.0000
2005-06-16,18.0200,18.0400,18.0000,18.0000,7.0957,3700,0.0000,1.0000
2005-06-15,18.7000,18.7000,18.7000,18.7000,7.3717,100,0.0000,1.0000
2005-06-14,18.2500,18.2500,18.2500,18.2500,7.1943,0,0.0000,1.0000
2005-06-13,17.9500,18.2500,17.9500,18.2500,7.1943,1400,0.0000,1.0000
2005-06-10,18.7000,18.7000,17.9420,17.9420,7.0729,1000,0.0000,1.0000
2005-06-09,18.2600,18.2600,18.2600,18.2600,7.1982,0,0.0000,1.0000
2005-06-08,18.2600,18.2600,18.2600,18.2600,7.1982,0,0.0000,1.0000
2005-06-07,18.2600,18.2600,18.2600,18.2600,7.1982,0,0.0000,1.0000
2005-06-06,18.8000,18.8000,18.2600,18.2600,7.1982,700,0.0000,1.0000
2005-06-03,18.8000,18.8000,18.8000,18.8000,7.4111,500,0.0000,1.0000
2005-06-02,18.9500,18.9500,18.9500,18.9500,7.4702,0,0.0000,1.0000
2005-06-01,18.8550,18.9500,18.8550,18.9500,7.4702,1700,0.0000,1.0000
2005-05-31,18.8550,18.8550,18.8550,18.8550,7.4328,600,0.0000,1.0000
2005-05-27,18.9495,18.9495,18.8500,18.8500,7.4308,1600,0.0000,1.0000
2005-05-26,19.5000,19.5000,18.0300,18.0300,7.1076,600,0.0000,1.0000
2005-05-25,19.2160,19.2160,18.3300,18.3300,7.2258,4200,0.0000,1.0000
2005-05-24,19.0000,19.0000,17.9400,17.9400,7.0721,1300,0.0000,1.0000
2005-05-23,19.0500,19.0500,19.0300,19.0300,7.5018,300,0.0000,1.0000
2005-05-20,19.3600,19.3600,19.3400,19.3400,7.6240,200,0.0000,1.0000
2005-05-19,19.3900,19.7000,19.3800,19.7000,7.7659,800,0.0000,1.0000
2005-05-18,19.0000,19.0400,18.9800,19.0000,7.4899,1400,0.0000,1.0000
2005-05-17,18.8700,18.8700,18.8700,18.8700,7.4387,0,0.0000,1.0000
2005-05-16,18.8700,18.8700,18.8700,18.8700,7.4387,0,0.0000,1.0000
2005-05-13,22.2500,22.2500,18.8700,18.8700,7.4387,10100,0.0000,1.0000
2005-05-12,18.6000,18.6000,18.6000,18.6000,7.3323,0,0.0000,1.0000
2005-05-11,18.6000,18.6000,18.6000,18.6000,7.3323,2100,0.0000,1.0000
2005-05-10,19.0010,19.7500,19.0000,19.0000,7.4899,8200,0.0000,1.0000
2005-05-09,19.7500,19.7500,19.0100,19.0100,7.4939,900,0.0000,1.0000
2005-05-06,18.5000,18.5000,18.5000,18.5000,7.2928,400,0.0000,1.0000
2005-05-05,18.5300,18.5300,18.5300,18.5300,7.3047,0,0.0000,1.0000
2005-05-04,18.5300,18.5300,18.5300,18.5300,7.3047,0,0.0000,1.0000
2005-05-03,18.5300,18.5300,18.5300,18.5300,7.3047,1000,0.0000,1.0000
2005-05-02,18.5000,19.3300,18.5000,19.3300,7.6200,300,0.0000,1.0000
2005-04-29,19.1450,19.7500,18.5000,18.5000,7.2928,2300,0.0000,1.0000
2005-04-28,19.1500,19.1500,19.1500,19.1500,7.5491,200,0.0000,1.0000
2005-04-27,18.4400,18.4400,18.4400,18.4400,7.2692,0,0.0000,1.0000
2005-04-26,18.5000,18.5000,18.4400,18.4400,7.2692,1200,0.0000,1.0000
2005-04-25,19.0500,19.0500,18.2500,18.2500,7.1943,448,0.0000,1.0000
2005-04-22,19.4500,19.4500,19.4500,19.4500,7.6673,0,0.1250,1.0500
2005-04-21,19.5500,19.5500,19.5500,19.5500,7.2929,3731,0.0000,1.0000
2005-04-20,19.3000,19.5400,19.2000,19.2000,7.1623,1400,0.0000,1.0000
2005-04-19,19.4500,19.4500,18.8700,18.8700,7.0392,600,0.0000,1.0000
2005-04-18,19.4100,19.4100,19.4100,19.4100,7.2407,0,0.0000,1.0000
2005-04-15,19.4100,19.4100,19.4100,19.4100,7.2407,300,0.0000,1.0000
2005-04-14,19.2500,19.5000,18.8500,18.8500,7.0318,3200,0.0000,1.0000
2005-04-13,19.0300,19.0300,19.0300,19.0300,7.0989,0,0.0000,1.0000
2005-04-12,19.0300,19.0300,19.0300,19.0300,7.0989,0,0.0000,1.0000
2005-04-11,19.0300,19.0300,19.0300,19.0300,7.0989,0,0.0000,1.0000
2005-04-08,19.0300,19.0300,19.0300,19.0300,7.0989,0,0.0000,1.0000
2005-04-07,19.0500,19.1000,19.0000,19.0300,7.0989,600,0.0000,1.0000
2005-04-06,19.5000,19.5000,19.5000,19.5000,7.2742,0,0.0000,1.0000
2005-04-05,19.5000,19.5000,19.3800,19.5000,7.2742,1000,0.0000,1.0000
2005-04-04,19.3800,19.3800,19.3800,19.3800,7.2295,0,0.0000,1.0000
2005-04-01,19.7900,19.7900,19.1000,19.3800,7.2295,700,0.0000,1.0000
2005-03-31,19.2380,19.2380,19.2380,19.2380,7.1765,100,0.0000,1.0000
2005-03-30,19.4000,19.4000,19.4000,19.4000,7.2369,200,0.0000,1.0000
2005-03-29,19.7520,19.8400,19.4000,19.5500,7.2929,3200,0.0000,1.0000
2005-03-28,19.4000,19.4100,19.4000,19.4100,7.2407,400,0.0000,1.0000
2005-03-24,19.8300,19.8300,19.8300,19.8300,7.3973,0,0.0000,1.0000
2005-03-23,19.8300,19.8300,19.8300,19.8300,7.3973,0,0.0000,1.0000
2005-03-22,19.9800,19.9800,19.4100,19.8300,7.3973,2300,0.0000,1.0000
2005-03-21,19.4010,19.7520,19.4010,19.7000,7.3488,300,0.0000,1.0000
2005-03-18,19.9000,19.9000,19.9000,19.9000,7.4235,0,0.0000,1.0000
2005-03-17,19.9500,19.9500,19.9000,19.9000,7.4235,8300,0.0000,1.0000
2005-03-16,19.9000,19.9000,19.9000,19.9000,7.4235,0,0.0000,1.0000
2005-03-15,19.9900,19.9900,19.9000,19.9000,7.4235,1800,0.0000,1.0000
2005-03-14,19.7500,19.7500,19.7500,19.7500,7.3675,0,0.0000,1.0000
2005-03-11,19.5000,19.7500,19.5000,19.7500,7.3675,1500,0.0000,1.0000
2005-03-10,19.6800,19.6800,19.6800,19.6800,7.3414,0,0.0000,1.0000
2005-03-09,19.6800,19.6800,19.6800,19.6800,7.3414,0,0.0000,1.0000
2005-03-08,19.6260,19.6800,19.6000,19.6800,7.3414,5700,0.0000,1.0000
2005-03-07,19.7000,19.7000,18.5000,19.7000,7.3488,3600,0.0000,1.0000
2005-03-04,19.7500,19.7500,19.7500,19.7500,7.3675,700,0.0000,1.0000
2005-03-03,19.9900,19.9900,19.9900,19.9900,7.4570,200,0.0000,1.0000
2005-03-02,19.8200,19.8200,19.7800,19.7800,7.3787,2200,0.0000,1.0000
2005-03-01,19.5000,19.9900,19.5000,19.7300,7.3600,2000,0.0000,1.0000
2005-02-28,19.9900,20.0000,19.6700,19.7200,7.3563,1900,0.0000,1.0000
2005-02-25,19.7500,19.7500,19.7500,19.7500,7.3675,0,0.0000,1.0000
2005-02-24,19.7900,19.8200,19.7500,19.7500,7.3675,4000,0.0000,1.0000
2005-02-23,19.7500,19.7500,19.7500,19.7500,7.3675,0,0.0000,1.0000
2005-02-22,19.7510,19.7510,19.7510,19.7510,7.3679,149,0.0000,1.0000
2005-02-18,20.0100,20.0100,20.0100,20.0100,7.4645,0,0.0000,1.0000
2005-02-17,20.0100,20.0100,20.0100,20.0100,7.4645,0,0.0000,1.0000
2005-02-16,20.0700,20.0700,20.0000,20.0100,7.4645,400,0.0000,1.0000
2005-02-15,19.7200,20.4900,19.7200,20.2800,7.5652,4500,0.0000,1.0000
2005-02-14,19.8100,19.9000,19.6200,19.6800,7.3414,3900,0.0000,1.0000
2005-02-11,19.4100,20.2400,19.4100,20.2400,7.5503,400,0.0000,1.0000
2005-02-10,20.1400,20.1400,19.5100,20.0000,7.4608,2300,0.0000,1.0000
2005-02-09,19.7300,20.2500,19.7000,19.9300,7.4346,1600,0.0000,1.0000
2005-02-08,20.2500,20.2500,19.4000,19.4500,7.2556,12300,0.0000,1.0000
2005-02-07,20.0000,20.0000,20.0000,20.0000,7.4608,500,0.0000,1.0000
2005-02-04,20.2800,20.2800,20.2800,20.2800,7.5652,0,0.0000,1.0000
2005-02-03,20.2500,20.2800,20.2500,20.2800,7.5652,800,0.0000,1.0000
2005-02-02,19.4100,20.2490,19.4100,20.2490,7.5536,300,0.0000,1.0000
2005-02-01,19.8000,19.8000,19.8000,19.8000,7.3862,0,0.0000,1.0000
2005-01-31,19.8000,19.8000,19.8000,19.8000,7.3862,0,0.0000,1.0000
2005-01-28,19.7500,20.2500,19.4000,19.8000,7.3862,9000,0.0000,1.0000
2005-01-27,19.7500,19.7500,19.2100,19.2300,7.1735,3300,0.0000,1.0000
2005-01-26,19.2000,19.2000,19.2000,19.2000,7.1623,400,0.0000,1.0000
2005-01-25,19.7600,19.8000,19.7500,19.8000,7.3862,1000,0.0000,1.0000
2005-01-24,19.8000,19.8000,19.8000,19.8000,7.3862,200,0.0000,1.0000
2005-01-21,19.5000,19.5000,19.4900,19.4900,7.2705,1100,0.1250,1.0000
2005-01-20,19.7500,19.7500,19.6660,19.6660,7.2894,1600,0.0000,1.0000
2005-01-19,19.7400,20.2400,19.6000,20.2400,7.5022,4100,0.0000,1.0000
2005-01-18,19.7400,19.7400,19.7400,19.7400,7.3168,100,0.0000,1.0000
2005-01-14,19.9500,19.9500,19.9500,19.9500,7.3947,0,0.0000,1.0000
2005-01-13,19.9500,19.9500,19.9500,19.9500,7.3947,200,0.0000,1.0000
2005-01-12,19.6000,19.7400,19.6000,19.7400,7.3168,700,0.0000,1.0000
2005-01-11,19.6000,19.6000,19.6000,19.6000,7.2649,0,0.0000,1.0000
2005-01-10,19.6000,19.6000,19.6000,19.6000,7.2649,0,0.0000,1.0000
2005-01-07,19.6000,19.6000,19.6000,19.6000,7.2649,1000,0.0000,1.0000
2005-01-06,19.2500,19.9400,19.2500,19.5000,7.2279,1100,0.0000,1.0000
2005-01-05,19.2500,19.3500,19.2500,19.3500,7.1723,1000,0.0000,1.0000
2005-01-04,19.0000,19.0000,18.9000,18.9000,7.0055,800,0.0000,1.0000
2005-01-03,18.8300,18.8300,18.8300,18.8300,6.9795,400,0.0000,1.0000
2004-12-31,19.2500,19.2500,19.2500,19.2500,7.1352,0,0.0000,1.0000
2004-12-30,19.2500,19.2500,19.2500,19.2500,7.1352,100,0.0000,1.0000
2004-12-29,19.4100,19.4100,19.4000,19.4000,7.1908,800,0.0000,1.0000
2004-12-28,19.6200,19.6200,19.6200,19.6200,7.2724,0,0.0000,1.0000
2004-12-27,19.6200,19.6200,19.6000,19.6200,7.2724,200,0.0000,1.0000
2004-12-23,19.0100,19.0100,19.0100,19.0100,7.0463,298,0.0000,1.0000
2004-12-22,19.3500,19.3500,19.3500,19.3500,7.1723,1100,0.0000,1.0000
2004-12-21,19.4900,19.4900,19.4900,19.4900,7.2242,0,0.0000,1.0000
2004-12-20,19.9900,19.9900,19.4900,19.4900,7.2242,900,0.0000,1.0000
2004-12-17,19.0010,19.0010,19.0000,19.0000,7.0426,200,0.0000,1.0000
2004-12-16,19.2500,19.2500,19.0500,19.0500,7.0611,9000,0.0000,1.0000
2004-12-15,19.2500,19.2500,19.2500,19.2500,7.1352,0,0.0000,1.0000
2004-12-14,19.4420,19.4420,19.2500,19.2500,7.1352,600,0.0000,1.0000
2004-12-13,19.8700,19.8700,19.6600,19.7800,7.3317,800,0.0000,1.0000
2004-12-10,19.7500,19.8700,19.7000,19.8700,7.3650,800,0.0000,1.0000
2004-12-09,19.7500,19.7500,19.6800,19.6800,7.2946,200,0.0000,1.0000
2004-12-08,19.7500,19.7500,19.7500,19.7500,7.3205,300,0.0000,1.0000
2004-12-07,19.7300,19.7500,19.0820,19.5500,7.2464,1000,0.0000,1.0000
2004-12-06,19.4500,19.4500,19.4500,19.4500,7.2093,0,0.0000,1.0000
2004-12-03,19.7500,19.7500,19.1500,19.4500,7.2093,5300,0.0000,1.0000
2004-12-02,19.7500,19.7500,19.0600,19.3200,7.1612,1400,0.0000,1.0000
2004-12-01,18.9100,18.9100,18.9100,18.9100,7.0092,600,0.0000,1.0000
2004-11-30,19.0500,19.0500,19.0500,19.0500,7.0611,1000,0.0000,1.0000
2004-11-29,18.9100,18.9100,18.9100,18.9100,7.0092,0,0.0000,1.0000
2004-11-26,18.9200,18.9200,18.9100,18.9100,7.0092,300,0.0000,1.0000
2004-11-24,18.9100,18.9100,18.9100,18.9100,7.0092,373,0.0000,1.0000
2004-11-23,19.7500,19.7500,18.9200,18.9200,7.0129,1200,0.0000,1.0000
2004-11-22,19.2500,19.2500,19.2500,19.2500,7.1352,0,0.0000,1.0000
2004-11-19,19.6900,19.7200,19.2500,19.2500,7.1352,3300,0.0000,1.0000
2004-11-18,19.6000,19.6500,18.9000,18.9000,7.0055,7800,0.0000,1.0000
2004-11-17,19.5000,19.5000,18.9300,18.9300,7.0166,1000,0.0000,1.0000
2004-11-16,18.9100,18.9100,18.9100,18.9100,7.0092,0,0.0000,1.0000
2004-11-15,18.9110,18.9110,18.9100,18.9100,7.0092,400,0.0000,1.0000
2004-11-12,19.5000,19.5500,19.1500,19.3200,7.1612,16300,0.0000,1.0000
2004-11-11,19.4800,19.5000,19.3700,19.5000,7.2279,1600,0.0000,1.0000
2004-11-10,19.3600,19.3600,19.3600,19.3600,7.1760,0,0.0000,1.0000
2004-11-09,18.9200,19.3600,18.9200,19.3600,7.1760,600,0.0000,1.0000
2004-11-08,18.8200,19.4900,18.8200,19.3000,7.1538,1900,0.0000,1.0000
2004-11-05,19.4900,19.4900,19.4900,19.4900,7.2242,0,0.0000,1.0000
2004-11-04,19.4900,19.4900,19.4900,19.4900,7.2242,100,0.0000,1.0000
2004-11-03,19.1000,19.1000,19.1000,19.1000,7.0796,400,0.0000,1.0000
2004-11-02,18.7900,18.7900,18.7900,18.7900,6.9647,0,0.0000,1.0000
2004-11-01,18.7900,18.7900,18.7900,18.7900,6.9647,0,0.0000,1.0000
2004-10-29,19.1000,19.2000,18.7700,18.7900,6.9647,9200,0.0000,1.0000
2004-10-28,19.5000,19.5000,19.3100,19.3100,7.1575,300,0.0000,1.0000
2004-10-27,19.4800,19.4800,19.4800,19.4800,7.2205,100,0.0000,1.0000
2004-10-26,19.5000,19.5000,18.7510,18.7510,6.9503,900,0.0000,1.0000
2004-10-25,18.7800,18.7800,18.7800,18.7800,6.9610,0,0.0000,1.0000
2004-10-22,18.8700,19.2500,18.7500,18.7800,6.9610,1500,0.1250,1.0000
2004-10-21,19.1900,19.2000,19.1900,19.2000,7.0696,400,0.0000,1.0000
2004-10-20,19.0000,19.0000,19.0000,19.0000,6.9960,200,0.0000,1.0000
2004-10-19,19.0000,19.0000,19.0000,19.0000,6.9960,0,0.0000,1.0000
2004-10-18,19.0000,19.0000,19.0000,19.0000,6.9960,0,0.0000,1.0000
2004-10-15,19.0000,19.0000,19.0000,19.0000,6.9960,0,0.0000,1.0000
2004-10-14,19.0000,19.0000,19.0000,19.0000,6.9960,400,0.0000,1.0000
2004-10-13,19.0000,19.0000,19.0000,19.0000,6.9960,400,0.0000,1.0000
2004-10-12,19.0000,19.0000,19.0000,19.0000,6.9960,300,0.0000,1.0000
2004-10-11,18.5600,18.5600,18.5600,18.5600,6.8340,0,0.0000,1.0000
2004-10-08,18.5600,18.5600,18.5600,18.5600,6.8340,0,0.0000,1.0000
2004-10-07,18.6300,19.0000,18.5600,18.5600,6.8340,2000,0.0000,1.0000
2004-10-06,18.6300,18.6300,18.6300,18.6300,6.8597,1100,0.0000,1.0000
2004-10-05,18.6300,18.6300,18.5000,18.6300,6.8597,4800,0.0000,1.0000
2004-10-04,18.4000,18.6300,18.3100,18.6300,6.8597,1500,0.0000,1.0000
2004-10-01,18.6300,18.6300,18.6300,18.6300,6.8597,0,0.0000,1.0000
2004-09-30,18.0610,18.6300,18.0610,18.6300,6.8597,1700,0.0000,1.0000
2004-09-29,18.6300,18.6300,18.6300,18.6300,6.8597,0,0.0000,1.0000
2004-09-28,18.6300,18.6300,18.6300,18.6300,6.8597,200,0.0000,1.0000
2004-09-27,18.6200,18.6200,18.0800,18.0800,6.6572,400,0.0000,1.0000
2004-09-24,18.6100,18.6300,18.1100,18.1100,6.6683,500,0.0000,1.0000
2004-09-23,18.6300,18.6300,18.5000,18.6100,6.8524,4000,0.0000,1.0000
2004-09-22,18.6300,18.6300,18.5000,18.5000,6.8119,1000,0.0000,1.0000
2004-09-21,18.6300,18.6300,18.5000,18.5000,6.8119,800,0.0000,1.0000
2004-09-20,18.6300,18.6300,18.5000,18.5000,6.8119,200,0.0000,1.0000
2004-09-17,18.6300,18.6300,18.0200,18.0200,6.6351,1300,0.0000,1.0000
2004-09-16,18.6100,18.6100,18.5900,18.6100,6.8524,500,0.0000,1.0000
2004-09-15,18.1200,18.1200,18.1000,18.1100,6.6683,1000,0.0000,1.0000
2004-09-14,18.5000,18.6100,18.2300,18.2300,6.7125,1700,0.0000,1.0000
2004-09-13,18.4990,18.4990,18.4990,18.4990,6.8115,100,0.0000,1.0000
2004-09-10,18.5000,18.5000,18.5000,18.5000,6.8119,500,0.0000,1.0000
2004-09-09,18.5500,18.6700,18.5500,18.6700,6.8745,1800,0.0000,1.0000
2004-09-08,18.5500,18.5500,18.5500,18.5500,6.8303,100,0.0000,1.0000
2004-09-07,17.7000,18.5400,17.0500,18.5200,6.8192,1400,0.0000,1.0000
2004-09-03,18.1000,18.5400,17.7000,17.7000,6.5173,1500,0.0000,1.0000
2004-09-02,17.7000,17.7000,17.7000,17.7000,6.5173,0,0.0000,1.0000
2004-09-01,17.7000,17.7000,17.7000,17.7000,6.5173,0,0.0000,1.0000
2004-08-31,18.0000,18.0000,17.7000,17.7000,6.5173,1000,0.0000,1.0000
2004-08-30,18.0000,18.0100,18.0000,18.0100,6.6315,400,0.0000,1.0000
2004-08-27,18.0500,18.0500,17.8900,18.0000,6.6278,2200,0.0000,1.0000
2004-08-26,18.0500,18.0500,18.0500,18.0500,6.6462,0,0.0000,1.0000
2004-08-25,17.7500,18.1800,17.7500,18.0500,6.6462,600,0.0000,1.0000
2004-08-24,17.0110,17.8300,17.0100,17.8300,6.5652,2500,0.0000,1.0000
2004-08-23,17.0100,17.0100,17.0000,17.0000,6.2596,800,0.0000,1.0000
2004-08-20,16.8500,16.8500,16.8500,16.8500,6.2043,0,0.0000,1.0000
2004-08-19,16.8500,16.8500,16.8500,16.8500,6.2043,0,0.0000,1.0000
2004-08-18,17.0000,17.0200,16.8500,16.8500,6.2043,1100,0.0000,1.0000
2004-08-17,17.0000,17.0000,17.0000,17.0000,6.2596,0,0.0000,1.0000
2004-08-16,17.2000,17.2000,17.0000,17.0000,6.2596,300,0.0000,1.0000
2004-08-13,17.3500,17.3500,17.3500,17.3500,6.3884,0,0.0000,1.0000
2004-08-12,17.3500,17.3500,17.3500,17.3500,6.3884,0,0.0000,1.0000
2004-08-11,17.6100,17.8300,17.3500,17.3500,6.3884,1100,0.0000,1.0000
2004-08-10,18.6700,18.7000,17.8500,17.8500,6.5725,11600,0.0000,1.0000
2004-08-09,18.0200,18.0200,18.0200,18.0200,6.6351,0,0.0000,1.0000
2004-08-06,18.0200,18.0200,18.0200,18.0200,6.6351,0,0.0000,1.0000
2004-08-05,18.0200,18.0200,18.0200,18.0200,6.6351,0,0.0000,1.0000
2004-08-04,18.0200,18.0200,18.0200,18.0200,6.6351,200,0.0000,1.0000
2004-08-03,18.4290,18.4290,18.3500,18.3800,6.7677,500,0.0000,1.0000
2004-08-02,18.0700,18.3200,18.0500,18.0700,6.6536,1200,0.0000,1.0000
2004-07-30,18.6600,18.6700,18.5000,18.6700,6.8745,1100,0.0000,1.0000
2004-07-29,18.6500,18.6500,18.6500,18.6500,6.8671,0,0.0000,1.0000
2004-07-28,18.6500,18.6500,18.6500,18.6500,6.8671,0,0.0000,1.0000
2004-07-27,18.6500,18.6500,18.6200,18.6500,6.8671,400,0.0000,1.0000
2004-07-26,18.6900,18.6900,18.6900,18.6900,6.8818,0,0.0000,1.0000
2004-07-23,18.9700,18.9700,18.6800,18.6900,6.8818,500,0.1250,1.0000
2004-07-22,18.9600,18.9600,18.9600,18.9600,6.9349,0,0.0000,1.0000
2004-07-21,18.9600,18.9600,18.9600,18.9600,6.9349,0,0.0000,1.0000
2004-07-20,19.1800,19.1800,18.9600,18.9600,6.9349,600,0.0000,1.0000
2004-07-19,18.7500,18.7500,18.3100,18.3700,6.7191,1800,0.0000,1.0000
2004-07-16,18.5500,18.5500,18.5500,18.5500,6.7849,0,0.0000,1.0000
2004-07-15,18.0000,18.5500,18.0000,18.5500,6.7849,3100,0.0000,1.0000
2004-07-14,19.1700,19.1700,19.0800,19.1700,7.0117,400,0.0000,1.0000
2004-07-13,18.6000,18.9000,18.5400,18.5700,6.7922,2100,0.0000,1.0000
2004-07-12,18.4800,18.4800,18.2500,18.3000,6.6935,2600,0.0000,1.0000
2004-07-09,18.5000,18.5000,18.0500,18.1000,6.6203,4800,0.0000,1.0000
2004-07-08,19.2500,19.2500,19.2500,19.2500,7.0409,200,0.0000,1.0000
2004-07-07,18.0600,19.2500,18.0600,18.7700,6.8654,3300,0.0000,1.0000
2004-07-06,18.4000,18.4000,18.4000,18.4000,6.7300,1200,0.0000,1.0000
2004-07-02,18.0600,18.1300,18.0600,18.1300,6.6313,600,0.0000,1.0000
2004-07-01,18.5200,18.5200,18.5200,18.5200,6.7739,0,0.0000,1.0000
2004-06-30,18.7500,19.0000,18.3100,18.5200,6.7739,4800,0.0000,1.0000
2004-06-29,18.3100,18.7500,18.2500,18.6700,6.8288,6000,0.0000,1.0000
2004-06-28,19.0100,19.3000,19.0000,19.3000,7.0592,900,0.0000,1.0000
2004-06-25,19.0000,19.2600,19.0000,19.1300,6.9971,2200,0.0000,1.0000
2004-06-24,19.7100,19.7100,19.7000,19.7000,7.2055,1900,0.0000,1.0000
2004-06-23,20.0000,20.4000,19.9000,19.9000,7.2787,3500,0.0000,1.0000
2004-06-22,20.2500,20.2500,19.7500,19.7500,7.2238,1900,0.0000,1.0000
2004-06-21,20.0000,20.3400,19.9700,20.3400,7.4396,1800,0.0000,1.0000
2004-06-18,20.3700,20.3700,20.3700,20.3700,7.4506,0,0.0000,1.0000
2004-06-17,19.2500,20.3700,19.2500,20.3700,7.4506,900,0.0000,1.0000
2004-06-16,19.8400,19.8400,19.2800,19.6500,7.1873,1800,0.0000,1.0000
2004-06-15,20.2400,20.2400,20.2400,20.2400,7.4031,100,0.0000,1.0000
2004-06-14,20.0000,20.0000,19.5400,19.5400,7.1470,600,0.0000,1.0000
2004-06-10,18.5500,19.9600,18.5500,19.9600,7.3006,1400,0.0000,1.0000
2004-06-09,19.0000,19.0000,18.3500,18.3700,6.7191,1100,0.0000,1.0000
2004-06-08,19.2100,19.2100,18.8500,18.8500,6.8946,900,0.0000,1.0000
2004-06-07,18.5400,18.7010,18.2500,18.7010,6.8401,900,0.0000,1.0000
2004-06-04,18.1000,18.7800,18.1000,18.5400,6.7813,1600,0.0000,1.0000
2004-06-03,18.6800,19.1300,18.6000,18.6000,6.8032,2500,0.0000,1.0000
2004-06-02,18.5000,18.7000,18.5000,18.6700,6.8288,1500,0.0000,1.0000
2004-06-01,18.9000,18.9000,18.9000,18.9000,6.9129,100,0.0000,1.0000
2004-05-28,19.2400,19.2400,19.0500,19.0500,6.9678,600,0.0000,1.0000
2004-05-27,19.8600,19.8600,18.9000,18.9100,6.9166,1400,0.0000,1.0000
2004-05-26,19.2200,19.2200,18.7000,18.7000,6.8398,900,0.0000,1.0000
2004-05-25,19.1000,19.1200,19.1000,19.1000,6.9861,1100,0.0000,1.0000
2004-05-24,19.0000,19.9900,19.0000,19.9900,7.3116,400,0.0000,1.0000
2004-05-21,19.7000,19.9500,19.3000,19.9500,7.2970,900,0.0000,1.0000
2004-05-20,19.7500,19.9800,19.7500,19.9800,7.3080,200,0.0000,1.0000
2004-05-19,20.3500,20.3500,20.0000,20.0000,7.3153,600,0.0000,1.0000
2004-05-18,21.5900,21.5900,20.1500,20.1500,7.3701,10300,0.0000,1.0000
2004-05-17,20.0500,21.5000,20.0500,21.5000,7.8639,2300,0.0000,1.0000
2004-05-14,20.1000,20.1000,20.1000,20.1000,7.3518,0,0.0000,1.0000
2004-05-13,20.3290,20.3290,20.0500,20.1000,7.3518,1300,0.0000,1.0000
2004-05-12,19.6500,20.0000,19.6500,20.0000,7.3153,1000,0.0000,1.0000
2004-05-11,19.8290,19.9700,19.2500,19.8600,7.2641,2100,0.0000,1.0000
2004-05-10,18.5100,18.5100,18.5000,18.5000,6.7666,500,0.0000,1.0000
2004-05-07,19.4500,19.4500,19.4500,19.4500,7.1141,300,0.0000,1.0000
2004-05-06,18.7500,19.9700,18.7400,19.2400,7.0373,3800,0.0000,1.0000
2004-05-05,18.2500,18.5600,18.2500,18.5600,6.7886,2900,0.0000,1.0000
2004-05-04,18.3160,18.3160,18.3160,18.3160,6.6993,0,0.0000,1.0000
2004-05-03,18.3160,18.3160,18.3160,18.3160,6.6993,0,0.0000,1.0000
2004-04-30,18.3160,18.3160,18.3160,18.3160,6.6993,0,0.0000,1.0000
2004-04-29,18.3160,18.3160,18.3160,18.3160,6.6993,0,0.0000,1.0000
2004-04-28,19.2500,19.2500,18.0600,18.3160,6.6993,2300,0.0000,1.0000
2004-04-27,19.7500,19.7500,19.3500,19.3500,7.0775,500,0.0000,1.0000
2004-04-26,19.4300,19.8800,19.2700,19.2800,7.0519,2200,0.0000,1.0000
2004-04-23,19.0100,19.2000,19.0100,19.2000,7.0227,900,0.1250,1.0500
2004-04-22,18.7100,19.5600,18.3500,19.5500,6.7661,3300,0.0000,1.0000
2004-04-21,19.5000,19.5000,18.7700,19.3900,6.7107,1100,0.0000,1.0000
2004-04-20,20.1600,20.1800,19.1500,19.6000,6.7834,2700,0.0000,1.0000
2004-04-19,21.0000,21.0000,20.1500,20.9700,7.2576,1600,0.0000,1.0000
2004-04-16,21.3100,21.8500,21.3100,21.5100,7.4445,2100,0.0000,1.0000
2004-04-15,21.4900,21.4900,20.5000,21.3100,7.3752,2100,0.0000,1.0000
2004-04-14,21.3300,21.3300,20.7300,21.2500,7.3545,2600,0.0000,1.0000
2004-04-13,20.6700,21.2500,20.6700,21.2500,7.3545,1300,0.0000,1.0000
2004-04-12,21.0200,21.0200,21.0200,21.0200,7.2749,600,0.0000,1.0000
2004-04-08,21.9300,21.9500,21.7500,21.7500,7.5275,600,0.0000,1.0000
2004-04-07,21.7500,21.7500,21.7500,21.7500,7.5275,0,0.0000,1.0000
2004-04-06,21.2500,21.7500,21.2500,21.7500,7.5275,900,0.0000,1.0000
2004-04-05,20.6700,20.6900,20.6500,20.6500,7.1468,600,0.0000,1.0000
2004-04-02,21.7500,21.7500,20.6900,21.7500,7.5275,1300,0.0000,1.0000
2004-04-01,21.2700,21.2700,21.2700,21.2700,7.3614,0,0.0000,1.0000
2004-03-31,21.7500,21.7500,21.2700,21.2700,7.3614,2000,0.0000,1.0000
2004-03-30,21.0100,21.0100,21.0100,21.0100,7.2714,0,0.0000,1.0000
2004-03-29,21.0100,21.0100,21.0100,21.0100,7.2714,0,0.0000,1.0000
2004-03-26,21.7500,21.7500,21.0100,21.0100,7.2714,600,0.0000,1.0000
2004-03-25,21.0210,21.0210,21.0210,21.0210,7.2752,0,0.0000,1.0000
2004-03-24,21.0210,21.0210,21.0210,21.0210,7.2752,0,0.0000,1.0000
2004-03-23,21.0200,21.0210,21.0200,21.0210,7.2752,300,0.0000,1.0000
2004-03-22,21.7500,21.7500,21.7500,21.7500,7.5275,300,0.0000,1.0000
2004-03-19,21.4000,21.4000,21.4000,21.4000,7.4064,0,0.0000,1.0000
2004-03-18,21.4000,21.4000,21.4000,21.4000,7.4064,0,0.0000,1.0000
2004-03-17,21.4000,21.4000,21.4000,21.4000,7.4064,0,0.0000,1.0000
2004-03-16,21.4000,21.4000,21.4000,21.4000,7.4064,1600,0.0000,1.0000
2004-03-15,21.3700,21.4000,20.3800,20.3800,7.0534,1200,0.0000,1.0000
2004-03-12,20.0500,20.0500,20.0500,20.0500,6.9392,0,0.0000,1.0000
2004-03-11,21.5000,21.5000,20.0500,20.0500,6.9392,569,0.0000,1.0000
2004-03-10,21.1000,21.5000,20.7800,21.5000,7.4410,3700,0.0000,1.0000
2004-03-09,20.7400,21.1000,20.7400,21.1000,7.3026,3500,0.0000,1.0000
2004-03-08,20.6800,20.6900,20.0000,20.0000,6.9219,2000,0.0000,1.0000
2004-03-05,21.0000,21.0000,21.0000,21.0000,7.2680,0,0.0000,1.0000
2004-03-04,20.9800,21.2500,20.9800,21.0000,7.2680,1700,0.0000,1.0000
2004-03-03,20.7100,20.7100,20.7100,20.7100,7.1676,0,0.0000,1.0000
2004-03-02,20.7100,20.7100,20.7100,20.7100,7.1676,600,0.0000,1.0000
2004-03-01,20.7100,20.7100,20.7100,20.7100,7.1676,0,0.0000,1.0000
2004-02-27,20.7100,20.7100,20.7100,20.7100,7.1676,100,0.0000,1.0000
2004-02-26,20.7100,21.0000,20.7100,21.0000,7.2680,200,0.0000,1.0000
2004-02-25,21.3300,21.3300,21.3300,21.3300,7.3822,0,0.0000,1.0000
2004-02-24,21.3300,21.3300,21.3300,21.3300,7.3822,0,0.0000,1.0000
2004-02-23,21.0000,21.3300,20.8100,21.3300,7.3822,700,0.0000,1.0000
2004-02-20,20.9800,21.1200,20.8800,21.1200,7.3095,2000,0.0000,1.0000
2004-02-19,21.3500,21.3500,21.3400,21.3500,7.3891,400,0.0000,1.0000
2004-02-18,21.3000,21.3800,21.2900,21.3500,7.3891,800,0.0000,1.0000
2004-02-17,21.2900,21.3000,21.2900,21.3000,7.3718,300,0.0000,1.0000
2004-02-13,21.2900,21.3000,21.2900,21.3000,7.3718,300,0.0000,1.0000
2004-02-12,20.7500,21.3000,20.7500,21.3000,7.3718,5400,0.0000,1.0000
2004-02-11,20.5200,21.0000,20.5000,21.0000,7.2680,2400,0.0000,1.0000
2004-02-10,20.2500,20.7500,20.2500,20.7500,7.1814,1900,0.0000,1.0000
2004-02-09,20.1000,20.2500,20.1000,20.2500,7.0084,1400,0.0000,1.0000
2004-02-06,20.0600,20.0600,20.0600,20.0600,6.9426,400,0.0000,1.0000
2004-02-05,20.8600,21.0000,20.8600,21.0000,7.2680,400,0.0000,1.0000
2004-02-04,20.5000,20.5000,20.5000,20.5000,7.0949,100,0.0000,1.0000
2004-02-03,20.4900,20.5000,20.4900,20.5000,7.0949,600,0.0000,1.0000
2004-02-02,20.4400,20.5000,20.4400,20.4800,7.0880,500,0.0000,1.0000
2004-01-30,20.4100,20.4100,19.9100,20.0000,6.9219,900,0.0000,1.0000
2004-01-29,20.4700,20.4700,20.4700,20.4700,7.0845,0,0.0000,1.0000
2004-01-28,21.2500,21.2500,19.7000,20.4700,7.0845,1700,0.0000,1.0000
2004-01-27,21.0300,21.2300,20.9000,21.1900,7.3337,2000,0.0000,1.0000
2004-01-26,21.3900,21.3900,21.2500,21.3000,7.3718,2800,0.0000,1.0000
2004-01-23,21.1400,21.1400,21.1400,21.1400,7.3164,3900,0.1250,1.0000
2004-01-22,21.0300,21.0300,21.0300,21.0300,7.2356,300,0.0000,1.0000
2004-01-21,21.3900,21.3900,21.3900,21.3900,7.3594,400,0.0000,1.0000
2004-01-20,21.2600,21.2600,20.7600,20.7600,7.1427,900,0.0000,1.0000
2004-01-16,20.9900,21.4000,20.7500,21.4000,7.3629,6800,0.0000,1.0000
2004-01-15,21.2000,21.2000,21.0000,21.0000,7.2252,4900,0.0000,1.0000
2004-01-14,20.9700,20.9700,20.9700,20.9700,7.2149,0,0.0000,1.0000
2004-01-13,20.2000,20.9700,20.2000,20.9700,7.2149,1200,0.0000,1.0000
2004-01-12,19.9000,19.9200,19.9000,19.9200,6.8536,1200,0.0000,1.0000
2004-01-09,19.8400,20.0800,19.4500,19.6500,6.7608,7000,0.0000,1.0000
2004-01-08,20.7500,20.7500,19.9100,19.9100,6.8502,2000,0.0000,1.0000
2004-01-07,20.9000,20.9900,20.7300,20.9900,7.2218,1400,0.0000,1.0000
2004-01-06,20.7600,21.0000,20.1500,20.4000,7.0188,6300,0.0000,1.0000
2004-01-05,20.2900,20.8700,19.8000,20.3000,6.9844,4200,0.0000,1.0000
2004-01-02,20.9000,20.9100,20.9000,20.9100,7.1943,1300,0.0000,1.0000
2003-12-31,20.6100,20.9000,20.6100,20.9000,7.1908,2900,0.0000,1.0000
2003-12-30,20.1590,20.4700,20.1590,20.4700,7.0429,1300,0.0000,1.0000
2003-12-29,19.5500,19.5500,19.5500,19.5500,6.7263,0,0.0000,1.0000
2003-12-26,19.5500,19.5500,19.5500,19.5500,6.7263,0,0.0000,1.0000
2003-12-24,19.5500,19.5500,19.5500,19.5500,6.7263,0,0.0000,1.0000
2003-12-23,19.5500,20.0000,19.5400,19.5500,6.7263,2400,0.0000,1.0000
2003-12-22,20.0100,20.0100,20.0100,20.0100,6.8846,0,0.0000,1.0000
2003-12-19,20.0100,20.0100,20.0100,20.0100,6.8846,100,0.0000,1.0000
2003-12-18,19.5400,20.0400,19.5300,19.8200,6.8192,3300,0.0000,1.0000
2003-12-17,19.5900,19.9000,19.1400,19.9000,6.8468,2200,0.0000,1.0000
2003-12-16,19.8500,20.0000,19.1100,19.5000,6.7091,6300,0.0000,1.0000
2003-12-15,19.6400,20.2500,19.2900,20.1010,6.9159,10900,0.0000,1.0000
2003-12-12,19.7500,20.1100,19.6000,20.1100,6.9190,2500,0.0000,1.0000
2003-12-11,19.6500,19.6500,19.6500,19.6500,6.7608,100,0.0000,1.0000
2003-12-10,19.6500,19.6500,19.6500,19.6500,6.7608,200,0.0000,1.0000
2003-12-09,19.4600,19.4600,19.3500,19.3500,6.6575,400,0.0000,1.0000
2003-12-08,19.7000,19.7000,19.5400,19.5400,6.7229,400,0.0000,1.0000
2003-12-05,19.6200,19.7000,19.3600,19.7000,6.7780,2700,0.0000,1.0000
2003-12-04,19.9380,19.9400,19.7000,19.7000,6.7780,700,0.0000,1.0000
2003-12-03,19.7100,19.7100,19.7100,19.7100,6.7814,200,0.0000,1.0000
2003-12-02,19.8000,19.8000,19.8000,19.8000,6.8124,0,0.0000,1.0000
2003-12-01,19.8000,19.8000,19.8000,19.8000,6.8124,0,0.0000,1.0000
2003-11-28,20.0300,20.0300,19.8000,19.8000,6.8124,2500,0.0000,1.0000
2003-11-26,20.3290,20.3290,20.3290,20.3290,6.9944,71,0.0000,1.0000
2003-11-25,20.2600,20.3500,20.2600,20.3500,7.0016,600,0.0000,1.0000
2003-11-24,20.0800,20.0800,20.0800,20.0800,6.9087,300,0.0000,1.0000
2003-11-21,20.3220,20.3220,20.3000,20.3000,6.9844,400,0.0000,1.0000
2003-11-20,20.3700,20.3700,20.3700,20.3700,7.0085,0,0.0000,1.0000
2003-11-19,20.3700,20.3700,20.3700,20.3700,7.0085,100,0.0000,1.0000
2003-11-18,20.7500,20.7500,20.7500,20.7500,7.1392,0,0.0000,1.0000
2003-11-17,20.5100,20.7500,20.5100,20.7500,7.1392,900,0.0000,1.0000
2003-11-14,20.1000,20.1000,20.1000,20.1000,6.9156,0,0.0000,1.0000
2003-11-13,20.6500,20.6600,20.1000,20.1000,6.9156,1200,0.0000,1.0000
2003-11-12,20.8800,20.8800,20.8800,20.8800,7.1839,200,0.0000,1.0000
2003-11-11,20.8900,21.4600,20.8700,21.1000,7.2596,6900,0.0000,1.0000
2003-11-10,20.3500,20.5500,20.2700,20.5000,7.0532,1800,0.0000,1.0000
2003-11-07,20.3500,20.3500,20.3500,20.3500,7.0016,800,0.0000,1.0000
2003-11-06,20.3000,20.3000,20.3000,20.3000,6.9844,0,0.0000,1.0000
2003-11-05,20.2600,20.3000,20.2500,20.3000,6.9844,4800,0.0000,1.0000
2003-11-04,20.3000,20.3100,20.1100,20.3100,6.9878,7000,0.0000,1.0000
2003-11-03,20.0000,20.2000,20.0000,20.2000,6.9500,4000,0.0000,1.0000
2003-10-31,19.5000,20.0000,19.5000,20.0000,6.8812,3000,0.0000,1.0000
2003-10-30,19.5500,19.5500,19.5500,19.5500,6.7263,0,0.0000,1.0000
2003-10-29,19.5510,19.5510,19.5510,19.5510,6.7267,71,0.0000,1.0000
2003-10-28,19.9300,20.0000,19.9300,20.0000,6.8812,2800,0.0000,1.0000
2003-10-27,19.1000,19.1000,19.1000,19.1000,6.5715,0,0.0000,1.0000
2003-10-24,19.0800,19.1000,19.0800,19.1000,6.5715,200,0.1200,1.0000
2003-10-23,19.0500,19.0500,19.0500,19.0500,6.5134,0,0.0000,1.0000
2003-10-22,19.0500,19.0500,19.0500,19.0500,6.5134,0,0.0000,1.0000
2003-10-21,19.0500,19.0500,19.0500,19.0500,6.5134,0,0.0000,1.0000
2003-10-20,19.0500,19.0500,19.0500,19.0500,6.5134,0,0.0000,1.0000
2003-10-17,19.9000,19.9000,19.0500,19.0500,6.5134,2000,0.0000,1.0000
2003-10-16,19.2900,19.9000,19.2900,19.9000,6.8040,1500,0.0000,1.0000
2003-10-15,19.3400,19.7900,19.2700,19.7900,6.7664,1200,0.0000,1.0000
2003-10-14,20.0000,20.0000,20.0000,20.0000,6.8382,100,0.0000,1.0000
2003-10-13,19.5000,20.0000,19.5000,20.0000,6.8382,800,0.0000,1.0000
2003-10-10,19.9600,20.0000,19.9600,20.0000,6.8382,500,0.0000,1.0000
2003-10-09,18.2800,20.0000,18.2800,20.0000,6.8382,1800,0.0000,1.0000
2003-10-08,18.1600,18.1600,18.0500,18.0900,6.1852,300,0.0000,1.0000
2003-10-07,18.0000,18.9900,17.8600,18.6600,6.3801,7800,0.0000,1.0000
2003-10-06,17.8900,18.0000,17.8900,17.9000,6.1202,1200,0.0000,1.0000
2003-10-03,17.9900,17.9900,17.9900,17.9900,6.1510,100,0.0000,1.0000
2003-10-02,17.8100,17.8100,17.8100,17.8100,6.0894,100,0.0000,1.0000
2003-10-01,17.9900,18.0000,17.9900,18.0000,6.1544,1100,0.0000,1.0000
2003-09-30,17.7500,17.9900,17.7500,17.9900,6.1510,1300,0.0000,1.0000
2003-09-29,17.7500,17.8500,17.7500,17.8500,6.1031,20000,0.0000,1.0000
2003-09-26,18.0000,18.0000,18.0000,18.0000,6.1544,0,0.0000,1.0000
2003-09-25,18.0000,18.0400,18.0000,18.0000,6.1544,900,0.0000,1.0000
2003-09-24,17.7900,17.7900,17.7500,17.7500,6.0689,900,0.0000,1.0000
2003-09-23,17.9900,18.0000,17.7700,17.7700,6.0758,2100,0.0000,1.0000
2003-09-22,18.0000,18.0000,18.0000,18.0000,6.1544,0,0.0000,1.0000
2003-09-19,17.9800,18.0000,17.9600,18.0000,6.1544,1000,0.0000,1.0000
2003-09-18,17.9000,17.9000,17.9000,17.9000,6.1202,200,0.0000,1.0000
2003-09-17,17.5410,17.5410,17.5410,17.5410,5.9975,100,0.0000,1.0000
2003-09-16,17.7500,17.7500,17.7380,17.7500,6.0689,700,0.0000,1.0000
2003-09-15,17.7400,17.7400,17.7400,17.7400,6.0655,100,0.0000,1.0000
2003-09-12,17.5100,17.5100,17.5100,17.5100,5.9869,1000,0.0000,1.0000
2003-09-11,17.6200,17.6200,17.6200,17.6200,6.0245,0,0.0000,1.0000
2003-09-10,17.0300,17.6600,17.0300,17.6200,6.0245,2600,0.0000,1.0000
2003-09-09,17.6600,17.6600,17.0800,17.0800,5.8398,400,0.0000,1.0000
2003-09-08,17.0700,17.7500,17.0700,17.7500,6.0689,2800,0.0000,1.0000
2003-09-05,17.7500,17.7500,17.7500,17.7500,6.0689,0,0.0000,1.0000
2003-09-04,17.4700,17.8500,17.4700,17.7500,6.0689,1200,0.0000,1.0000
2003-09-03,17.7400,17.7500,17.7400,17.7500,6.0689,1200,0.0000,1.0000
2003-09-02,17.6800,17.7500,17.3300,17.7000,6.0518,2800,0.0000,1.0000
2003-08-29,16.6200,16.6500,16.6200,16.6500,5.6928,900,0.0000,1.0000
2003-08-28,17.2000,17.2500,16.7600,17.2500,5.8980,3000,0.0000,1.0000
2003-08-27,17.2000,17.2000,17.2000,17.2000,5.8809,1300,0.0000,1.0000
2003-08-26,17.2500,17.4500,17.2500,17.2500,5.8980,8600,0.0000,1.0000
2003-08-25,16.4720,17.3500,16.4500,17.3500,5.9321,4200,0.0000,1.0000
2003-08-22,17.0000,17.0000,16.7110,16.7210,5.7171,900,0.0000,1.0000
2003-08-21,17.0000,17.0000,16.7600,16.7600,5.7304,400,0.0000,1.0000
2003-08-20,16.8400,16.8500,16.7500,16.7500,5.7270,3200,0.0000,1.0000
2003-08-19,16.0700,16.0700,16.0700,16.0700,5.4945,100,0.0000,1.0000
2003-08-18,16.8300,16.8300,16.8300,16.8300,5.7544,0,0.0000,1.0000
2003-08-15,16.8300,16.8300,16.8300,16.8300,5.7544,0,0.0000,1.0000
2003-08-14,16.8300,16.8300,16.8300,16.8300,5.7544,1000,0.0000,1.0000
2003-08-13,16.7600,16.9500,16.5000,16.6000,5.6757,4500,0.0000,1.0000
2003-08-12,16.4800,16.7500,16.4800,16.7500,5.7270,5200,0.0000,1.0000
2003-08-11,16.3500,16.3500,16.3500,16.3500,5.5902,1000,0.0000,1.0000
2003-08-08,16.1000,16.1000,16.1000,16.1000,5.5048,100,0.0000,1.0000
2003-08-07,16.1000,16.1000,16.1000,16.1000,5.5048,0,0.0000,1.0000
2003-08-06,16.1000,16.1000,16.1000,16.1000,5.5048,200,0.0000,1.0000
2003-08-05,16.0600,16.0600,16.0600,16.0600,5.4911,0,0.0000,1.0000
2003-08-04,16.0980,16.4800,16.0600,16.0600,5.4911,600,0.0000,1.0000
2003-08-01,15.8500,16.0900,15.8500,16.0900,5.5013,1000,0.0000,1.0000
2003-07-31,16.1000,16.1000,16.1000,16.1000,5.5048,300,0.0000,1.0000
2003-07-30,16.2000,16.2000,16.2000,16.2000,5.5390,0,0.0000,1.0000
2003-07-29,16.2000,16.2000,16.2000,16.2000,5.5390,0,0.0000,1.0000
2003-07-28,16.0000,16.6000,16.0000,16.2000,5.5390,1700,0.0000,1.0000
2003-07-25,15.8190,15.8190,15.8190,15.8190,5.4087,0,0.0000,1.0000
2003-07-24,15.7800,15.8190,15.7800,15.8190,5.4087,1100,0.0000,1.0000
2003-07-23,15.9500,15.9500,15.5300,15.5300,5.3099,3800,0.0000,1.0000
2003-07-22,15.8900,15.8900,15.8900,15.8900,5.4330,100,0.0000,1.0000
2003-07-21,15.8000,15.8000,15.8000,15.8000,5.4022,400,0.0000,1.0000
2003-07-18,15.5300,15.5300,15.5300,15.5300,5.3099,0,0.1200,1.0000
2003-07-17,15.6500,15.6500,15.6500,15.6500,5.3099,0,0.0000,1.0000
2003-07-16,15.8000,15.8000,15.6500,15.6500,5.3099,1500,0.0000,1.0000
2003-07-15,15.6500,15.6500,15.6500,15.6500,5.3099,100,0.0000,1.0000
2003-07-14,15.8720,15.8720,15.7500,15.7500,5.3438,600,0.0000,1.0000
2003-07-11,16.0990,16.0990,16.0990,16.0990,5.4622,100,0.0000,1.0000
2003-07-10,16.0200,16.0200,16.0200,16.0200,5.4354,0,0.0000,1.0000
2003-07-09,15.7600,16.0200,15.7600,16.0200,5.4354,700,0.0000,1.0000
2003-07-08,15.6100,15.6100,15.6100,15.6100,5.2963,0,0.0000,1.0000
2003-07-07,15.6100,15.6100,15.6100,15.6100,5.2963,0,0.0000,1.0000
2003-07-03,15.6100,15.6100,15.6100,15.6100,5.2963,0,0.0000,1.0000
2003-07-02,15.6100,15.6100,15.6100,15.6100,5.2963,1500,0.0000,1.0000
2003-07-01,15.5300,15.7700,15.5300,15.7700,5.3506,1400,0.0000,1.0000
2003-06-30,15.7000,15.7000,15.7000,15.7000,5.3268,0,0.0000,1.0000
2003-06-27,15.5300,15.7000,15.5300,15.7000,5.3268,4700,0.0000,1.0000
2003-06-26,15.6900,15.6900,15.4000,15.4000,5.2250,1400,0.0000,1.0000
2003-06-25,15.7400,15.7400,15.6900,15.6900,5.3234,1200,0.0000,1.0000
2003-06-24,15.8600,15.8600,15.8600,15.8600,5.3811,100,0.0000,1.0000
2003-06-23,15.7500,16.0300,15.7500,16.0300,5.4388,1800,0.0000,1.0000
2003-06-20,15.6900,15.6900,15.6900,15.6900,5.3234,500,0.0000,1.0000
2003-06-19,15.6000,15.6000,15.6000,15.6000,5.2929,0,0.0000,1.0000
2003-06-18,15.6000,15.6000,15.6000,15.6000,5.2929,0,0.0000,1.0000
2003-06-17,15.6000,15.6000,15.6000,15.6000,5.2929,0,0.0000,1.0000
2003-06-16,15.6000,15.6000,15.6000,15.6000,5.2929,0,0.0000,1.0000
2003-06-13,15.4100,15.6000,15.4100,15.6000,5.2929,800,0.0000,1.0000
2003-06-12,15.5200,15.5200,15.5200,15.5200,5.2658,0,0.0000,1.0000
2003-06-11,15.5200,15.5200,15.5200,15.5200,5.2658,100,0.0000,1.0000
2003-06-10,15.8100,15.8100,15.4100,15.4100,5.2284,1900,0.0000,1.0000
2003-06-09,15.8200,15.8200,15.8200,15.8200,5.3675,100,0.0000,1.0000
2003-06-06,16.2500,16.2500,16.0500,16.0500,5.4456,1700,0.0000,1.0000
2003-06-05,15.8000,15.9800,15.8000,15.9800,5.4218,300,0.0000,1.0000
2003-06-04,15.8500,15.8500,15.8500,15.8500,5.3777,0,0.0000,1.0000
2003-06-03,15.8500,15.8500,15.8500,15.8500,5.3777,0,0.0000,1.0000
2003-06-02,16.1300,16.1300,15.8500,15.8500,5.3777,500,0.0000,1.0000
2003-05-30,16.1300,16.1300,16.1300,16.1300,5.4727,600,0.0000,1.0000
2003-05-29,16.2500,16.2500,16.2500,16.2500,5.5134,0,0.0000,1.0000
2003-05-28,16.2500,16.2500,16.2500,16.2500,5.5134,0,0.0000,1.0000
2003-05-27,16.2500,16.2500,16.2500,16.2500,5.5134,0,0.0000,1.0000
2003-05-23,16.2500,16.2500,16.2500,16.2500,5.5134,100,0.0000,1.0000
2003-05-22,16.3690,16.3690,16.3690,16.3690,5.5538,0,0.0000,1.0000
2003-05-21,16.3300,16.3690,16.1000,16.3690,5.5538,700,0.0000,1.0000
2003-05-20,16.3800,16.3800,16.3800,16.3800,5.5576,0,0.0000,1.0000
2003-05-19,16.3500,16.5000,16.3500,16.3800,5.5576,2100,0.0000,1.0000
2003-05-16,16.1200,16.1200,16.1200,16.1200,5.4693,0,0.0000,1.0000
2003-05-15,16.3500,16.3500,16.1200,16.1200,5.4693,500,0.0000,1.0000
2003-05-14,16.5000,16.5000,16.4000,16.4000,5.5643,2100,0.0000,1.0000
2003-05-13,16.3500,16.4900,16.3000,16.4900,5.5949,4700,0.0000,1.0000
2003-05-12,16.0000,16.2700,16.0000,16.2700,5.5202,1100,0.0000,1.0000
2003-05-09,15.6500,15.9600,15.6000,15.9600,5.4151,2800,0.0000,1.0000
2003-05-08,15.6500,15.6500,15.6500,15.6500,5.3099,900,0.0000,1.0000
2003-05-07,15.6100,15.6100,15.6100,15.6100,5.2963,0,0.0000,1.0000
2003-05-06,15.6100,15.6100,15.6100,15.6100,5.2963,400,0.0000,1.0000
2003-05-05,15.5600,15.8500,15.5600,15.7900,5.3574,1000,0.0000,1.0000
2003-05-02,16.0100,16.0100,15.5100,15.5100,5.2624,2800,0.0000,1.0000
2003-05-01,16.0600,16.0600,16.0100,16.0100,5.4320,500,0.0000,1.0000
2003-04-30,16.0500,16.0500,16.0500,16.0500,5.4456,600,0.0000,1.0000
2003-04-29,16.1600,16.1600,16.1600,16.1600,5.4829,0,0.0000,1.0000
2003-04-28,16.1500,16.1600,16.1500,16.1600,5.4829,400,0.0000,1.0000
2003-04-25,16.0500,16.0500,16.0500,16.0500,5.4456,0,0.0000,1.0000
2003-04-24,16.0500,16.0500,16.0500,16.0500,5.4456,0,0.0000,1.0000
2003-04-23,15.9500,16.0500,15.9500,16.0500,5.4456,5700,0.0000,1.0000
2003-04-22,15.8100,15.8900,15.8100,15.8900,5.3913,300,0.0000,1.0000
2003-04-21,15.8200,15.8200,15.7300,15.7300,5.3370,8300,0.0000,1.0000
2003-04-17,15.8600,15.8600,15.8600,15.8600,5.3811,3926,0.1200,1.0500
2003-04-16,15.7500,16.4500,15.7500,16.1900,5.1922,2800,0.0000,1.0000
2003-04-15,15.4500,16.2500,15.4500,16.2500,5.2115,400,0.0000,1.0000
2003-04-14,16.2500,16.2500,16.2500,16.2500,5.2115,200,0.0000,1.0000
2003-04-11,16.1100,16.1100,16.1100,16.1100,5.1666,0,0.0000,1.0000
2003-04-10,16.1100,16.1100,16.1100,16.1100,5.1666,0,0.0000,1.0000
2003-04-09,16.0000,16.1100,16.0000,16.1100,5.1666,2000,0.0000,1.0000
2003-04-08,16.0000,16.0000,16.0000,16.0000,5.1313,200,0.0000,1.0000
2003-04-07,15.7000,15.7000,15.7000,15.7000,5.0351,0,0.0000,1.0000
2003-04-04,15.7000,15.7000,15.7000,15.7000,5.0351,0,0.0000,1.0000
2003-04-03,15.7000,15.7000,15.7000,15.7000,5.0351,800,0.0000,1.0000
2003-04-02,15.7200,15.7200,15.7200,15.7200,5.0415,0,0.0000,1.0000
2003-04-01,16.3000,16.3000,15.7200,15.7200,5.0415,500,0.0000,1.0000
2003-03-31,16.3500,16.3500,16.3500,16.3500,5.2435,0,0.0000,1.0000
2003-03-28,16.3500,16.3500,16.3500,16.3500,5.2435,100,0.0000,1.0000
2003-03-27,16.3000,16.3000,16.3000,16.3000,5.2275,100,0.0000,1.0000
2003-03-26,16.0800,16.0800,16.0800,16.0800,5.1569,0,0.0000,1.0000
2003-03-25,16.0800,16.0800,16.0800,16.0800,5.1569,0,0.0000,1.0000
2003-03-24,15.6800,16.1700,15.6800,16.0800,5.1569,2000,0.0000,1.0000
2003-03-21,15.7200,15.8000,15.7200,15.8000,5.0672,200,0.0000,1.0000
2003-03-20,15.6800,15.6800,15.6800,15.6800,5.0287,100,0.0000,1.0000
2003-03-19,15.6000,15.6000,15.6000,15.6000,5.0030,1100,0.0000,1.0000
2003-03-18,15.5500,15.5500,15.5500,15.5500,4.9870,0,0.0000,1.0000
2003-03-17,15.5500,15.5500,15.5500,15.5500,4.9870,1100,0.0000,1.0000
2003-03-14,15.4400,15.4400,15.4400,15.4400,4.9517,0,0.0000,1.0000
2003-03-13,15.4400,15.4400,15.4400,15.4400,4.9517,0,0.0000,1.0000
2003-03-12,15.5200,15.5200,15.4400,15.4400,4.9517,3200,0.0000,1.0000
2003-03-11,15.4500,15.5200,15.4500,15.5200,4.9774,1400,0.0000,1.0000
2003-03-10,15.4700,15.6000,15.4700,15.5900,4.9998,3500,0.0000,1.0000
2003-03-07,15.4000,15.4000,15.4000,15.4000,4.9389,2200,0.0000,1.0000
2003-03-06,15.3500,15.6000,15.2500,15.3500,4.9228,9814,0.0000,1.0000
2003-03-05,15.3500,15.3500,15.3500,15.3500,4.9228,0,0.0000,1.0000
2003-03-04,15.3500,15.3500,15.3500,15.3500,4.9228,0,0.0000,1.0000
2003-03-03,15.3500,15.3500,15.3500,15.3500,4.9228,0,0.0000,1.0000
2003-02-28,15.3500,15.3500,15.3500,15.3500,4.9228,700,0.0000,1.0000
2003-02-27,15.3500,15.3500,15.3500,15.3500,4.9228,300,0.0000,1.0000
2003-02-26,15.0900,15.0900,15.0900,15.0900,4.8394,0,0.0000,1.0000
2003-02-25,15.0900,15.0900,15.0900,15.0900,4.8394,0,0.0000,1.0000
2003-02-24,15.1100,15.1600,15.0900,15.0900,4.8394,1200,0.0000,1.0000
2003-02-21,15.1000,15.3500,15.0000,15.0100,4.8138,5500,0.0000,1.0000
2003-02-20,15.3500,15.3500,15.3500,15.3500,4.9228,600,0.0000,1.0000
2003-02-19,15.1000,15.3500,15.1000,15.1000,4.8427,3200,0.0000,1.0000
2003-02-18,15.2500,15.2500,15.2500,15.2500,4.8908,0,0.0000,1.0000
2003-02-14,15.2500,15.2500,15.2500,15.2500,4.8908,0,0.0000,1.0000
2003-02-13,15.2500,15.2500,15.2500,15.2500,4.8908,0,0.0000,1.0000
2003-02-12,15.2500,15.2500,15.2500,15.2500,4.8908,0,0.0000,1.0000
2003-02-11,15.3500,15.3500,15.2500,15.2500,4.8908,8700,0.0000,1.0000
2003-02-10,15.2500,15.2500,15.2500,15.2500,4.8908,0,0.0000,1.0000
2003-02-07,15.2500,15.2500,15.2500,15.2500,4.8908,0,0.0000,1.0000
2003-02-06,15.3500,15.3500,15.2500,15.2500,4.8908,4500,0.0000,1.0000
2003-02-05,15.3500,15.3500,15.1400,15.3000,4.9068,31100,0.0000,1.0000
2003-02-04,15.3000,15.3000,15.3000,15.3000,4.9068,0,0.0000,1.0000
2003-02-03,15.0100,15.3200,15.0000,15.3000,4.9068,24200,0.0000,1.0000
2003-01-31,15.2500,15.2500,15.1500,15.1500,4.8587,20000,0.0000,1.0000
2003-01-30,15.1000,15.1000,15.1000,15.1000,4.8427,0,0.0000,1.0000
2003-01-29,15.3200,15.3200,15.1000,15.1000,4.8427,1934,0.0000,1.0000
2003-01-28,15.0200,15.0200,15.0200,15.0200,4.8170,0,0.0000,1.0000
2003-01-27,15.0000,15.0200,15.0000,15.0200,4.8170,700,0.0000,1.0000
2003-01-24,15.0700,15.0700,15.0700,15.0700,4.8330,0,0.1200,1.0000
2003-01-23,15.1900,15.1900,15.1900,15.1900,4.8330,0,0.0000,1.0000
2003-01-22,15.1900,15.1900,15.1900,15.1900,4.8330,0,0.0000,1.0000
2003-01-21,15.1900,15.1900,15.1900,15.1900,4.8330,0,0.0000,1.0000
2003-01-17,15.0800,15.2000,15.0800,15.1900,4.8330,1900,0.0000,1.0000
2003-01-16,14.6000,14.6000,14.6000,14.6000,4.6453,200,0.0000,1.0000
2003-01-15,14.9600,14.9600,14.9600,14.9600,4.7599,0,0.0000,1.0000
2003-01-14,14.9600,14.9600,14.9600,14.9600,4.7599,0,0.0000,1.0000
2003-01-13,14.9600,14.9600,14.9600,14.9600,4.7599,0,0.0000,1.0000
2003-01-10,14.9600,14.9600,14.9600,14.9600,4.7599,100,0.0000,1.0000
2003-01-09,15.0000,15.0100,15.0000,15.0100,4.7758,800,0.0000,1.0000
2003-01-08,15.1500,15.1500,15.1500,15.1500,4.8203,0,0.0000,1.0000
2003-01-07,15.1500,15.1500,15.1500,15.1500,4.8203,0,0.0000,1.0000
2003-01-06,15.1500,15.4800,15.0000,15.1500,4.8203,1700,0.0000,1.0000
2003-01-03,15.4500,15.4500,15.4500,15.4500,4.9158,100,0.0000,1.0000
2003-01-02,15.3800,15.3800,15.3800,15.3800,4.8935,100,0.0000,1.0000
2002-12-31,15.2500,15.2500,15.2300,15.2300,4.8458,200,0.0000,1.0000
2002-12-30,15.4000,15.4000,15.4000,15.4000,4.8999,4000,0.0000,1.0000
2002-12-27,15.5000,15.5000,15.2500,15.2500,4.8521,7200,0.0000,1.0000
2002-12-26,15.3500,15.3500,15.3500,15.3500,4.8839,0,0.0000,1.0000
2002-12-24,15.3500,15.3500,15.3500,15.3500,4.8839,0,0.0000,1.0000
2002-12-23,15.3500,15.3500,15.3500,15.3500,4.8839,600,0.0000,1.0000
2002-12-20,15.3500,15.3500,15.2800,15.2800,4.8617,900,0.0000,1.0000
2002-12-19,15.3500,15.3500,15.3500,15.3500,4.8839,1200,0.0000,1.0000
2002-12-18,15.3500,15.3500,15.3500,15.3500,4.8839,2000,0.0000,1.0000
2002-12-17,15.3100,15.3100,15.3100,15.3100,4.8712,1200,0.0000,1.0000
2002-12-16,15.4000,15.4000,15.4000,15.4000,4.8999,0,0.0000,1.0000
2002-12-13,15.4100,15.4100,15.4000,15.4000,4.8999,1100,0.0000,1.0000
2002-12-12,15.6200,15.6200,15.6200,15.6200,4.9698,0,0.0000,1.0000
2002-12-11,15.6200,15.6200,15.6200,15.6200,4.9698,0,0.0000,1.0000
2002-12-10,15.5000,15.6200,15.5000,15.6200,4.9698,8800,0.0000,1.0000
2002-12-09,15.3500,15.3600,15.3400,15.3400,4.8808,800,0.0000,1.0000
2002-12-06,15.4500,15.4500,15.4500,15.4500,4.9158,500,0.0000,1.0000
2002-12-05,15.3500,15.3500,15.3500,15.3500,4.8839,0,0.0000,1.0000
2002-12-04,15.3500,15.3500,15.3500,15.3500,4.8839,500,0.0000,1.0000
2002-12-03,15.5000,15.5000,15.5000,15.5000,4.9317,200,0.0000,1.0000
2002-12-02,15.7000,15.7000,15.7000,15.7000,4.9953,400,0.0000,1.0000
2002-11-29,15.6000,15.6000,15.6000,15.6000,4.9635,100,0.0000,1.0000
2002-11-27,15.0500,15.0500,15.0500,15.0500,4.7885,338,0.0000,1.0000
2002-11-26,15.7000,15.7000,15.7000,15.7000,4.9953,0,0.0000,1.0000
2002-11-25,15.7000,15.7000,15.7000,15.7000,4.9953,0,0.0000,1.0000
2002-11-22,15.7000,15.7000,15.7000,15.7000,4.9953,0,0.0000,1.0000
2002-11-21,15.7000,15.7000,15.7000,15.7000,4.9953,6000,0.0000,1.0000
2002-11-20,15.5000,15.9000,15.5000,15.7000,4.9953,8000,0.0000,1.0000
2002-11-19,14.8500,15.8900,14.8000,15.8900,5.0558,1400,0.0000,1.0000
2002-11-18,15.8500,15.8500,15.8500,15.8500,5.0430,0,0.0000,1.0000
2002-11-15,14.7500,15.9000,14.5000,15.8500,5.0430,10100,0.0000,1.0000
2002-11-14,14.8300,15.7500,14.8300,14.8300,4.7185,8700,0.0000,1.0000
2002-11-13,15.3000,15.3000,15.3000,15.3000,4.8680,0,0.0000,1.0000
2002-11-12,15.4500,15.8500,15.2500,15.3000,4.8680,38300,0.0000,1.0000
2002-11-11,14.6700,14.6700,14.6700,14.6700,4.6676,500,0.0000,1.0000
2002-11-08,15.1000,15.1000,15.1000,15.1000,4.8044,0,0.0000,1.0000
2002-11-07,15.2400,15.2500,15.1000,15.1000,4.8044,1100,0.0000,1.0000
2002-11-06,14.1000,14.1000,14.1000,14.1000,4.4862,0,0.0000,1.0000
2002-11-05,14.1000,14.1000,14.1000,14.1000,4.4862,0,0.0000,1.0000
2002-11-04,15.0000,15.1000,14.1000,14.1000,4.4862,2900,0.0000,1.0000
2002-11-01,14.7100,14.7100,14.6000,14.6000,4.6453,474,0.0000,1.0000
2002-10-31,15.3600,15.3600,15.1500,15.1500,4.8203,1000,0.0000,1.0000
2002-10-30,15.3600,15.3600,15.3600,15.3600,4.8871,400,0.0000,1.0000
2002-10-29,15.7500,15.7600,15.5500,15.5500,4.9476,400,0.0000,1.0000
2002-10-28,15.9500,15.9500,15.7500,15.7500,5.0112,500,0.0000,1.0000
2002-10-25,15.9600,15.9600,15.9600,15.9600,5.0780,0,0.0000,1.0000
2002-10-24,15.9600,15.9600,15.9600,15.9600,5.0780,100,0.0000,1.0000
2002-10-23,16.1000,16.1000,16.1000,16.1000,5.1226,0,0.0000,1.0000
2002-10-22,16.1000,16.1000,16.1000,16.1000,5.1226,0,0.0000,1.0000
2002-10-21,16.0900,16.1000,16.0900,16.1000,5.1226,200,0.0000,1.0000
2002-10-18,15.9000,15.9000,15.9000,15.9000,5.0589,0,0.1200,1.0000
2002-10-17,15.9800,15.9800,15.9000,15.9000,5.0210,500,0.0000,1.0000
2002-10-16,16.2000,16.2400,16.2000,16.2400,5.1284,400,0.0000,1.0000
2002-10-15,16.2400,16.2400,16.2400,16.2400,5.1284,0,0.0000,1.0000
2002-10-14,16.2400,16.2400,16.2400,16.2400,5.1284,0,0.0000,1.0000
2002-10-11,16.2400,16.2400,16.2400,16.2400,5.1284,0,0.0000,1.0000
2002-10-10,16.2400,16.2400,16.2400,16.2400,5.1284,0,0.0000,1.0000
2002-10-09,16.2500,16.2500,16.2400,16.2400,5.1284,300,0.0000,1.0000
2002-10-08,15.9500,15.9500,15.9500,15.9500,5.0368,400,0.0000,1.0000
2002-10-07,15.9500,15.9500,15.9500,15.9500,5.0368,0,0.0000,1.0000
2002-10-04,16.0500,16.0500,15.9500,15.9500,5.0368,500,0.0000,1.0000
2002-10-03,16.2500,16.2500,16.2500,16.2500,5.1316,0,0.0000,1.0000
2002-10-02,16.2500,16.2500,16.2500,16.2500,5.1316,0,0.0000,1.0000
2002-10-01,16.2500,16.2500,16.2500,16.2500,5.1316,200,0.0000,1.0000
2002-09-30,16.1000,16.2000,16.1000,16.2000,5.1158,50000,0.0000,1.0000
2002-09-27,16.2000,16.2000,16.2000,16.2000,5.1158,0,0.0000,1.0000
2002-09-26,16.2000,16.2000,16.2000,16.2000,5.1158,0,0.0000,1.0000
2002-09-25,16.2000,16.2000,16.2000,16.2000,5.1158,0,0.0000,1.0000
2002-09-24,16.3500,16.3500,16.2000,16.2000,5.1158,2000,0.0000,1.0000
2002-09-23,16.3600,16.3600,16.0000,16.0000,5.0526,1200,0.0000,1.0000
2002-09-20,16.3500,16.3500,16.3500,16.3500,5.1631,0,0.0000,1.0000
2002-09-19,16.6500,16.6500,16.3500,16.3500,5.1631,400,0.0000,1.0000
2002-09-18,16.7500,16.7500,16.5000,16.5000,5.2105,1800,0.0000,1.0000
2002-09-17,16.8000,16.8000,16.8000,16.8000,5.3053,0,0.0000,1.0000
2002-09-16,16.6500,16.8000,16.6500,16.8000,5.3053,1900,0.0000,1.0000
2002-09-13,16.3100,16.6000,16.3000,16.6000,5.2421,3200,0.0000,1.0000
2002-09-12,16.2000,16.3000,16.2000,16.3000,5.1474,300,0.0000,1.0000
2002-09-11,16.1200,16.1200,16.1200,16.1200,5.0905,0,0.0000,1.0000
2002-09-10,16.1200,16.1200,16.1200,16.1200,5.0905,1200,0.0000,1.0000
2002-09-09,16.0100,16.0100,16.0100,16.0100,5.0558,0,0.0000,1.0000
2002-09-06,16.0100,16.0100,16.0100,16.0100,5.0558,0,0.0000,1.0000
2002-09-05,16.0100,16.0100,16.0100,16.0100,5.0558,1200,0.0000,1.0000
2002-09-04,15.9500,16.1000,15.9500,16.1000,5.0842,4000,0.0000,1.0000
2002-09-03,15.9400,15.9400,15.8000,15.8000,4.9895,1600,0.0000,1.0000
2002-08-30,15.7500,15.7500,15.7500,15.7500,4.9737,677,0.0000,1.0000
2002-08-29,16.0000,16.0000,16.0000,16.0000,5.0526,0,0.0000,1.0000
2002-08-28,16.0000,16.0000,16.0000,16.0000,5.0526,0,0.0000,1.0000
2002-08-27,16.0000,16.0000,16.0000,16.0000,5.0526,0,0.0000,1.0000
2002-08-26,16.0000,16.0000,16.0000,16.0000,5.0526,0,0.0000,1.0000
2002-08-23,16.0000,16.0000,16.0000,16.0000,5.0526,0,0.0000,1.0000
2002-08-22,16.0000,16.0000,16.0000,16.0000,5.0526,0,0.0000,1.0000
2002-08-21,16.0000,16.0000,16.0000,16.0000,5.0526,600,0.0000,1.0000
2002-08-20,16.0000,16.0000,16.0000,16.0000,5.0526,100,0.0000,1.0000
2002-08-19,15.4500,15.6500,15.4500,15.5900,4.9231,3700,0.0000,1.0000
2002-08-16,15.4200,15.4300,15.4200,15.4300,4.8726,2200,0.0000,1.0000
2002-08-15,15.9000,16.0400,15.9000,16.0400,5.0653,4900,0.0000,1.0000
2002-08-14,15.1600,15.1600,15.1600,15.1600,4.7874,0,0.0000,1.0000
2002-08-13,15.1600,15.1600,15.1600,15.1600,4.7874,500,0.0000,1.0000
2002-08-12,15.1400,15.1400,15.1400,15.1400,4.7810,0,0.0000,1.0000
2002-08-09,15.1400,15.1400,15.1400,15.1400,4.7810,200,0.0000,1.0000
2002-08-08,16.0000,16.0000,16.0000,16.0000,5.0526,0,0.0000,1.0000
2002-08-07,16.0000,16.0000,16.0000,16.0000,5.0526,200,0.0000,1.0000
2002-08-06,15.3700,15.3700,15.3700,15.3700,4.8537,0,0.0000,1.0000
2002-08-05,15.3700,15.3700,15.3700,15.3700,4.8537,0,0.0000,1.0000
2002-08-02,15.3300,15.8400,15.3300,15.3700,4.8537,1100,0.0000,1.0000
2002-08-01,15.7300,15.7400,15.7300,15.7400,4.9705,2400,0.0000,1.0000
2002-07-31,15.1000,15.7500,15.0800,15.0800,4.7621,6000,0.0000,1.0000
2002-07-30,15.5000,15.5000,15.5000,15.5000,4.8947,200,0.0000,1.0000
2002-07-29,15.9900,15.9900,15.7500,15.7500,4.9737,3000,0.0000,1.0000
2002-07-26,15.8500,16.0000,15.8500,15.9900,5.0495,500,0.0000,1.0000
2002-07-25,15.1100,15.1100,15.1100,15.1100,4.7716,0,0.0000,1.0000
2002-07-24,15.1100,15.1100,15.1100,15.1100,4.7716,0,0.0000,1.0000
2002-07-23,15.1100,15.1100,15.1100,15.1100,4.7716,0,0.0000,1.0000
2002-07-22,15.1200,15.1200,15.1100,15.1100,4.7716,3000,0.0000,1.0000
2002-07-19,15.2500,15.2500,15.2500,15.2500,4.8158,200,0.1200,1.0000
2002-07-18,15.2000,15.6500,15.2000,15.2500,4.7782,6200,0.0000,1.0000
2002-07-17,15.2500,15.2500,15.2500,15.2500,4.7782,0,0.0000,1.0000
2002-07-16,15.2500,15.2500,15.2500,15.2500,4.7782,0,0.0000,1.0000
2002-07-15,15.2500,15.2500,15.2500,15.2500,4.7782,1100,0.0000,1.0000
2002-07-12,15.6100,15.6100,15.6100,15.6100,4.8910,1700,0.0000,1.0000
2002-07-11,15.6100,15.6100,15.2500,15.2500,4.7782,1300,0.0000,1.0000
2002-07-10,15.3000,15.3000,15.1000,15.1000,4.7312,1100,0.0000,1.0000
2002-07-09,15.3500,15.3500,15.3500,15.3500,4.8095,400,0.0000,1.0000
2002-07-08,15.3000,15.3000,15.3000,15.3000,4.7938,0,0.0000,1.0000
2002-07-05,15.3000,15.3000,15.3000,15.3000,4.7938,0,0.0000,1.0000
2002-07-03,15.3000,15.3000,15.3000,15.3000,4.7938,0,0.0000,1.0000
2002-07-02,15.3000,15.3000,15.3000,15.3000,4.7938,0,0.0000,1.0000
2002-07-01,15.3000,15.3000,15.3000,15.3000,4.7938,600,0.0000,1.0000
2002-06-28,15.9500,15.9500,15.9400,15.9400,4.9944,300,0.0000,1.0000
2002-06-27,16.0000,16.0000,16.0000,16.0000,5.0132,0,0.0000,1.0000
2002-06-26,16.0000,16.0000,16.0000,16.0000,5.0132,0,0.0000,1.0000
2002-06-25,16.0000,16.0000,16.0000,16.0000,5.0132,0,0.0000,1.0000
2002-06-24,15.9000,16.0000,15.9000,16.0000,5.0132,300,0.0000,1.0000
2002-06-21,15.7500,15.7500,15.7500,15.7500,4.9348,0,0.0000,1.0000
2002-06-20,15.2500,15.7500,15.2500,15.7500,4.9348,700,0.0000,1.0000
2002-06-19,15.2600,15.2600,15.2600,15.2600,4.7813,0,0.0000,1.0000
2002-06-18,15.2500,15.3000,15.2500,15.2600,4.7813,1900,0.0000,1.0000
2002-06-17,15.1000,15.1000,15.1000,15.1000,4.7312,0,0.0000,1.0000
2002-06-14,15.1000,15.1500,15.1000,15.1000,4.7312,2400,0.0000,1.0000
2002-06-13,15.3200,15.3200,15.3200,15.3200,4.8001,0,0.0000,1.0000
2002-06-12,15.3200,15.3200,15.3200,15.3200,4.8001,100,0.0000,1.0000
2002-06-11,15.2500,15.7500,15.2500,15.7500,4.9348,1800,0.0000,1.0000
2002-06-10,15.4700,15.4700,15.4700,15.4700,4.8471,0,0.0000,1.0000
2002-06-07,15.5600,15.5600,15.1500,15.4700,4.8471,4400,0.0000,1.0000
2002-06-06,15.2500,15.2500,15.2500,15.2500,4.7782,500,0.0000,1.0000
2002-06-05,15.7400,15.7400,15.7400,15.7400,4.9317,0,0.0000,1.0000
2002-06-04,15.7400,15.7400,15.7400,15.7400,4.9317,0,0.0000,1.0000
2002-06-03,15.7400,15.7400,15.7400,15.7400,4.9317,100,0.0000,1.0000
2002-05-31,15.5000,15.5000,15.5000,15.5000,4.8565,1100,0.0000,1.0000
2002-05-30,15.2500,15.2500,15.2500,15.2500,4.7782,0,0.0000,1.0000
2002-05-29,15.2500,15.2500,15.2500,15.2500,4.7782,0,0.0000,1.0000
2002-05-28,15.2500,15.2500,15.2500,15.2500,4.7782,0,0.0000,1.0000
2002-05-24,15.2500,15.2500,15.2500,15.2500,4.7782,1000,0.0000,1.0000
2002-05-23,15.5000,15.5000,15.5000,15.5000,4.8565,0,0.0000,1.0000
2002-05-22,15.5000,15.5000,15.5000,15.5000,4.8565,0,0.0000,1.0000
2002-05-21,15.5000,16.0000,15.5000,15.5000,4.8565,7900,0.0000,1.0000
2002-05-20,14.5500,14.5500,14.5500,14.5500,4.5589,0,0.0000,1.0000
2002-05-17,14.5500,14.5500,14.5500,14.5500,4.5589,0,0.0000,1.0000
2002-05-16,14.5500,14.5500,14.5500,14.5500,4.5589,100,0.0000,1.0000
2002-05-15,15.8900,16.0000,14.5500,14.5500,4.5589,400,0.0000,1.0000
2002-05-14,15.6000,15.7500,15.6000,15.7500,4.9348,10900,0.0000,1.0000
2002-05-13,15.1000,15.1000,15.1000,15.1000,4.7312,0,0.0000,1.0000
2002-05-10,15.1000,15.1000,15.1000,15.1000,4.7312,0,0.0000,1.0000
2002-05-09,15.1000,15.1000,15.1000,15.1000,4.7312,0,0.0000,1.0000
2002-05-08,15.1000,15.1000,15.1000,15.1000,4.7312,100,0.0000,1.0000
2002-05-07,15.0000,15.0000,15.0000,15.0000,4.6999,0,0.0000,1.0000
2002-05-06,15.3000,15.3600,15.0000,15.0000,4.6999,600,0.0000,1.0000
2002-05-03,14.8000,15.2500,14.8000,15.2500,4.7782,600,0.0000,1.0000
2002-05-02,15.0000,15.0000,15.0000,15.0000,4.6999,100,0.0000,1.0000
2002-05-01,15.0000,15.0000,15.0000,15.0000,4.6999,0,0.0000,1.0000
2002-04-30,14.7500,15.0000,14.3000,15.0000,4.6999,3200,0.0000,1.0000
2002-04-29,14.2500,14.2500,14.2500,14.2500,4.4649,200,0.0000,1.0000
2002-04-26,14.0000,14.0000,14.0000,14.0000,4.3865,500,0.0000,1.0000
2002-04-25,14.0000,14.0000,14.0000,14.0000,4.3865,1100,0.0000,1.0000
2002-04-24,13.9000,13.9000,13.9000,13.9000,4.3552,0,0.0000,1.0000
2002-04-23,13.9000,13.9000,13.9000,13.9000,4.3552,0,0.0000,1.0000
2002-04-22,13.9000,13.9000,13.9000,13.9000,4.3552,100,0.0000,1.0000
2002-04-19,13.7800,13.7800,13.0000,13.0000,4.0732,200,0.1200,1.0500
2002-04-18,14.2500,14.3500,14.2500,14.3500,4.2429,3200,0.0000,1.0000
2002-04-17,14.2500,14.2500,14.2500,14.2500,4.2134,300,0.0000,1.0000
2002-04-16,14.2500,14.2500,14.2400,14.2400,4.2104,500,0.0000,1.0000
2002-04-15,13.9000,13.9000,13.9000,13.9000,4.1099,0,0.0000,1.0000
2002-04-12,13.9000,13.9000,13.9000,13.9000,4.1099,0,0.0000,1.0000
2002-04-11,13.9000,13.9000,13.9000,13.9000,4.1099,0,0.0000,1.0000
2002-04-10,14.3500,14.3500,13.9000,13.9000,4.1099,300,0.0000,1.0000
2002-04-09,14.1500,14.1500,14.1500,14.1500,4.1838,0,0.0000,1.0000
2002-04-08,13.9000,14.1500,13.9000,14.1500,4.1838,1600,0.0000,1.0000
2002-04-05,13.8500,13.9000,13.8500,13.9000,4.1099,1200,0.0000,1.0000
2002-04-04,14.2500,14.2500,13.9200,13.9200,4.1158,4400,0.0000,1.0000
2002-04-03,14.2400,14.2400,14.2400,14.2400,4.2104,0,0.0000,1.0000
2002-04-02,14.0000,14.2400,14.0000,14.2400,4.2104,800,0.0000,1.0000
2002-04-01,14.4500,14.4500,14.4500,14.4500,4.2725,0,0.0000,1.0000
2002-03-28,14.4500,14.4500,14.4500,14.4500,4.2725,0,0.0000,1.0000
2002-03-27,14.4500,14.4500,14.4500,14.4500,4.2725,0,0.0000,1.0000
2002-03-26,14.4500,14.4500,14.4500,14.4500,4.2725,0,0.0000,1.0000
2002-03-25,14.4500,14.4500,14.4500,14.4500,4.2725,0,0.0000,1.0000
2002-03-22,14.4500,14.4500,14.4500,14.4500,4.2725,200,0.0000,1.0000
2002-03-21,14.4500,14.4500,14.4500,14.4500,4.2725,6100,0.0000,1.0000
2002-03-20,14.4500,14.4500,14.4500,14.4500,4.2725,1300,0.0000,1.0000
2002-03-19,14.0500,14.0500,14.0500,14.0500,4.1542,0,0.0000,1.0000
2002-03-18,14.0500,14.0500,14.0500,14.0500,4.1542,0,0.0000,1.0000
2002-03-15,14.5000,14.5000,14.0500,14.0500,4.1542,4100,0.0000,1.0000
2002-03-14,15.0000,15.0000,14.0000,14.5000,4.2873,3600,0.0000,1.0000
2002-03-13,14.0000,14.0000,14.0000,14.0000,4.1394,300,0.0000,1.0000
2002-03-12,13.7000,13.7300,13.0000,13.7300,4.0596,6500,0.0000,1.0000
2002-03-11,14.0000,14.0000,14.0000,14.0000,4.1394,0,0.0000,1.0000
2002-03-08,14.0000,14.0000,14.0000,14.0000,4.1394,0,0.0000,1.0000
2002-03-07,14.0000,14.0000,14.0000,14.0000,4.1394,0,0.0000,1.0000
2002-03-06,13.7000,14.0000,13.7000,14.0000,4.1394,300,0.0000,1.0000
2002-03-05,13.5000,13.5000,13.5000,13.5000,3.9916,0,0.0000,1.0000
2002-03-04,13.5000,13.5000,13.5000,13.5000,3.9916,0,0.0000,1.0000
2002-03-01,13.5000,13.5000,13.5000,13.5000,3.9916,0,0.0000,1.0000
2002-02-28,13.7500,13.7500,13.5000,13.5000,3.9916,4600,0.0000,1.0000
2002-02-27,14.2500,14.2500,14.2500,14.2500,4.2134,1600,0.0000,1.0000
2002-02-26,13.7500,13.7500,13.7500,13.7500,4.0655,200,0.0000,1.0000
2002-02-25,13.5000,13.5000,13.5000,13.5000,3.9916,0,0.0000,1.0000
2002-02-22,13.5000,13.5000,13.5000,13.5000,3.9916,0,0.0000,1.0000
2002-02-21,13.5000,13.5000,13.5000,13.5000,3.9916,0,0.0000,1.0000
2002-02-20,14.1000,14.1000,13.5000,13.5000,3.9916,2200,0.0000,1.0000
2002-02-19,14.7000,14.7000,14.7000,14.7000,4.3464,100,0.0000,1.0000
2002-02-15,14.2500,14.2500,13.5500,13.5800,4.0153,12700,0.0000,1.0000
2002-02-14,14.0000,14.0000,13.6000,13.6000,4.0212,500,0.0000,1.0000
2002-02-13,13.9000,14.1000,13.5800,14.1000,4.1690,5000,0.0000,1.0000
2002-02-12,13.5000,13.5000,13.5000,13.5000,3.9916,0,0.0000,1.0000
2002-02-11,13.5000,13.5000,13.5000,13.5000,3.9916,0,0.0000,1.0000
2002-02-08,15.0000,15.0000,13.5000,13.5000,3.9916,4200,0.0000,1.0000
2002-02-07,15.0000,15.0000,15.0000,15.0000,4.4351,300,0.0000,1.0000
2002-02-06,15.0000,15.0000,15.0000,15.0000,4.4351,500,0.0000,1.0000
2002-02-05,15.7000,15.7000,15.7000,15.7000,4.6421,0,0.0000,1.0000
2002-02-04,15.7000,15.7000,15.7000,15.7000,4.6421,100,0.0000,1.0000
2002-02-01,15.2500,15.2500,14.9000,14.9000,4.4055,1500,0.0000,1.0000
2002-01-31,15.2500,15.2500,15.2500,15.2500,4.5090,0,0.0000,1.0000
2002-01-30,15.2500,15.2500,15.2500,15.2500,4.5090,100,0.0000,1.0000
2002-01-29,15.7000,15.7000,15.7000,15.7000,4.6421,600,0.0000,1.0000
2002-01-28,15.2500,15.2500,15.2500,15.2500,4.5090,0,0.0000,1.0000
2002-01-25,15.2500,15.2500,15.2500,15.2500,4.5090,100,0.0000,1.0000
2002-01-24,15.5000,15.5000,15.5000,15.5000,4.5829,0,0.0000,1.0000
2002-01-23,15.5000,15.5000,15.5000,15.5000,4.5829,0,0.0000,1.0000
2002-01-22,15.5000,15.5000,15.5000,15.5000,4.5829,0,0.0000,1.0000
2002-01-18,15.5000,15.5000,15.5000,15.5000,4.5829,0,0.0000,1.0000
2002-01-17,15.5000,15.5000,15.5000,15.5000,4.5829,0,0.1200,1.0000
2002-01-16,15.5000,15.5000,15.5000,15.5000,4.5477,0,0.0000,1.0000
2002-01-15,15.5000,15.5000,15.5000,15.5000,4.5477,100,0.0000,1.0000
2002-01-14,15.0500,15.0500,15.0500,15.0500,4.4157,0,0.0000,1.0000
2002-01-11,15.8000,15.8500,15.0500,15.0500,4.4157,8700,0.0000,1.0000
2002-01-10,15.5000,15.8000,15.0000,15.0000,4.4010,6300,0.0000,1.0000
2002-01-09,15.5000,15.5000,14.7500,14.7500,4.3277,500,0.0000,1.0000
2002-01-08,14.5000,15.0000,14.5000,15.0000,4.4010,1900,0.0000,1.0000
2002-01-07,14.1500,14.1500,14.1500,14.1500,4.1516,0,0.0000,1.0000
2002-01-04,14.1500,14.1500,14.1500,14.1500,4.1516,0,0.0000,1.0000
2002-01-03,14.1500,14.1500,14.1500,14.1500,4.1516,400,0.0000,1.0000
2002-01-02,14.1500,14.1500,14.1500,14.1500,4.1516,300,0.0000,1.0000
2001-12-31,13.6000,13.6000,13.6000,13.6000,3.9903,0,0.0000,1.0000
2001-12-28,13.6000,13.6000,13.6000,13.6000,3.9903,0,0.0000,1.0000
2001-12-27,13.6000,13.6000,13.6000,13.6000,3.9903,0,0.0000,1.0000
2001-12-26,13.6000,13.6000,13.6000,13.6000,3.9903,0,0.0000,1.0000
2001-12-24,13.6000,13.6000,13.6000,13.6000,3.9903,700,0.0000,1.0000
2001-12-21,14.4000,14.4000,14.4000,14.4000,4.2250,0,0.0000,1.0000
2001-12-20,14.4000,14.4000,14.4000,14.4000,4.2250,0,0.0000,1.0000
2001-12-19,14.4000,14.4000,14.4000,14.4000,4.2250,0,0.0000,1.0000
2001-12-18,13.5000,14.4000,13.5000,14.4000,4.2250,4200,0.0000,1.0000
2001-12-17,13.6000,13.6000,13.6000,13.6000,3.9903,0,0.0000,1.0000
2001-12-14,13.6000,13.6000,13.6000,13.6000,3.9903,300,0.0000,1.0000
2001-12-13,14.0000,14.0000,13.7000,13.7000,4.0196,300,0.0000,1.0000
2001-12-12,14.2000,14.2000,14.2000,14.2000,4.1663,0,0.0000,1.0000
2001-12-11,14.2000,14.2000,14.2000,14.2000,4.1663,0,0.0000,1.0000
2001-12-10,14.2000,14.2000,14.2000,14.2000,4.1663,0,0.0000,1.0000
2001-12-07,14.2000,14.2000,14.2000,14.2000,4.1663,0,0.0000,1.0000
2001-12-06,14.2000,14.2000,14.2000,14.2000,4.1663,0,0.0000,1.0000
2001-12-05,14.7500,14.7500,14.2000,14.2000,4.1663,400,0.0000,1.0000
2001-12-04,14.4500,14.4500,14.4500,14.4500,4.2397,0,0.0000,1.0000
2001-12-03,14.4500,14.4500,14.4500,14.4500,4.2397,0,0.0000,1.0000
2001-11-30,14.8800,14.8800,14.4500,14.4500,4.2397,300,0.0000,1.0000
2001-11-29,15.0600,15.0600,14.9000,14.9000,4.3717,2300,0.0000,1.0000
2001-11-28,15.2100,15.2100,15.0100,15.0100,4.4040,2300,0.0000,1.0000
2001-11-27,15.7400,15.7400,15.7400,15.7400,4.6182,0,0.0000,1.0000
2001-11-26,15.6300,15.7400,15.5100,15.7400,4.6182,3200,0.0000,1.0000
2001-11-23,15.0200,15.0200,15.0200,15.0200,4.4069,100,0.0000,1.0000
2001-11-21,15.7500,15.7500,15.6700,15.7500,4.6211,300,0.0000,1.0000
2001-11-20,14.7300,15.5500,14.7300,15.2500,4.4744,9500,0.0000,1.0000
2001-11-19,14.6500,14.7200,14.6500,14.7200,4.3189,1000,0.0000,1.0000
2001-11-16,13.9500,14.5400,13.6000,14.5400,4.2661,2200,0.0000,1.0000
2001-11-15,13.6500,13.6500,13.6500,13.6500,4.0049,100,0.0000,1.0000
2001-11-14,14.5000,14.5000,13.7000,13.7000,4.0196,1300,0.0000,1.0000
2001-11-13,13.8000,14.1100,13.8000,14.1100,4.1399,1800,0.0000,1.0000
2001-11-12,13.6500,13.6500,13.6500,13.6500,4.0049,0,0.0000,1.0000
2001-11-09,13.6500,13.6500,13.6500,13.6500,4.0049,0,0.0000,1.0000
2001-11-08,13.6500,13.6500,13.6500,13.6500,4.0049,600,0.0000,1.0000
2001-11-07,14.1000,14.1000,14.1000,14.1000,4.1370,200,0.0000,1.0000
2001-11-06,14.0500,14.0500,14.0500,14.0500,4.1223,300,0.0000,1.0000
2001-11-05,14.1000,14.1000,14.1000,14.1000,4.1370,0,0.0000,1.0000
2001-11-02,14.1000,14.1000,14.1000,14.1000,4.1370,0,0.0000,1.0000
2001-11-01,14.1000,14.1000,14.1000,14.1000,4.1370,0,0.0000,1.0000
2001-10-31,14.1000,14.1000,14.1000,14.1000,4.1370,100,0.0000,1.0000
2001-10-30,13.6000,13.6000,13.6000,13.6000,3.9903,0,0.0000,1.0000
2001-10-29,13.6000,13.6000,13.6000,13.6000,3.9903,200,0.0000,1.0000
2001-10-26,13.5500,13.5500,13.5500,13.5500,3.9756,0,0.0000,1.0000
2001-10-25,14.0000,14.0000,13.5500,13.5500,3.9756,1300,0.0000,1.0000
2001-10-24,14.3000,14.3000,14.3000,14.3000,4.1957,500,0.0000,1.0000
2001-10-23,14.0000,14.0000,14.0000,14.0000,4.1076,0,0.0000,1.0000
2001-10-22,14.0200,14.0200,14.0000,14.0000,4.1076,200,0.0000,1.0000
2001-10-19,14.1500,14.1500,14.1500,14.1500,4.1516,0,0.1200,1.0000
2001-10-18,14.1500,14.1500,14.1500,14.1500,4.1167,0,0.0000,1.0000
2001-10-17,14.1500,14.1500,14.1500,14.1500,4.1167,500,0.0000,1.0000
2001-10-16,13.6500,13.6500,13.6500,13.6500,3.9713,200,0.0000,1.0000
2001-10-15,14.1500,14.1500,14.1500,14.1500,4.1167,500,0.0000,1.0000
2001-10-12,14.2500,14.2500,13.5500,13.5500,3.9422,7500,0.0000,1.0000
2001-10-11,14.3500,14.3500,14.3500,14.3500,4.1749,0,0.0000,1.0000
2001-10-10,14.3500,14.3500,14.3500,14.3500,4.1749,0,0.0000,1.0000
2001-10-09,14.3500,14.3500,14.3500,14.3500,4.1749,0,0.0000,1.0000
2001-10-08,14.3500,14.3500,14.3500,14.3500,4.1749,500,0.0000,1.0000
2001-10-05,14.3500,14.3500,14.3500,14.3500,4.1749,500,0.0000,1.0000
2001-10-04,14.3000,14.3000,14.0000,14.0000,4.0731,8800,0.0000,1.0000
2001-10-03,14.3500,14.3500,14.2500,14.2500,4.1458,200,0.0000,1.0000
2001-10-02,14.0000,14.0000,14.0000,14.0000,4.0731,0,0.0000,1.0000
2001-10-01,14.0000,14.0000,14.0000,14.0000,4.0731,0,0.0000,1.0000
2001-09-28,14.4900,14.6100,14.0000,14.0000,4.0731,2800,0.0000,1.0000
2001-09-27,14.2500,14.2600,14.1000,14.1000,4.1022,6500,0.0000,1.0000
2001-09-26,14.2500,14.2500,14.2500,14.2500,4.1458,1800,0.0000,1.0000
2001-09-25,13.7500,13.7500,13.7500,13.7500,4.0004,0,0.0000,1.0000
2001-09-24,13.5500,13.8700,13.3000,13.7500,4.0004,1300,0.0000,1.0000
2001-09-21,14.2200,14.2200,13.5700,14.2200,4.1371,700,0.0000,1.0000
2001-09-20,14.0200,14.0200,14.0200,14.0200,4.0789,200,0.0000,1.0000
2001-09-19,14.0200,14.0200,14.0100,14.0200,4.0789,2200,0.0000,1.0000
2001-09-18,13.7500,14.2500,13.6300,14.2500,4.1458,1600,0.0000,1.0000
2001-09-17,15.9700,15.9700,13.5100,14.0000,4.0731,9347,0.0000,1.0000
2001-09-10,15.4000,15.4000,15.4000,15.4000,4.4804,0,0.0000,1.0000
2001-09-07,15.4000,15.4000,15.4000,15.4000,4.4804,200,0.0000,1.0000
2001-09-06,15.4000,15.4000,15.4000,15.4000,4.4804,0,0.0000,1.0000
2001-09-05,15.4000,15.4000,15.4000,15.4000,4.4804,0,0.0000,1.0000
2001-09-04,15.4000,15.4000,15.4000,15.4000,4.4804,0,0.0000,1.0000
2001-08-31,15.4000,15.4000,15.4000,15.4000,4.4804,0,0.0000,1.0000
2001-08-30,15.4000,15.4000,15.4000,15.4000,4.4804,500,0.0000,1.0000
2001-08-29,15.4000,15.4000,15.4000,15.4000,4.4804,300,0.0000,1.0000
2001-08-28,16.0000,16.0000,15.4000,15.4000,4.4804,200,0.0000,1.0000
2001-08-27,16.0000,16.0000,16.0000,16.0000,4.6550,0,0.0000,1.0000
2001-08-24,16.0000,16.0000,16.0000,16.0000,4.6550,600,0.0000,1.0000
2001-08-23,16.0000,16.1100,15.5000,15.9900,4.6521,3600,0.0000,1.0000
2001-08-22,15.4000,15.4000,15.4000,15.4000,4.4804,1000,0.0000,1.0000
2001-08-21,15.5500,15.5500,15.4000,15.4000,4.4804,300,0.0000,1.0000
2001-08-20,15.8000,15.8000,15.8000,15.8000,4.5968,0,0.0000,1.0000
2001-08-17,15.8000,15.8000,15.8000,15.8000,4.5968,0,0.0000,1.0000
2001-08-16,15.9000,16.1500,15.7500,15.8000,4.5968,4800,0.0000,1.0000
2001-08-15,15.6000,16.9500,15.6000,16.0100,4.6579,12500,0.0000,1.0000
2001-08-14,15.4500,15.5000,15.1000,15.5000,4.5095,9200,0.0000,1.0000
2001-08-13,14.9000,15.4000,14.9000,15.4000,4.4804,600,0.0000,1.0000
2001-08-10,14.9000,14.9000,14.9000,14.9000,4.3349,0,0.0000,1.0000
2001-08-09,14.9000,14.9000,14.9000,14.9000,4.3349,0,0.0000,1.0000
2001-08-08,14.9000,14.9000,14.9000,14.9000,4.3349,0,0.0000,1.0000
2001-08-07,14.9000,14.9000,14.9000,14.9000,4.3349,0,0.0000,1.0000
2001-08-06,15.0000,15.0000,14.9000,14.9000,4.3349,1800,0.0000,1.0000
2001-08-03,15.3000,15.3000,15.3000,15.3000,4.4513,1600,0.0000,1.0000
2001-08-02,15.3000,15.3000,15.3000,15.3000,4.4513,0,0.0000,1.0000
2001-08-01,15.3000,15.3000,15.3000,15.3000,4.4513,1000,0.0000,1.0000
2001-07-31,15.6000,15.6000,15.6000,15.6000,4.5386,0,0.0000,1.0000
2001-07-30,15.6000,15.6000,15.6000,15.6000,4.5386,0,0.0000,1.0000
2001-07-27,15.6000,15.6000,15.6000,15.6000,4.5386,1000,0.0000,1.0000
2001-07-26,15.2500,15.7500,15.2500,15.7500,4.5822,2000,0.0000,1.0000
2001-07-25,15.0000,15.0000,15.0000,15.0000,4.3640,0,0.0000,1.0000
2001-07-24,15.7000,15.7000,15.0000,15.0000,4.3640,1100,0.0000,1.0000
2001-07-23,15.1500,15.7500,15.0000,15.0000,4.3640,17800,0.0000,1.0000
2001-07-20,14.9000,14.9000,14.9000,14.9000,4.3349,0,0.1200,1.0000
2001-07-19,14.9000,14.9000,14.9000,14.9000,4.3003,200,0.0000,1.0000
2001-07-18,15.1900,15.2000,14.9000,14.9000,4.3003,600,0.0000,1.0000
2001-07-17,15.0500,15.0500,15.0500,15.0500,4.3436,0,0.0000,1.0000
2001-07-16,15.0500,15.0500,15.0500,15.0500,4.3436,0,0.0000,1.0000
2001-07-13,15.0500,15.0500,15.0500,15.0500,4.3436,200,0.0000,1.0000
2001-07-12,15.0500,15.0500,15.0500,15.0500,4.3436,100,0.0000,1.0000
2001-07-11,15.1900,15.1900,15.1900,15.1900,4.3840,400,0.0000,1.0000
2001-07-10,15.2000,15.2000,15.2000,15.2000,4.3869,100,0.0000,1.0000
2001-07-09,14.9000,14.9000,14.9000,14.9000,4.3003,100,0.0000,1.0000
2001-07-06,15.0000,15.0000,15.0000,15.0000,4.3292,0,0.0000,1.0000
2001-07-05,15.0000,15.1900,15.0000,15.0000,4.3292,900,0.0000,1.0000
2001-07-03,15.0000,15.2000,14.9000,14.9000,4.3003,1400,0.0000,1.0000
2001-07-02,15.2000,15.2000,15.2000,15.2000,4.3869,100,0.0000,1.0000
2001-06-29,15.2400,15.2400,15.2400,15.2400,4.3984,0,0.0000,1.0000
2001-06-28,15.0000,15.2400,14.9000,15.2400,4.3984,1800,0.0000,1.0000
2001-06-27,15.5000,15.5000,15.5000,15.5000,4.4735,0,0.0000,1.0000
2001-06-26,15.5000,15.5000,15.5000,15.5000,4.4735,0,0.0000,1.0000
2001-06-25,15.5000,15.5000,15.5000,15.5000,4.4735,0,0.0000,1.0000
2001-06-22,15.5000,15.5000,15.5000,15.5000,4.4735,0,0.0000,1.0000
2001-06-21,15.3500,15.5000,15.3500,15.5000,4.4735,2600,0.0000,1.0000
2001-06-20,15.2500,15.2500,15.2500,15.2500,4.4013,100,0.0000,1.0000
2001-06-19,15.0000,15.3500,15.0000,15.3500,4.4302,600,0.0000,1.0000
2001-06-18,14.8800,14.8800,14.8800,14.8800,4.2945,0,0.0000,1.0000
2001-06-15,14.8800,14.8800,14.8800,14.8800,4.2945,100,0.0000,1.0000
2001-06-14,15.0500,15.0500,14.8000,14.8000,4.2714,2400,0.0000,1.0000
2001-06-13,15.0500,15.0500,15.0500,15.0500,4.3436,0,0.0000,1.0000
2001-06-12,14.7500,15.0500,14.5000,15.0500,4.3436,600,0.0000,1.0000
2001-06-11,15.2500,15.2500,15.2500,15.2500,4.4013,0,0.0000,1.0000
2001-06-08,15.2500,15.2500,15.2500,15.2500,4.4013,0,0.0000,1.0000
2001-06-07,14.9000,15.2500,14.5000,15.2500,4.4013,3600,0.0000,1.0000
2001-06-06,14.6000,14.6000,14.6000,14.6000,4.2137,300,0.0000,1.0000
2001-06-05,14.6000,14.6000,14.6000,14.6000,4.2137,0,0.0000,1.0000
2001-06-04,14.6000,14.6000,14.6000,14.6000,4.2137,0,0.0000,1.0000
2001-06-01,14.6000,14.6000,14.6000,14.6000,4.2137,300,0.0000,1.0000
2001-05-31,15.2500,15.2500,15.2500,15.2500,4.4013,0,0.0000,1.0000
2001-05-30,15.2500,15.2500,15.2500,15.2500,4.4013,0,0.0000,1.0000
2001-05-29,15.2500,15.2500,15.2500,15.2500,4.4013,0,0.0000,1.0000
2001-05-25,15.2500,15.2500,15.2500,15.2500,4.4013,0,0.0000,1.0000
2001-05-24,15.2500,15.2500,15.2500,15.2500,4.4013,0,0.0000,1.0000
2001-05-23,15.2500,15.2500,15.2500,15.2500,4.4013,0,0.0000,1.0000
2001-05-22,15.2500,15.2500,15.2500,15.2500,4.4013,2400,0.0000,1.0000
2001-05-21,14.5000,14.5000,14.5000,14.5000,4.1849,0,0.0000,1.0000
2001-05-18,14.5000,14.5000,14.5000,14.5000,4.1849,0,0.0000,1.0000
2001-05-17,14.5000,14.5000,14.5000,14.5000,4.1849,0,0.0000,1.0000
2001-05-16,15.2500,15.4500,14.5000,14.5000,4.1849,2300,0.0000,1.0000
2001-05-15,15.2500,15.2500,14.5000,14.8000,4.2714,1100,0.0000,1.0000
2001-05-14,15.0500,15.0500,15.0500,15.0500,4.3436,100,0.0000,1.0000
2001-05-11,14.7500,15.2500,14.7500,15.2500,4.4013,2600,0.0000,1.0000
2001-05-10,14.5000,14.5000,14.5000,14.5000,4.1849,300,0.0000,1.0000
2001-05-09,14.0000,14.0000,14.0000,14.0000,4.0406,0,0.0000,1.0000
2001-05-08,14.0000,14.0000,14.0000,14.0000,4.0406,0,0.0000,1.0000
2001-05-07,14.0000,14.0000,14.0000,14.0000,4.0406,0,0.0000,1.0000
2001-05-04,14.7500,14.7500,14.0000,14.0000,4.0406,580,0.0000,1.0000
2001-05-03,15.0000,15.0000,15.0000,15.0000,4.3292,10400,0.0000,1.0000
2001-05-02,15.0000,15.0000,15.0000,15.0000,4.3292,100,0.0000,1.0000
2001-05-01,15.0600,15.0600,15.0600,15.0600,4.3465,0,0.0000,1.0000
2001-04-30,15.0600,15.0600,15.0600,15.0600,4.3465,0,0.0000,1.0000
2001-04-27,15.0600,15.0600,15.0600,15.0600,4.3465,100,0.0000,1.0000
2001-04-26,15.0000,15.0000,15.0000,15.0000,4.3292,0,0.0000,1.0000
2001-04-25,15.0000,15.0000,15.0000,15.0000,4.3292,800,0.0000,1.0000
2001-04-24,15.4400,15.4400,15.4400,15.4400,4.4562,0,0.0000,1.0000
2001-04-23,15.4400,15.4400,15.4400,15.4400,4.4562,100,0.0000,1.0000
2001-04-20,15.0000,15.0000,15.0000,15.0000,4.3292,0,0.1200,1.0500
2001-04-19,15.0000,15.0000,15.0000,15.0000,4.0903,0,0.0000,1.0000
2001-04-18,16.0000,16.0000,15.0000,15.0000,4.0903,193,0.0000,1.0000
2001-04-17,16.0000,16.0000,16.0000,16.0000,4.3630,0,0.0000,1.0000
2001-04-16,16.0000,16.0000,16.0000,16.0000,4.3630,702,0.0000,1.0000
2001-04-12,16.0000,16.0000,16.0000,16.0000,4.3630,0,0.0000,1.0000
2001-04-11,16.0500,16.0500,16.0000,16.0000,4.3630,1400,0.0000,1.0000
2001-04-10,16.0600,16.0600,16.0600,16.0600,4.3793,0,0.0000,1.0000
2001-04-09,16.0600,16.0600,16.0600,16.0600,4.3793,0,0.0000,1.0000
2001-04-06,16.0600,16.0600,16.0600,16.0600,4.3793,0,0.0000,1.0000
2001-04-05,16.1300,16.1300,16.0600,16.0600,4.3793,200,0.0000,1.0000
2001-04-04,16.1300,16.1300,16.1300,16.1300,4.3984,0,0.0000,1.0000
2001-04-03,16.1300,16.1300,16.1300,16.1300,4.3984,0,0.0000,1.0000
2001-04-02,16.1300,16.1300,16.1300,16.1300,4.3984,0,0.0000,1.0000
2001-03-30,16.1300,16.1300,16.1300,16.1300,4.3984,0,0.0000,1.0000
2001-03-29,16.1300,16.1300,16.1300,16.1300,4.3984,0,0.0000,1.0000
2001-03-28,16.1300,16.1300,16.1300,16.1300,4.3984,500,0.0000,1.0000
2001-03-27,16.6300,16.6300,16.6300,16.6300,4.5348,0,0.0000,1.0000
2001-03-26,16.6300,16.6300,16.6300,16.6300,4.5348,0,0.0000,1.0000
2001-03-23,16.6300,16.6300,16.6300,16.6300,4.5348,0,0.0000,1.0000
2001-03-22,16.6300,16.6300,16.6300,16.6300,4.5348,200,0.0000,1.0000
2001-03-21,16.6300,16.6300,16.6300,16.6300,4.5348,300,0.0000,1.0000
2001-03-20,16.7500,16.7500,16.7500,16.7500,4.5675,100,0.0000,1.0000
2001-03-19,17.1300,17.5000,17.1300,17.5000,4.7720,2000,0.0000,1.0000
2001-03-16,16.5000,16.5000,16.5000,16.5000,4.4993,0,0.0000,1.0000
2001-03-15,16.5000,16.5000,16.5000,16.5000,4.4993,100,0.0000,1.0000
2001-03-14,17.8800,17.8800,17.0000,17.0000,4.6357,200,0.0000,1.0000
2001-03-13,17.6300,17.6300,17.5000,17.5000,4.7720,800,0.0000,1.0000
2001-03-12,17.0000,17.0000,17.0000,17.0000,4.6357,100,0.0000,1.0000
2001-03-09,18.0000,18.0000,18.0000,18.0000,4.9083,0,0.0000,1.0000
2001-03-08,18.0000,18.0000,18.0000,18.0000,4.9083,0,0.0000,1.0000
2001-03-07,18.1300,18.1300,18.0000,18.0000,4.9083,1100,0.0000,1.0000
2001-03-06,18.0000,18.0000,18.0000,18.0000,4.9083,100,0.0000,1.0000
2001-03-05,17.0000,17.0000,17.0000,17.0000,4.6357,600,0.0000,1.0000
2001-03-02,18.0000,18.0000,17.0000,17.0000,4.6357,900,0.0000,1.0000
2001-03-01,19.0000,19.0000,18.0000,18.0000,4.9083,2800,0.0000,1.0000
2001-02-28,17.5000,19.0000,17.5000,19.0000,5.1810,1100,0.0000,1.0000
2001-02-27,16.5000,16.5000,16.5000,16.5000,4.4993,1000,0.0000,1.0000
2001-02-26,16.7500,16.7500,16.7500,16.7500,4.5675,400,0.0000,1.0000
2001-02-23,16.7500,16.7500,16.7500,16.7500,4.5675,300,0.0000,1.0000
2001-02-22,16.5000,16.5000,16.5000,16.5000,4.4993,0,0.0000,1.0000
2001-02-21,16.5000,16.5000,16.5000,16.5000,4.4993,500,0.0000,1.0000
2001-02-20,16.7500,16.7500,16.7500,16.7500,4.5675,0,0.0000,1.0000
2001-02-16,16.7500,16.7500,16.7500,16.7500,4.5675,0,0.0000,1.0000
2001-02-15,16.7500,16.7500,16.7500,16.7500,4.5675,0,0.0000,1.0000
2001-02-14,16.7500,16.7500,16.7500,16.7500,4.5675,0,0.0000,1.0000
2001-02-13,16.7500,16.7500,16.7500,16.7500,4.5675,400,0.0000,1.0000
2001-02-12,16.5200,16.5200,16.5200,16.5200,4.5048,0,0.0000,1.0000
2001-02-09,16.5200,16.5200,16.5200,16.5200,4.5048,0,0.0000,1.0000
2001-02-08,16.5200,16.5200,16.5200,16.5200,4.5048,0,0.0000,1.0000
2001-02-07,16.5200,16.5200,16.5200,16.5200,4.5048,0,0.0000,1.0000
2001-02-06,16.5200,16.5200,16.5200,16.5200,4.5048,0,0.0000,1.0000
2001-02-05,16.5200,16.5200,16.5200,16.5200,4.5048,0,0.0000,1.0000
2001-02-02,16.5200,16.5200,16.5200,16.5200,4.5048,0,0.0000,1.0000
2001-02-01,16.5200,16.5200,16.5200,16.5200,4.5048,0,0.0000,1.0000
2001-01-31,16.5200,16.5200,16.5200,16.5200,4.5048,500,0.0000,1.0000
2001-01-30,16.5000,16.5000,16.5000,16.5000,4.4993,0,0.0000,1.0000
2001-01-29,16.5000,16.5000,16.5000,16.5000,4.4993,0,0.0000,1.0000
2001-01-26,16.5000,16.5000,16.5000,16.5000,4.4993,0,0.0000,1.0000
2001-01-25,16.5000,16.5000,16.5000,16.5000,4.4993,0,0.0000,1.0000
2001-01-24,16.5000,16.5000,16.5000,16.5000,4.4993,1000,0.0000,1.0000
2001-01-23,16.8800,16.8800,16.8800,16.8800,4.6029,400,0.0000,1.0000
2001-01-22,16.5000,16.5000,16.5000,16.5000,4.4993,400,0.0000,1.0000
2001-01-19,16.5000,16.5000,15.5000,15.5000,4.2266,967,0.1200,1.0000
2001-01-18,17.0000,17.0000,17.0000,17.0000,4.6000,0,0.0000,1.0000
2001-01-17,17.0000,17.0000,17.0000,17.0000,4.6000,0,0.0000,1.0000
2001-01-16,17.0000,17.0000,17.0000,17.0000,4.6000,100,0.0000,1.0000
2001-01-12,16.5000,16.5000,16.2500,16.2500,4.3971,2400,0.0000,1.0000
2001-01-11,16.1300,16.1300,16.1300,16.1300,4.3646,0,0.0000,1.0000
2001-01-10,16.1300,16.1300,16.1300,16.1300,4.3646,0,0.0000,1.0000
2001-01-09,16.1300,16.1300,16.1300,16.1300,4.3646,0,0.0000,1.0000
2001-01-08,16.1300,16.1300,16.1300,16.1300,4.3646,0,0.0000,1.0000
2001-01-05,16.1300,16.1300,16.1300,16.1300,4.3646,0,0.0000,1.0000
2001-01-04,15.5000,16.1300,15.5000,16.1300,4.3646,300,0.0000,1.0000
2001-01-03,15.0000,15.5000,15.0000,15.0000,4.0589,600,0.0000,1.0000
2001-01-02,16.0000,16.0000,16.0000,16.0000,4.3295,100,0.0000,1.0000
2000-12-29,15.5000,15.8800,15.5000,15.8800,4.2970,258,0.0000,1.0000
2000-12-28,13.0000,15.0000,13.0000,15.0000,4.0589,838,0.0000,1.0000
2000-12-27,12.6300,12.6300,12.6300,12.6300,3.4176,0,0.0000,1.0000
2000-12-26,12.6300,12.6300,12.6300,12.6300,3.4176,0,0.0000,1.0000
2000-12-22,12.6300,12.6300,12.6300,12.6300,3.4176,0,0.0000,1.0000
2000-12-21,12.6300,12.6300,12.6300,12.6300,3.4176,0,0.0000,1.0000
2000-12-20,13.5000,13.5000,12.6300,12.6300,3.4176,193,0.0000,1.0000
2000-12-19,12.6300,12.6300,12.6300,12.6300,3.4176,0,0.0000,1.0000
2000-12-18,12.6300,12.6300,12.6300,12.6300,3.4176,0,0.0000,1.0000
2000-12-15,12.6300,12.6300,12.6300,12.6300,3.4176,0,0.0000,1.0000
2000-12-14,13.5000,13.5000,12.6300,12.6300,3.4176,838,0.0000,1.0000
2000-12-13,12.7500,13.5000,12.7500,13.5000,3.6530,2256,0.0000,1.0000
2000-12-12,12.7500,12.7500,12.7500,12.7500,3.4500,0,0.0000,1.0000
2000-12-11,12.5000,12.7500,12.5000,12.7500,3.4500,193,0.0000,1.0000
2000-12-08,12.2500,12.2500,12.2500,12.2500,3.3147,129,0.0000,1.0000
2000-12-07,12.0000,12.0000,11.8800,11.8800,3.2146,1160,0.0000,1.0000
2000-12-06,11.8800,11.8800,11.8800,11.8800,3.2146,0,0.0000,1.0000
2000-12-05,11.8800,11.8800,11.8800,11.8800,3.2146,0,0.0000,1.0000
2000-12-04,11.8800,11.8800,11.8800,11.8800,3.2146,0,0.0000,1.0000
2000-12-01,11.8800,11.8800,11.8800,11.8800,3.2146,0,0.0000,1.0000
2000-11-30,11.8800,11.8800,11.8800,11.8800,3.2146,0,0.0000,1.0000
2000-11-29,11.5000,11.8800,11.5000,11.8800,3.2146,2385,0.0000,1.0000
2000-11-28,11.8800,11.8800,11.8800,11.8800,3.2146,0,0.0000,1.0000
2000-11-27,11.8800,11.8800,11.8800,11.8800,3.2146,0,0.0000,1.0000
2000-11-24,11.8800,11.8800,11.8800,11.8800,3.2146,0,0.0000,1.0000
2000-11-22,11.8800,11.8800,11.8800,11.8800,3.2146,0,0.0000,1.0000
2000-11-21,11.8800,11.8800,11.8800,11.8800,3.2146,0,0.0000,1.0000
2000-11-20,11.8800,11.8800,11.8800,11.8800,3.2146,64,0.0000,1.0000
2000-11-17,11.3800,11.3800,11.3800,11.3800,3.0793,0,0.0000,1.0000
2000-11-16,11.3800,11.3800,11.3800,11.3800,3.0793,129,0.0000,1.0000
2000-11-15,11.7500,11.8800,11.6300,11.8800,3.2146,451,0.0000,1.0000
2000-11-14,11.3800,11.3800,11.3800,11.3800,3.0793,64,0.0000,1.0000
2000-11-13,11.0000,11.0000,11.0000,11.0000,2.9765,0,0.0000,1.0000
2000-11-10,11.1900,11.1900,11.0000,11.0000,2.9765,6317,0.0000,1.0000
2000-11-09,11.3800,11.3800,11.3800,11.3800,3.0793,0,0.0000,1.0000
2000-11-08,11.3800,11.3800,11.3800,11.3800,3.0793,0,0.0000,1.0000
2000-11-07,11.3800,11.3800,11.3800,11.3800,3.0793,0,0.0000,1.0000
2000-11-06,11.3800,11.3800,11.3800,11.3800,3.0793,0,0.0000,1.0000
2000-11-03,11.3800,11.3800,11.3800,11.3800,3.0793,64,0.0000,1.0000
2000-11-02,11.3800,11.3800,11.3800,11.3800,3.0793,64,0.0000,1.0000
2000-11-01,11.2500,11.2500,11.2500,11.2500,3.0441,0,0.0000,1.0000
2000-10-31,11.2500,11.2500,11.2500,11.2500,3.0441,193,0.0000,1.0000
2000-10-30,11.0000,11.0000,11.0000,11.0000,2.9765,0,0.0000,1.0000
2000-10-27,11.0000,11.0000,11.0000,11.0000,2.9765,0,0.0000,1.0000
2000-10-26,11.0000,11.0000,11.0000,11.0000,2.9765,0,0.0000,1.0000
2000-10-25,11.0000,11.0000,11.0000,11.0000,2.9765,64,0.0000,1.0000
2000-10-24,11.1300,11.1300,11.0000,11.0000,2.9765,387,0.0000,1.0000
2000-10-23,11.2500,11.2500,11.2500,11.2500,3.0441,64,0.0000,1.0000
2000-10-20,11.3100,11.3100,11.3100,11.3100,3.0604,64,0.1200,1.0000
2000-10-19,11.3800,11.3800,11.0600,11.0600,2.9613,516,0.0000,1.0000
2000-10-18,11.3800,11.3800,11.3800,11.3800,3.0470,0,0.0000,1.0000
2000-10-17,11.3800,11.3800,11.3800,11.3800,3.0470,0,0.0000,1.0000
2000-10-16,11.3800,11.3800,11.3800,11.3800,3.0470,0,0.0000,1.0000
2000-10-13,11.3800,11.3800,11.3800,11.3800,3.0470,0,0.0000,1.0000
2000-10-12,11.3800,11.3800,11.3800,11.3800,3.0470,0,0.0000,1.0000
2000-10-11,11.3800,11.3800,11.3800,11.3800,3.0470,0,0.0000,1.0000
2000-10-10,11.3800,11.3800,11.3800,11.3800,3.0470,258,0.0000,1.0000
2000-10-09,11.0000,11.0000,11.0000,11.0000,2.9453,0,0.0000,1.0000
2000-10-06,11.0000,11.0000,11.0000,11.0000,2.9453,451,0.0000,1.0000
2000-10-05,11.3800,11.3800,11.3800,11.3800,3.0470,322,0.0000,1.0000
2000-10-04,11.0000,11.2500,11.0000,11.2500,3.0122,11603,0.0000,1.0000
2000-10-03,11.2500,11.2500,11.2500,11.2500,3.0122,0,0.0000,1.0000
2000-10-02,11.2500,11.2500,11.2500,11.2500,3.0122,0,0.0000,1.0000
2000-09-29,11.2500,11.2500,11.2500,11.2500,3.0122,0,0.0000,1.0000
2000-09-28,11.0000,11.2500,10.8800,11.2500,3.0122,3223,0.0000,1.0000
2000-09-27,11.0000,11.0000,11.0000,11.0000,2.9453,2385,0.0000,1.0000
2000-09-26,11.1300,11.1300,11.1300,11.1300,2.9801,0,0.0000,1.0000
2000-09-25,11.1300,11.1300,11.1300,11.1300,2.9801,580,0.0000,1.0000
2000-09-22,11.5000,11.5000,11.5000,11.5000,3.0791,64,0.0000,1.0000
2000-09-21,11.1300,11.1300,11.1300,11.1300,2.9801,0,0.0000,1.0000
2000-09-20,11.5000,11.5000,11.0000,11.1300,2.9801,11990,0.0000,1.0000
2000-09-19,11.6300,11.6300,11.6300,11.6300,3.1139,64,0.0000,1.0000
2000-09-18,11.6300,11.6300,11.6300,11.6300,3.1139,0,0.0000,1.0000
2000-09-15,11.6300,11.6300,11.6300,11.6300,3.1139,0,0.0000,1.0000
2000-09-14,11.6300,11.6300,11.6300,11.6300,3.1139,0,0.0000,1.0000
2000-09-13,11.6300,11.6300,11.6300,11.6300,3.1139,322,0.0000,1.0000
2000-09-12,12.0600,12.0600,12.0600,12.0600,3.2291,0,0.0000,1.0000
2000-09-11,12.0600,12.0600,12.0600,12.0600,3.2291,0,0.0000,1.0000
2000-09-08,12.0600,12.0600,12.0600,12.0600,3.2291,0,0.0000,1.0000
2000-09-07,12.0600,12.0600,12.0600,12.0600,3.2291,64,0.0000,1.0000
2000-09-06,11.6300,11.6300,11.6300,11.6300,3.1139,0,0.0000,1.0000
2000-09-05,11.6300,11.6300,11.6300,11.6300,3.1139,0,0.0000,1.0000
2000-09-01,11.6300,11.6300,11.6300,11.6300,3.1139,0,0.0000,1.0000
2000-08-31,11.6300,11.6300,11.6300,11.6300,3.1139,0,0.0000,1.0000
2000-08-30,11.6300,11.6300,11.6300,11.6300,3.1139,0,0.0000,1.0000
2000-08-29,11.6300,11.6300,11.6300,11.6300,3.1139,0,0.0000,1.0000
2000-08-28,11.6300,11.6300,11.6300,11.6300,3.1139,0,0.0000,1.0000
2000-08-25,11.6300,11.6300,11.6300,11.6300,3.1139,0,0.0000,1.0000
2000-08-24,11.6300,11.6300,11.6300,11.6300,3.1139,0,0.0000,1.0000
2000-08-23,11.6300,11.6300,11.6300,11.6300,3.1139,0,0.0000,1.0000
2000-08-22,12.0000,12.1300,11.6300,11.6300,3.1139,13795,0.0000,1.0000
2000-08-21,12.0000,12.0000,12.0000,12.0000,3.2130,129,0.0000,1.0000
2000-08-18,12.0000,12.0000,12.0000,12.0000,3.2130,129,0.0000,1.0000
2000-08-17,11.8800,11.8800,11.6300,11.6300,3.1139,902,0.0000,1.0000
2000-08-16,12.0000,12.0000,12.0000,12.0000,3.2130,0,0.0000,1.0000
2000-08-15,12.0000,12.0000,12.0000,12.0000,3.2130,0,0.0000,1.0000
2000-08-14,12.0000,12.0000,12.0000,12.0000,3.2130,0,0.0000,1.0000
2000-08-11,12.0000,12.0000,12.0000,12.0000,3.2130,0,0.0000,1.0000
2000-08-10,12.0000,12.0000,12.0000,12.0000,3.2130,0,0.0000,1.0000
2000-08-09,12.0000,12.0000,12.0000,12.0000,3.2130,64,0.0000,1.0000
2000-08-08,11.2500,11.2500,11.2500,11.2500,3.0122,0,0.0000,1.0000
2000-08-07,11.2500,11.2500,11.2500,11.2500,3.0122,64,0.0000,1.0000
2000-08-04,11.5000,11.6300,11.3800,11.6300,3.1139,2578,0.0000,1.0000
2000-08-03,11.7500,11.7500,11.7500,11.7500,3.1461,0,0.0000,1.0000
2000-08-02,11.7500,11.7500,11.7500,11.7500,3.1461,0,0.0000,1.0000
2000-08-01,11.7500,11.7500,11.7500,11.7500,3.1461,0,0.0000,1.0000
2000-07-31,11.7500,11.7500,11.7500,11.7500,3.1461,0,0.0000,1.0000
2000-07-28,11.6300,11.7500,11.6300,11.7500,3.1461,1096,0.0000,1.0000
2000-07-27,11.6300,11.7500,11.0000,11.0000,2.9453,2127,0.0000,1.0000
2000-07-26,11.6300,11.6300,11.6300,11.6300,3.1139,0,0.0000,1.0000
2000-07-25,11.6300,11.6300,11.6300,11.6300,3.1139,0,0.0000,1.0000
2000-07-24,11.6300,11.6300,11.6300,11.6300,3.1139,0,0.0000,1.0000
2000-07-21,11.6300,11.6300,11.6300,11.6300,3.1139,64,0.1200,1.0000
2000-07-20,11.5000,11.5000,11.5000,11.5000,3.0477,0,0.0000,1.0000
2000-07-19,11.5000,11.5000,11.5000,11.5000,3.0477,129,0.0000,1.0000
2000-07-18,11.1300,11.1300,11.1300,11.1300,2.9496,0,0.0000,1.0000
2000-07-17,11.1300,11.1300,11.1300,11.1300,2.9496,0,0.0000,1.0000
2000-07-14,11.1300,11.1300,11.1300,11.1300,2.9496,0,0.0000,1.0000
2000-07-13,11.1300,11.1300,11.1300,11.1300,2.9496,0,0.0000,1.0000
2000-07-12,11.1300,11.1300,11.1300,11.1300,2.9496,0,0.0000,1.0000
2000-07-11,11.1300,11.1300,11.1300,11.1300,2.9496,0,0.0000,1.0000
2000-07-10,11.1300,11.1300,11.1300,11.1300,2.9496,0,0.0000,1.0000
2000-07-07,11.1300,11.1300,11.1300,11.1300,2.9496,64,0.0000,1.0000
2000-07-06,10.8800,11.0000,10.8800,11.0000,2.9152,645,0.0000,1.0000
2000-07-05,11.1300,11.1300,11.1300,11.1300,2.9496,0,0.0000,1.0000
2000-07-03,11.1300,11.1300,11.1300,11.1300,2.9496,0,0.0000,1.0000
2000-06-30,11.0000,11.1300,10.8800,11.1300,2.9496,1031,0.0000,1.0000
2000-06-29,11.1300,11.1300,11.1300,11.1300,2.9496,0,0.0000,1.0000
2000-06-28,11.1300,11.8800,11.1300,11.1300,2.9496,838,0.0000,1.0000
2000-06-27,11.1300,11.1300,11.1300,11.1300,2.9496,129,0.0000,1.0000
2000-06-26,11.1300,11.1300,11.1300,11.1300,2.9496,451,0.0000,1.0000
2000-06-23,12.2500,12.2500,12.2500,12.2500,3.2464,0,0.0000,1.0000
2000-06-22,12.2500,12.2500,12.2500,12.2500,3.2464,0,0.0000,1.0000
2000-06-21,12.2500,12.2500,12.2500,12.2500,3.2464,0,0.0000,1.0000
2000-06-20,12.2500,12.2500,12.0000,12.2500,3.2464,709,0.0000,1.0000
2000-06-19,12.7500,12.7500,12.7500,12.7500,3.3790,0,0.0000,1.0000
2000-06-16,12.7500,12.7500,12.7500,12.7500,3.3790,0,0.0000,1.0000
2000-06-15,12.7500,12.7500,12.7500,12.7500,3.3790,0,0.0000,1.0000
2000-06-14,12.7500,12.7500,12.7500,12.7500,3.3790,0,0.0000,1.0000
2000-06-13,12.7500,12.7500,12.7500,12.7500,3.3790,0,0.0000,1.0000
2000-06-12,12.7500,12.7500,12.7500,12.7500,3.3790,0,0.0000,1.0000
2000-06-09,12.7500,12.7500,12.7500,12.7500,3.3790,64,0.0000,1.0000
2000-06-08,12.3800,12.3800,12.3800,12.3800,3.2809,0,0.0000,1.0000
2000-06-07,12.3800,12.3800,12.3800,12.3800,3.2809,0,0.0000,1.0000
2000-06-06,12.3800,12.3800,12.3800,12.3800,3.2809,0,0.0000,1.0000
2000-06-05,12.3800,12.3800,12.3800,12.3800,3.2809,0,0.0000,1.0000
2000-06-02,12.3800,12.3800,12.3800,12.3800,3.2809,0,0.0000,1.0000
2000-06-01,12.3800,12.3800,12.3800,12.3800,3.2809,0,0.0000,1.0000
2000-05-31,12.3800,12.3800,12.3800,12.3800,3.2809,0,0.0000,1.0000
2000-05-30,12.3800,12.3800,12.3800,12.3800,3.2809,902,0.0000,1.0000
2000-05-26,12.5000,12.5000,12.5000,12.5000,3.3127,0,0.0000,1.0000
2000-05-25,12.5000,12.5000,12.5000,12.5000,3.3127,0,0.0000,1.0000
2000-05-24,12.5000,12.5000,12.5000,12.5000,3.3127,258,0.0000,1.0000
2000-05-23,12.7500,12.7500,12.3800,12.7500,3.3790,8960,0.0000,1.0000
2000-05-22,12.0000,12.0000,12.0000,12.0000,3.1802,0,0.0000,1.0000
2000-05-19,12.0000,12.0000,12.0000,12.0000,3.1802,0,0.0000,1.0000
2000-05-18,12.0000,12.0000,12.0000,12.0000,3.1802,0,0.0000,1.0000
2000-05-17,12.0000,12.0000,12.0000,12.0000,3.1802,0,0.0000,1.0000
2000-05-16,12.0000,12.0000,12.0000,12.0000,3.1802,258,0.0000,1.0000
2000-05-15,12.0000,12.0000,12.0000,12.0000,3.1802,0,0.0000,1.0000
2000-05-12,12.0000,12.0000,12.0000,12.0000,3.1802,0,0.0000,1.0000
2000-05-11,12.0000,12.0000,12.0000,12.0000,3.1802,64,0.0000,1.0000
2000-05-10,11.6300,11.6300,11.6300,11.6300,3.0821,0,0.0000,1.0000
2000-05-09,11.6300,11.6300,11.6300,11.6300,3.0821,0,0.0000,1.0000
2000-05-08,11.6300,11.6300,11.6300,11.6300,3.0821,0,0.0000,1.0000
2000-05-05,11.6300,11.6300,11.6300,11.6300,3.0821,0,0.5815,1.0000
2000-05-04,12.1300,12.2500,12.1300,12.2500,3.0918,774,0.0000,1.0000
2000-05-03,12.7500,12.7500,12.7500,12.7500,3.2180,0,0.0000,1.0000
2000-05-02,12.7500,12.7500,12.7500,12.7500,3.2180,64,0.0000,1.0000
2000-05-01,12.2500,12.2500,12.2500,12.2500,3.0918,0,0.0000,1.0000
2000-04-28,12.2500,12.2500,12.2500,12.2500,3.0918,0,0.0000,1.0000
2000-04-27,12.2500,12.2500,12.2500,12.2500,3.0918,0,0.0000,1.0000
2000-04-26,12.0000,12.2500,12.0000,12.2500,3.0918,451,0.0000,1.0000
2000-04-25,12.4400,12.4400,12.4400,12.4400,3.1398,129,0.0000,1.0000
2000-04-24,12.8800,12.8800,12.8800,12.8800,3.2509,0,0.0000,1.0000
2000-04-20,12.8800,12.8800,12.8800,12.8800,3.2509,129,0.1100,1.0000
2000-04-19,12.1300,12.1300,12.1300,12.1300,3.0356,0,0.0000,1.0000
2000-04-18,12.3800,12.3800,12.0000,12.1300,3.0356,451,0.0000,1.0000
2000-04-17,12.8800,12.8800,12.8800,12.8800,3.2233,0,0.0000,1.0000
2000-04-14,12.8800,12.8800,12.8800,12.8800,3.2233,645,0.0000,1.0000
2000-04-13,12.6300,12.6300,12.6300,12.6300,3.1608,1160,0.0000,1.0000
2000-04-12,13.0000,13.0000,13.0000,13.0000,3.2534,0,0.0000,1.0000
2000-04-11,13.0000,13.0000,13.0000,13.0000,3.2534,0,0.0000,1.0000
2000-04-10,13.0000,13.0000,13.0000,13.0000,3.2534,64,0.0000,1.0000
2000-04-07,12.6300,12.6300,12.6300,12.6300,3.1608,0,0.0000,1.0000
2000-04-06,12.6300,12.6300,12.6300,12.6300,3.1608,0,0.0000,1.0000
2000-04-05,12.6300,12.6300,12.6300,12.6300,3.1608,322,0.0000,1.0000
2000-04-04,12.8100,12.8100,12.8100,12.8100,3.2058,0,0.0000,1.0000
2000-04-03,12.8100,12.8100,12.8100,12.8100,3.2058,0,0.0000,1.0000
2000-03-31,12.8100,12.8100,12.8100,12.8100,3.2058,0,0.0000,1.0000
2000-03-30,12.8100,12.8100,12.8100,12.8100,3.2058,0,0.0000,1.0000
2000-03-29,12.8800,12.8800,12.8100,12.8100,3.2058,838,0.0000,1.0000
2000-03-28,13.0000,13.0000,13.0000,13.0000,3.2534,129,0.0000,1.0000
2000-03-27,12.6300,12.6300,12.6300,12.6300,3.1608,0,0.0000,1.0000
2000-03-24,12.6300,12.6300,12.6300,12.6300,3.1608,0,0.0000,1.0000
2000-03-23,12.6300,12.6300,12.6300,12.6300,3.1608,0,0.0000,1.0000
2000-03-22,12.6300,12.6300,12.6300,12.6300,3.1608,902,0.0000,1.0000
2000-03-21,12.7500,12.7500,12.7500,12.7500,3.1908,64,0.0000,1.0000
2000-03-20,12.2500,12.2500,12.2500,12.2500,3.0657,0,0.0000,1.0000
2000-03-17,12.5000,12.5000,12.2500,12.2500,3.0657,6897,0.0000,1.0000
2000-03-16,12.7500,12.7500,12.7500,12.7500,3.1908,0,0.0000,1.0000
2000-03-15,12.7500,12.7500,12.7500,12.7500,3.1908,0,0.0000,1.0000
2000-03-14,12.7500,12.7500,12.7500,12.7500,3.1908,129,0.0000,1.0000
2000-03-13,13.5000,13.5000,13.5000,13.5000,3.3785,0,0.0000,1.0000
2000-03-10,13.5000,13.5000,13.5000,13.5000,3.3785,0,0.0000,1.0000
2000-03-09,13.5000,13.5000,13.5000,13.5000,3.3785,0,0.0000,1.0000
2000-03-08,13.5000,13.5000,13.5000,13.5000,3.3785,0,0.0000,1.0000
2000-03-07,13.7500,13.7500,13.5000,13.5000,3.3785,2578,0.0000,1.0000
2000-03-06,15.0000,15.0000,15.0000,15.0000,3.7539,0,0.0000,1.0000
2000-03-03,15.0000,15.0000,15.0000,15.0000,3.7539,0,0.0000,1.0000
2000-03-02,15.0000,15.0000,15.0000,15.0000,3.7539,0,0.0000,1.0000
2000-03-01,15.0000,15.0000,15.0000,15.0000,3.7539,902,0.0000,1.0000
2000-02-29,13.7500,13.7500,13.7500,13.7500,3.4411,0,0.0000,1.0000
2000-02-28,13.7500,13.7500,13.7500,13.7500,3.4411,193,0.0000,1.0000
2000-02-25,13.7500,13.7500,13.7500,13.7500,3.4411,0,0.0000,1.0000
2000-02-24,13.7500,13.7500,13.7500,13.7500,3.4411,0,0.0000,1.0000
2000-02-23,14.5000,14.5000,13.7500,13.7500,3.4411,3868,0.0000,1.0000
2000-02-22,14.0000,14.0000,14.0000,14.0000,3.5036,0,0.0000,1.0000
2000-02-18,14.0000,14.0000,14.0000,14.0000,3.5036,774,0.0000,1.0000
2000-02-17,14.0000,14.0000,14.0000,14.0000,3.5036,645,0.0000,1.0000
2000-02-16,14.1300,14.1300,14.0000,14.0000,3.5036,838,0.0000,1.0000
2000-02-15,14.1300,14.1300,14.1300,14.1300,3.5362,580,0.0000,1.0000
2000-02-14,14.1300,14.1300,14.1300,14.1300,3.5362,0,0.0000,1.0000
2000-02-11,14.1300,14.1300,14.1300,14.1300,3.5362,322,0.0000,1.0000
2000-02-10,14.2500,14.2500,14.2500,14.2500,3.5662,0,0.0000,1.0000
2000-02-09,14.2500,14.2500,14.2500,14.2500,3.5662,64,0.0000,1.0000
2000-02-08,15.9400,16.0000,14.7500,14.7500,3.6913,4190,0.0000,1.0000
2000-02-07,15.0000,15.0000,15.0000,15.0000,3.7539,0,0.0000,1.0000
2000-02-04,15.0000,15.0000,15.0000,15.0000,3.7539,2127,0.0000,1.0000
2000-02-03,15.0000,15.0000,15.0000,15.0000,3.7539,0,0.0000,1.0000
2000-02-02,16.0000,16.0000,15.0000,15.0000,3.7539,3352,0.0000,1.0000
2000-02-01,16.0000,16.0000,16.0000,16.0000,4.0041,0,0.0000,1.0000
2000-01-31,16.0000,16.0000,16.0000,16.0000,4.0041,0,0.0000,1.0000
2000-01-28,17.1300,17.1300,16.0000,16.0000,4.0041,387,0.0000,1.0000
2000-01-27,16.0000,16.0000,16.0000,16.0000,4.0041,0,0.0000,1.0000
2000-01-26,16.0000,16.0000,16.0000,16.0000,4.0041,0,0.0000,1.0000
2000-01-25,16.0000,16.0000,16.0000,16.0000,4.0041,0,0.0000,1.0000
2000-01-24,16.0000,16.0000,16.0000,16.0000,4.0041,129,0.0000,1.0000
2000-01-21,14.8800,14.8800,14.8800,14.8800,3.7238,0,0.1100,1.0000
2000-01-20,15.0000,15.0000,15.0000,15.0000,3.7263,516,0.0000,1.0000
2000-01-19,15.2500,15.2500,15.1300,15.1300,3.7586,193,0.0000,1.0000
2000-01-18,16.0000,16.0000,16.0000,16.0000,3.9748,0,0.0000,1.0000
2000-01-14,17.2500,17.2500,16.0000,16.0000,3.9748,774,0.0000,1.0000
2000-01-13,17.2500,17.2500,17.2500,17.2500,4.2853,129,0.0000,1.0000
2000-01-12,17.3800,17.3800,17.2500,17.2500,4.2853,258,0.0000,1.0000
2000-01-11,17.3800,17.3800,17.3800,17.3800,4.3176,111,0.0000,1.0000
2000-01-10,17.3800,17.3800,17.3800,17.3800,4.3176,0,0.0000,1.0000
2000-01-07,17.3800,17.3800,17.3800,17.3800,4.3176,129,0.0000,1.0000
2000-01-06,17.7500,17.7500,17.7500,17.7500,4.4095,0,0.0000,1.0000
2000-01-05,17.7500,17.7500,17.7500,17.7500,4.4095,0,0.0000,1.0000
2000-01-04,17.7500,17.7500,17.7500,17.7500,4.4095,0,0.0000,1.0000
2000-01-03,17.7500,17.7500,17.7500,17.7500,4.4095,0,0.0000,1.0000
1999-12-31,17.7500,17.7500,17.7500,17.7500,4.4095,0,0.0000,1.0000
1999-12-30,17.7500,17.7500,17.7500,17.7500,4.4095,0,0.0000,1.0000
1999-12-29,17.3800,17.7500,17.3800,17.7500,4.4095,258,0.0000,1.0000
1999-12-28,17.7500,17.7500,17.7500,17.7500,4.4095,0,0.0000,1.0000
1999-12-27,17.2500,17.7500,17.2500,17.7500,4.4095,6446,0.0000,1.0000
1999-12-23,17.2500,17.2500,17.2500,17.2500,4.2853,64,0.0000,1.0000
1999-12-22,17.2500,17.2500,17.2500,17.2500,4.2853,774,0.0000,1.0000
1999-12-21,17.5000,17.5000,17.5000,17.5000,4.3474,129,0.0000,1.0000
1999-12-20,17.6300,17.6300,17.6300,17.6300,4.3797,580,0.0000,1.0000
1999-12-17,17.2500,17.2500,17.2500,17.2500,4.2853,0,0.0000,1.0000
1999-12-16,17.2500,17.2500,17.2500,17.2500,4.2853,580,0.0000,1.0000
1999-12-15,17.3800,17.3800,17.3800,17.3800,4.3176,0,0.0000,1.0000
1999-12-14,17.5000,17.5000,17.3800,17.3800,4.3176,580,0.0000,1.0000
1999-12-13,17.3800,17.3800,17.3800,17.3800,4.3176,580,0.0000,1.0000
1999-12-10,17.5000,17.5000,17.3800,17.3800,4.3176,258,0.0000,1.0000
1999-12-09,17.6900,17.6900,17.6900,17.6900,4.3946,0,0.0000,1.0000
1999-12-08,17.6900,17.6900,17.6900,17.6900,4.3946,0,0.0000,1.0000
1999-12-07,18.0000,18.0000,16.8800,17.6900,4.3946,3223,0.0000,1.0000
1999-12-06,18.7500,18.7500,18.7500,18.7500,4.6579,258,0.0000,1.0000
1999-12-03,18.7500,18.7500,18.0000,18.0000,4.4716,902,0.0000,1.0000
1999-12-02,19.2500,19.2500,19.2500,19.2500,4.7821,64,0.0000,1.0000
1999-12-01,19.0000,19.5000,18.0000,19.0000,4.7200,3997,0.0000,1.0000
1999-11-30,18.9400,19.7500,18.9400,19.3800,4.8144,2256,0.0000,1.0000
1999-11-29,18.9400,18.9400,18.9400,18.9400,4.7051,193,0.0000,1.0000
1999-11-26,18.7500,18.7500,18.7500,18.7500,4.6579,0,0.0000,1.0000
1999-11-24,18.7500,18.7500,18.7500,18.7500,4.6579,0,0.0000,1.0000
1999-11-23,18.7500,18.7500,18.7500,18.7500,4.6579,0,0.0000,1.0000
1999-11-22,18.7500,18.7500,18.7500,18.7500,4.6579,129,0.0000,1.0000
1999-11-19,18.3800,18.3800,18.3800,18.3800,4.5660,0,0.0000,1.0000
1999-11-18,18.3800,18.3800,18.3800,18.3800,4.5660,0,0.0000,1.0000
1999-11-17,18.3800,18.3800,18.3800,18.3800,4.5660,0,0.0000,1.0000
1999-11-16,18.3800,18.3800,18.3800,18.3800,4.5660,0,0.0000,1.0000
1999-11-15,18.3800,18.3800,18.3800,18.3800,4.5660,0,0.0000,1.0000
1999-11-12,18.3800,18.3800,18.3800,18.3800,4.5660,967,0.0000,1.0000
1999-11-11,18.0000,18.0000,18.0000,18.0000,4.4716,0,0.0000,1.0000
1999-11-10,18.0000,18.0000,18.0000,18.0000,4.4716,0,0.0000,1.0000
1999-11-09,16.8100,18.0000,16.8100,18.0000,4.4716,645,0.0000,1.0000
1999-11-08,17.1300,17.1300,17.1300,17.1300,4.2555,0,0.0000,1.0000
1999-11-05,17.7500,17.7500,16.9400,17.1300,4.2555,125376,0.0000,1.0000
1999-11-04,17.5000,17.5000,17.5000,17.5000,4.3474,0,0.0000,1.0000
1999-11-03,17.5000,17.5000,17.5000,17.5000,4.3474,0,0.0000,1.0000
1999-11-02,17.5000,17.5000,17.5000,17.5000,4.3474,0,0.0000,1.0000
1999-11-01,17.5000,17.5000,17.5000,17.5000,4.3474,193,0.0000,1.0000
1999-10-29,17.5000,17.5000,17.5000,17.5000,4.3474,258,0.0000,1.0000
1999-10-28,17.5000,17.5000,17.5000,17.5000,4.3474,193,0.0000,1.0000
1999-10-27,18.0000,18.0000,17.5000,17.5000,4.3474,193,0.0000,1.0000
1999-10-26,17.5000,17.5000,17.5000,17.5000,4.3474,0,0.0000,1.0000
1999-10-25,17.5000,17.5000,17.5000,17.5000,4.3474,0,0.0000,1.0000
1999-10-22,17.5000,17.5000,17.5000,17.5000,4.3474,387,0.1100,1.0000
1999-10-21,17.5000,17.5000,17.5000,17.5000,4.3202,0,0.0000,1.0000
1999-10-20,17.5000,17.5000,17.5000,17.5000,4.3202,0,0.0000,1.0000
1999-10-19,17.5000,17.5000,17.5000,17.5000,4.3202,0,0.0000,1.0000
1999-10-18,17.5000,17.5000,17.5000,17.5000,4.3202,0,0.0000,1.0000
1999-10-15,17.5000,17.5000,17.5000,17.5000,4.3202,0,0.0000,1.0000
1999-10-14,17.5000,17.5000,17.5000,17.5000,4.3202,0,0.0000,1.0000
1999-10-13,17.5000,17.5000,17.5000,17.5000,4.3202,0,0.0000,1.0000
1999-10-12,17.5000,17.5000,17.5000,17.5000,4.3202,0,0.0000,1.0000
1999-10-11,17.5000,17.5000,17.5000,17.5000,4.3202,0,0.0000,1.0000
1999-10-08,17.5000,17.5000,17.5000,17.5000,4.3202,0,0.0000,1.0000
1999-10-07,17.5000,17.5000,17.5000,17.5000,4.3202,0,0.0000,1.0000
1999-10-06,17.5000,17.5000,17.5000,17.5000,4.3202,0,0.0000,1.0000
1999-10-05,17.5000,17.5000,17.5000,17.5000,4.3202,0,0.0000,1.0000
1999-10-04,17.5000,17.5000,17.5000,17.5000,4.3202,129,0.0000,1.0000
1999-10-01,17.5000,17.5000,17.5000,17.5000,4.3202,129,0.0000,1.0000
1999-09-30,17.7500,18.5000,17.7500,18.5000,4.5671,2063,0.0000,1.0000
1999-09-29,18.0000,18.0000,18.0000,18.0000,4.4437,0,0.0000,1.0000
1999-09-28,18.0000,18.0000,17.2500,18.0000,4.4437,1225,0.0000,1.0000
1999-09-27,18.0000,18.0000,17.0000,18.0000,4.4437,5801,0.0000,1.0000
1999-09-24,18.0000,18.0000,18.0000,18.0000,4.4437,0,0.0000,1.0000
1999-09-23,18.0000,18.0000,18.0000,18.0000,4.4437,0,0.0000,1.0000
1999-09-22,18.0000,18.0000,18.0000,18.0000,4.4437,0,0.0000,1.0000
1999-09-21,18.0000,18.0000,18.0000,18.0000,4.4437,387,0.0000,1.0000
1999-09-20,18.2500,18.2500,18.2500,18.2500,4.5054,0,0.0000,1.0000
1999-09-17,18.2500,18.2500,18.2500,18.2500,4.5054,129,0.0000,1.0000
1999-09-16,18.5000,18.5000,18.5000,18.5000,4.5671,0,0.0000,1.0000
1999-09-15,18.5000,18.5000,18.5000,18.5000,4.5671,2063,0.0000,1.0000
1999-09-14,18.2500,18.2500,18.2500,18.2500,4.5054,2514,0.0000,1.0000
1999-09-13,18.2500,18.2500,18.2500,18.2500,4.5054,0,0.0000,1.0000
1999-09-10,18.2500,18.2500,18.2500,18.2500,4.5054,0,0.0000,1.0000
1999-09-09,18.2500,18.2500,18.2500,18.2500,4.5054,0,0.0000,1.0000
1999-09-08,18.2500,18.2500,18.2500,18.2500,4.5054,0,0.0000,1.0000
1999-09-07,18.2500,18.2500,18.2500,18.2500,4.5054,0,0.0000,1.0000
1999-09-03,18.2500,18.2500,18.2500,18.2500,4.5054,0,0.0000,1.0000
1999-09-02,18.2500,18.2500,18.2500,18.2500,4.5054,0,0.0000,1.0000
1999-09-01,18.2500,18.2500,18.2500,18.2500,4.5054,258,0.0000,1.0000
1999-08-31,18.2500,18.2500,18.2500,18.2500,4.5054,0,0.0000,1.0000
1999-08-30,18.2500,18.2500,18.2500,18.2500,4.5054,0,0.0000,1.0000
1999-08-27,18.2500,18.2500,18.2500,18.2500,4.5054,129,0.0000,1.0000
1999-08-26,18.2500,18.2500,18.2500,18.2500,4.5054,0,0.0000,1.0000
1999-08-25,18.2500,18.2500,18.2500,18.2500,4.5054,64,0.0000,1.0000
1999-08-24,18.2500,18.2500,18.2500,18.2500,4.5054,64,0.0000,1.0000
1999-08-23,18.7500,19.0000,18.7500,19.0000,4.6905,11410,0.0000,1.0000
1999-08-20,18.5000,18.5000,18.5000,18.5000,4.5671,0,0.0000,1.0000
1999-08-19,18.5000,18.5000,18.5000,18.5000,4.5671,0,0.0000,1.0000
1999-08-18,18.5000,18.5000,18.5000,18.5000,4.5671,0,0.0000,1.0000
1999-08-17,18.5000,18.5000,18.5000,18.5000,4.5671,0,0.0000,1.0000
1999-08-16,18.7500,18.7500,18.5000,18.5000,4.5671,387,0.0000,1.0000
1999-08-13,18.7500,18.7500,18.7500,18.7500,4.6288,0,0.0000,1.0000
1999-08-12,18.7500,18.7500,18.7500,18.7500,4.6288,451,0.0000,1.0000
1999-08-11,18.7500,18.7500,18.7500,18.7500,4.6288,64,0.0000,1.0000
1999-08-10,18.8800,19.5000,18.8800,19.3800,4.7843,3610,0.0000,1.0000
1999-08-09,18.2500,18.2500,18.2500,18.2500,4.5054,0,0.0000,1.0000
1999-08-06,18.2500,18.2500,18.2500,18.2500,4.5054,0,0.0000,1.0000
1999-08-05,18.2500,18.2500,18.2500,18.2500,4.5054,0,0.0000,1.0000
1999-08-04,18.2500,18.2500,18.1300,18.2500,4.5054,2063,0.0000,1.0000
1999-08-03,17.8800,17.8800,17.8800,17.8800,4.4140,0,0.0000,1.0000
1999-08-02,18.1300,18.2500,17.8800,17.8800,4.4140,6059,0.0000,1.0000
1999-07-30,18.5000,18.5000,18.0000,18.0000,4.4437,709,0.0000,1.0000
1999-07-29,18.0000,18.0000,18.0000,18.0000,4.4437,0,0.0000,1.0000
1999-07-28,18.0000,18.0000,18.0000,18.0000,4.4437,0,0.0000,1.0000
1999-07-27,18.0000,18.0000,18.0000,18.0000,4.4437,0,0.0000,1.0000
1999-07-26,18.5000,18.5000,18.0000,18.0000,4.4437,2063,0.0000,1.0000
1999-07-23,18.5000,18.5000,18.5000,18.5000,4.5671,0,0.1100,1.0000
1999-07-22,18.5000,18.5000,18.5000,18.5000,4.5401,0,0.0000,1.0000
1999-07-21,18.5000,18.5000,18.5000,18.5000,4.5401,0,0.0000,1.0000
1999-07-20,18.5000,18.5000,18.5000,18.5000,4.5401,0,0.0000,1.0000
1999-07-19,18.5000,18.5000,18.5000,18.5000,4.5401,0,0.0000,1.0000
1999-07-16,18.5000,18.5000,18.5000,18.5000,4.5401,0,0.0000,1.0000
1999-07-15,18.5000,18.5000,18.5000,18.5000,4.5401,129,0.0000,1.0000
1999-07-14,18.1300,18.1300,18.1300,18.1300,4.4493,902,0.0000,1.0000
1999-07-13,17.7500,17.7500,17.7500,17.7500,4.3560,0,0.0000,1.0000
1999-07-12,17.7500,17.7500,17.7500,17.7500,4.3560,0,0.0560,1.0000
1999-07-09,17.7500,17.7500,17.7500,17.7500,4.3423,0,0.0000,1.0000
1999-07-08,17.7500,17.7500,17.7500,17.7500,4.3423,0,0.0000,1.0000
1999-07-07,17.7500,17.7500,17.7500,17.7500,4.3423,193,0.0000,1.0000
1999-07-06,17.7500,17.7500,17.7500,17.7500,4.3423,0,0.0000,1.0000
1999-07-02,17.7500,17.7500,17.7500,17.7500,4.3423,709,0.0000,1.0000
1999-07-01,17.7500,17.7500,17.7500,17.7500,4.3423,0,0.0000,1.0000
1999-06-30,17.7500,17.7500,17.7500,17.7500,4.3423,0,0.0000,1.0000
1999-06-29,17.7500,17.7500,17.7500,17.7500,4.3423,0,0.0000,1.0000
1999-06-28,17.7500,17.7500,17.7500,17.7500,4.3423,0,0.0000,1.0000
1999-06-25,17.7500,17.7500,17.7500,17.7500,4.3423,0,0.0000,1.0000
1999-06-24,17.7500,17.7500,17.7500,17.7500,4.3423,0,0.0000,1.0000
1999-06-23,17.7500,17.7500,17.7500,17.7500,4.3423,0,0.0000,1.0000
1999-06-22,17.7500,17.7500,17.7500,17.7500,4.3423,0,0.0000,1.0000
1999-06-21,17.7500,17.7500,17.7500,17.7500,4.3423,258,0.0000,1.0000
1999-06-18,17.7500,17.7500,17.7500,17.7500,4.3423,516,0.0000,1.0000
1999-06-17,18.0000,18.0000,18.0000,18.0000,4.4035,0,0.0000,1.0000
1999-06-16,18.0000,18.0000,18.0000,18.0000,4.4035,0,0.0000,1.0000
1999-06-15,18.0000,18.0000,18.0000,18.0000,4.4035,0,0.0000,1.0000
1999-06-14,18.0000,18.0000,18.0000,18.0000,4.4035,0,0.0000,1.0000
1999-06-11,18.0000,18.0000,18.0000,18.0000,4.4035,0,0.0000,1.0000
1999-06-10,18.0000,18.0000,18.0000,18.0000,4.4035,129,0.0000,1.0000
1999-06-09,18.2500,18.2500,18.2500,18.2500,4.4647,967,0.0000,1.0000
1999-06-08,18.2500,18.2500,18.2500,18.2500,4.4647,0,0.0000,1.0000
1999-06-07,18.2500,18.2500,18.2500,18.2500,4.4647,0,0.0000,1.0000
1999-06-04,18.2500,18.2500,18.2500,18.2500,4.4647,0,0.0000,1.0000
1999-06-03,18.2500,18.2500,18.2500,18.2500,4.4647,0,0.0000,1.0000
1999-06-02,18.2500,18.2500,18.2500,18.2500,4.4647,0,0.0000,1.0000
1999-06-01,18.2500,18.2500,18.2500,18.2500,4.4647,0,0.0000,1.0000
1999-05-28,18.2500,18.2500,18.2500,18.2500,4.4647,0,0.0000,1.0000
1999-05-27,18.5000,18.5000,18.2500,18.2500,4.4647,11990,0.0000,1.0000
1999-05-26,18.2500,18.2500,18.2500,18.2500,4.4647,0,0.0000,1.0000
1999-05-25,18.2500,18.2500,18.2500,18.2500,4.4647,0,0.0000,1.0000
1999-05-24,18.2500,18.2500,18.2500,18.2500,4.4647,0,0.0000,1.0000
1999-05-21,18.2500,18.2500,18.2500,18.2500,4.4647,0,0.0000,1.0000
1999-05-20,18.2500,18.2500,18.2500,18.2500,4.4647,0,0.0000,1.0000
1999-05-19,18.2500,18.2500,18.2500,18.2500,4.4647,0,0.0000,1.0000
1999-05-18,18.2500,18.2500,18.2500,18.2500,4.4647,0,0.0000,1.0000
1999-05-17,19.0000,19.0000,18.2500,18.2500,4.4647,4770,0.0000,1.0000
1999-05-14,18.0000,18.0000,18.0000,18.0000,4.4035,0,0.0000,1.0000
1999-05-13,18.0000,18.0000,18.0000,18.0000,4.4035,0,0.0000,1.0000
1999-05-12,18.0000,18.0000,18.0000,18.0000,4.4035,0,0.0000,1.0000
1999-05-11,18.0000,18.0000,18.0000,18.0000,4.4035,0,0.0000,1.0000
1999-05-10,18.0000,18.0000,18.0000,18.0000,4.4035,0,0.0000,1.0000
1999-05-07,18.1300,18.1300,18.0000,18.0000,4.4035,2578,0.0000,1.0000
1999-05-06,18.0000,18.0000,18.0000,18.0000,4.4035,0,0.0000,1.0000
1999-05-05,17.5600,18.0000,17.5600,18.0000,4.4035,1225,0.0000,1.0000
1999-05-04,17.5600,17.5600,17.5600,17.5600,4.2959,0,0.0000,1.0000
1999-05-03,17.5600,17.5600,17.5600,17.5600,4.2959,0,0.0000,1.0000
1999-04-30,17.2500,17.5600,17.2500,17.5600,4.2959,258,0.0000,1.0000
1999-04-29,18.0000,18.0000,18.0000,18.0000,4.4035,0,0.0000,1.0000
1999-04-28,18.0000,18.0000,18.0000,18.0000,4.4035,0,0.0000,1.0000
1999-04-27,18.0000,18.0000,18.0000,18.0000,4.4035,129,0.0000,1.0000
1999-04-26,18.0000,18.0000,18.0000,18.0000,4.4035,838,0.0000,1.0000
1999-04-23,18.2500,18.2500,17.0000,17.0000,4.1589,3070,0.8500,1.0000
1999-04-22,19.1300,19.8800,19.1300,19.8800,4.6318,2087,0.0000,1.0000
1999-04-21,19.0000,19.5000,18.5000,19.5000,4.5433,921,0.0000,1.0000
1999-04-20,19.0000,19.0000,19.0000,19.0000,4.4268,123,0.0000,1.0000
1999-04-19,19.1300,19.1300,19.1300,19.1300,4.4571,0,0.0000,1.0000
1999-04-16,19.1300,19.1300,19.1300,19.1300,4.4571,0,0.0000,1.0000
1999-04-15,19.1300,19.1300,19.1300,19.1300,4.4571,123,0.0000,1.0000
1999-04-14,18.8800,18.8800,18.8800,18.8800,4.3988,0,0.0000,1.0000
1999-04-13,18.8800,18.8800,18.8800,18.8800,4.3988,0,0.0000,1.0000
1999-04-12,18.8800,18.8800,18.8800,18.8800,4.3988,123,0.0000,1.0000
1999-04-09,18.8800,18.8800,18.8800,18.8800,4.3988,61,0.0000,1.0000
1999-04-08,18.6300,19.2500,18.6300,19.1300,4.4571,6139,0.0000,1.0000
1999-04-07,18.5000,18.5000,18.5000,18.5000,4.3103,368,0.0000,1.0000
1999-04-06,19.0000,19.0000,19.0000,19.0000,4.4268,982,0.0000,1.0000
1999-04-05,18.7500,18.7500,18.7500,18.7500,4.3686,0,0.0000,1.0000
1999-04-01,18.7500,18.7500,18.7500,18.7500,4.3686,614,0.0000,1.0000
1999-03-31,18.7500,19.1900,18.7500,19.1900,4.4711,675,0.0000,1.0000
1999-03-30,18.5000,18.5000,18.5000,18.5000,4.3103,0,0.0000,1.0000
1999-03-29,18.5000,18.5000,18.5000,18.5000,4.3103,0,0.0000,1.0000
1999-03-26,18.7500,18.7500,18.5000,18.5000,4.3103,798,0.0000,1.0000
1999-03-25,18.2500,18.2500,18.2500,18.2500,4.2521,0,0.0000,1.0000
1999-03-24,18.2500,18.2500,18.2500,18.2500,4.2521,0,0.0000,1.0000
1999-03-23,18.7500,18.7500,18.0000,18.2500,4.2521,2824,0.0000,1.0000
1999-03-22,18.3100,18.3100,18.3100,18.3100,4.2660,0,0.0000,1.0000
1999-03-19,18.3100,18.3100,18.3100,18.3100,4.2660,0,0.0000,1.0000
1999-03-18,18.3100,18.3100,18.3100,18.3100,4.2660,0,0.0000,1.0000
1999-03-17,18.3100,18.3100,18.3100,18.3100,4.2660,61,0.0000,1.0000
1999-03-16,18.0000,18.0000,18.0000,18.0000,4.1938,61,0.0000,1.0000
1999-03-15,18.0000,18.0000,18.0000,18.0000,4.1938,0,0.0000,1.0000
1999-03-12,18.0000,18.0000,18.0000,18.0000,4.1938,0,0.0000,1.0000
1999-03-11,18.0000,18.0000,18.0000,18.0000,4.1938,0,0.0000,1.0000
1999-03-10,18.0000,18.0000,18.0000,18.0000,4.1938,0,0.0000,1.0000
1999-03-09,18.0000,18.0000,18.0000,18.0000,4.1938,0,0.0000,1.0000
1999-03-08,18.0000,18.7500,18.0000,18.0000,4.1938,3990,0.0000,1.0000
1999-03-05,19.5000,19.5000,19.5000,19.5000,4.5433,0,0.0000,1.0000
1999-03-04,19.5000,19.5000,19.5000,19.5000,4.5433,0,0.0000,1.0000
1999-03-03,19.5000,19.5000,19.5000,19.5000,4.5433,0,0.0000,1.0000
1999-03-02,19.5000,19.5000,19.5000,19.5000,4.5433,0,0.0000,1.0000
1999-03-01,19.5000,19.5000,19.5000,19.5000,4.5433,0,0.0000,1.0000
1999-02-26,19.5000,19.5000,19.5000,19.5000,4.5433,246,0.0000,1.0000
1999-02-25,18.0000,18.5000,18.0000,18.5000,4.3103,123,0.0000,1.0000
1999-02-24,19.0000,19.0000,19.0000,19.0000,4.4268,0,0.0000,1.0000
1999-02-23,18.3800,19.0000,18.3800,19.0000,4.4268,123,0.0000,1.0000
1999-02-22,17.5000,18.2500,17.5000,18.0000,4.1938,1166,0.0000,1.0000
1999-02-19,18.2500,18.2500,18.2500,18.2500,4.2521,675,0.0000,1.0000
1999-02-18,18.3700,18.3700,18.3700,18.3700,4.2800,0,0.0000,1.0000
1999-02-17,18.3700,18.3700,18.3700,18.3700,4.2800,0,0.0000,1.0000
1999-02-16,18.3800,18.3800,18.3800,18.3800,4.2824,123,0.0000,1.0000
1999-02-12,18.0000,18.0000,18.0000,18.0000,4.1938,0,0.0000,1.0000
1999-02-11,18.3800,18.3800,18.0000,18.0000,4.1938,3315,0.0000,1.0000
1999-02-10,18.1300,18.1300,18.1300,18.1300,4.2241,0,0.0000,1.0000
1999-02-09,18.1300,18.1300,17.6300,18.1300,4.2241,2271,0.0000,1.0000
1999-02-08,17.2500,17.2500,17.2500,17.2500,4.0191,0,0.0000,1.0000
1999-02-05,17.6300,17.6300,17.2500,17.2500,4.0191,982,0.0000,1.0000
1999-02-04,18.0000,18.0000,18.0000,18.0000,4.1938,123,0.0000,1.0000
1999-02-03,17.0000,17.0000,17.0000,17.0000,3.9608,0,0.0000,1.0000
1999-02-02,17.0000,17.0000,17.0000,17.0000,3.9608,0,0.0000,1.0000
1999-02-01,17.5000,17.5000,17.0000,17.0000,3.9608,491,0.0000,1.0000
1999-01-29,17.7500,17.7500,17.7500,17.7500,4.1356,184,0.0000,1.0000
1999-01-28,17.7500,17.7500,17.7500,17.7500,4.1356,614,0.0000,1.0000
1999-01-27,17.6300,17.6300,17.6300,17.6300,4.1076,0,0.0000,1.0000
1999-01-26,17.6300,17.6300,17.6300,17.6300,4.1076,0,0.0000,1.0000
1999-01-25,17.6300,17.6300,17.6300,17.6300,4.1076,0,0.0000,1.0000
1999-01-22,18.2500,18.2500,17.6300,17.6300,4.1076,307,0.1050,1.0000
1999-01-21,18.2500,18.2500,18.2500,18.2500,4.2269,0,0.0000,1.0000
1999-01-20,18.2500,18.2500,18.2500,18.2500,4.2269,0,0.0000,1.0000
1999-01-19,18.2500,18.2500,18.2500,18.2500,4.2269,0,0.0000,1.0000
1999-01-15,18.2500,18.2500,18.2500,18.2500,4.2269,61,0.0000,1.0000
1999-01-14,17.6300,18.0000,17.6300,18.0000,4.1690,430,0.0000,1.0000
1999-01-13,17.3800,17.3800,17.0000,17.0000,3.9374,246,0.0000,1.0000
1999-01-12,18.0000,18.0000,18.0000,18.0000,4.1690,2578,0.0000,1.0000
1999-01-11,18.7500,18.7500,17.5000,17.5000,4.0532,1044,0.0000,1.0000
1999-01-08,17.7500,17.7500,17.7500,17.7500,4.1111,61,0.0000,1.0000
1999-01-07,18.8800,18.8800,18.0000,18.0000,4.1690,368,0.0000,1.0000
1999-01-06,18.2500,18.2500,18.2500,18.2500,4.2269,553,0.0000,1.0000
1999-01-05,18.6300,18.6300,18.6300,18.6300,4.3149,61,0.0000,1.0000
1999-01-04,18.2500,18.6300,18.2500,18.6300,4.3149,368,0.0000,1.0000
1998-12-31,18.2500,18.2500,18.2500,18.2500,4.2269,614,0.0000,1.0000
1998-12-30,18.5000,18.5000,18.5000,18.5000,4.2848,368,0.0000,1.0000
1998-12-29,19.2500,19.2500,19.2500,19.2500,4.4585,0,0.0000,1.0000
1998-12-28,19.2500,19.2500,19.2500,19.2500,4.4585,0,0.0000,1.0000
1998-12-24,19.2500,19.2500,19.2500,19.2500,4.4585,0,0.0000,1.0000
1998-12-23,19.2500,19.2500,19.2500,19.2500,4.4585,123,0.0000,1.0000
1998-12-22,19.0000,19.0000,19.0000,19.0000,4.4006,0,0.0000,1.0000
1998-12-21,19.0000,19.0000,19.0000,19.0000,4.4006,0,0.0000,1.0000
1998-12-18,19.0000,19.0000,19.0000,19.0000,4.4006,0,0.0000,1.0000
1998-12-17,19.0000,19.0000,19.0000,19.0000,4.4006,0,0.0000,1.0000
1998-12-16,19.0000,19.0000,19.0000,19.0000,4.4006,0,0.0000,1.0000
1998-12-15,19.0000,19.0000,19.0000,19.0000,4.4006,0,0.0000,1.0000
1998-12-14,19.0000,19.0000,19.0000,19.0000,4.4006,4666,0.0000,1.0000
1998-12-11,19.5000,19.5000,19.1900,19.1900,4.4446,7121,0.0000,1.0000
1998-12-10,19.5000,19.5000,19.5000,19.5000,4.5164,0,0.0000,1.0000
1998-12-09,19.5000,19.5000,19.5000,19.5000,4.5164,737,0.0000,1.0000
1998-12-08,18.7500,18.7500,18.7500,18.7500,4.3427,0,0.0000,1.0000
1998-12-07,18.7500,18.7500,18.7500,18.7500,4.3427,0,0.0000,1.0000
1998-12-04,18.7500,18.7500,18.7500,18.7500,4.3427,246,0.0000,1.0000
1998-12-03,18.7500,18.7500,18.7500,18.7500,4.3427,0,0.0000,1.0000
1998-12-02,18.7500,18.7500,18.7500,18.7500,4.3427,0,0.0000,1.0000
1998-12-01,18.7500,18.7500,18.7500,18.7500,4.3427,184,0.0000,1.0000
1998-11-30,18.7500,18.7500,18.7500,18.7500,4.3427,0,0.0000,1.0000
1998-11-27,18.7500,18.7500,18.7500,18.7500,4.3427,0,0.0000,1.0000
1998-11-25,18.7500,18.7500,18.7500,18.7500,4.3427,0,0.0000,1.0000
1998-11-24,18.7500,18.7500,18.7500,18.7500,4.3427,0,0.0000,1.0000
1998-11-23,18.7500,18.7500,18.7500,18.7500,4.3427,0,0.0000,1.0000
1998-11-20,18.7500,18.7500,18.7500,18.7500,4.3427,123,0.0000,1.0000
1998-11-19,18.8800,18.8800,18.8800,18.8800,4.3728,0,0.0000,1.0000
1998-11-18,18.8800,18.8800,18.8800,18.8800,4.3728,0,0.0000,1.0000
1998-11-17,18.8800,18.8800,18.8800,18.8800,4.3728,0,0.0000,1.0000
1998-11-16,18.8800,18.8800,18.8800,18.8800,4.3728,0,0.0000,1.0000
1998-11-13,19.5000,19.5000,18.8800,18.8800,4.3728,921,0.0000,1.0000
1998-11-12,20.5000,20.5000,20.5000,20.5000,4.7480,0,0.0000,1.0000
1998-11-11,20.5000,20.5000,20.5000,20.5000,4.7480,0,0.0000,1.0000
1998-11-10,20.5000,20.5000,20.5000,20.5000,4.7480,2456,0.0000,1.0000
1998-11-09,19.0000,19.0000,18.7500,18.7500,4.3427,614,0.0000,1.0000
1998-11-06,19.6300,19.6300,19.6300,19.6300,4.5465,0,0.0000,1.0000
1998-11-05,19.6300,19.6300,19.6300,19.6300,4.5465,0,0.0000,1.0000
1998-11-04,19.2500,19.6300,19.2500,19.6300,4.5465,246,0.0000,1.0000
1998-11-03,19.8800,19.8800,19.8800,19.8800,4.6044,0,0.0000,1.0000
1998-11-02,19.8800,19.8800,19.8800,19.8800,4.6044,0,0.0000,1.0000
1998-10-30,19.8800,19.8800,19.8800,19.8800,4.6044,0,0.0000,1.0000
1998-10-29,19.8800,19.8800,19.8800,19.8800,4.6044,0,0.0000,1.0000
1998-10-28,19.8800,19.8800,19.8800,19.8800,4.6044,614,0.0000,1.0000
1998-10-27,18.5000,18.5000,18.5000,18.5000,4.2848,0,0.0000,1.0000
1998-10-26,18.5000,18.5000,18.5000,18.5000,4.2848,123,0.0000,1.0000
1998-10-23,18.5000,18.5000,18.5000,18.5000,4.2848,491,0.1050,1.0000
1998-10-22,18.5000,18.5000,18.5000,18.5000,4.2606,0,0.0000,1.0000
1998-10-21,18.5000,18.5000,18.5000,18.5000,4.2606,0,0.0000,1.0000
1998-10-20,18.5000,18.5000,18.5000,18.5000,4.2606,123,0.0000,1.0000
1998-10-19,20.5000,20.5000,20.5000,20.5000,4.7212,0,0.0000,1.0000
1998-10-16,20.5000,20.5000,20.5000,20.5000,4.7212,368,0.0000,1.0000
1998-10-15,19.0000,20.2500,19.0000,20.2500,4.6636,737,0.0000,1.0000
1998-10-14,19.5000,19.5000,19.5000,19.5000,4.4909,0,0.0000,1.0000
1998-10-13,19.5000,19.5000,19.5000,19.5000,4.4909,0,0.0000,1.0000
1998-10-12,19.5000,19.5000,19.5000,19.5000,4.4909,0,0.0000,1.0000
1998-10-09,19.5000,19.5000,19.5000,19.5000,4.4909,0,0.0000,1.0000
1998-10-08,19.5000,19.5000,19.5000,19.5000,4.4909,0,0.0000,1.0000
1998-10-07,19.5000,19.5000,19.5000,19.5000,4.4909,0,0.0000,1.0000
1998-10-06,19.5000,19.5000,19.5000,19.5000,4.4909,246,0.0000,1.0000
1998-10-05,19.5000,19.5000,19.5000,19.5000,4.4909,430,0.0000,1.0000
1998-10-02,19.5000,19.5000,19.5000,19.5000,4.4909,0,0.0000,1.0000
1998-10-01,19.5000,19.5000,19.5000,19.5000,4.4909,0,0.0000,1.0000
1998-09-30,19.5000,19.5000,19.5000,19.5000,4.4909,0,0.0000,1.0000
1998-09-29,19.5000,19.5000,19.5000,19.5000,4.4909,0,0.0000,1.0000
1998-09-28,19.5000,19.5000,19.5000,19.5000,4.4909,0,0.0000,1.0000
1998-09-25,19.5000,19.5000,19.5000,19.5000,4.4909,123,0.0000,1.0000
1998-09-24,20.0000,20.0000,20.0000,20.0000,4.6061,0,0.0000,1.0000
1998-09-23,20.0000,20.0000,20.0000,20.0000,4.6061,0,0.0000,1.0000
1998-09-22,20.5000,20.5000,20.0000,20.0000,4.6061,737,0.0000,1.0000
1998-09-21,20.7500,20.7500,20.7500,20.7500,4.7788,0,0.0000,1.0000
1998-09-18,20.7500,20.7500,20.7500,20.7500,4.7788,123,0.0000,1.0000
1998-09-17,21.5000,21.5000,21.5000,21.5000,4.9515,0,0.0000,1.0000
1998-09-16,21.5000,21.5000,21.0000,21.5000,4.9515,737,0.0000,1.0000
1998-09-15,22.5000,22.5000,22.5000,22.5000,5.1818,0,0.0000,1.0000
1998-09-14,21.5000,22.5000,21.5000,22.5000,5.1818,2026,0.0000,1.0000
1998-09-11,21.7500,21.7500,21.7500,21.7500,5.0091,61,0.0000,1.0000
1998-09-10,22.0000,22.0000,22.0000,22.0000,5.0667,0,0.0000,1.0000
1998-09-09,22.0000,22.0000,22.0000,22.0000,5.0667,0,0.0000,1.0000
1998-09-08,22.0000,22.0000,22.0000,22.0000,5.0667,4911,0.0000,1.0000
1998-09-04,21.5000,21.5000,21.5000,21.5000,4.9515,0,0.0000,1.0000
1998-09-03,21.5000,21.5000,21.5000,21.5000,4.9515,0,0.0000,1.0000
1998-09-02,21.5000,21.5000,21.5000,21.5000,4.9515,0,0.0000,1.0000
1998-09-01,21.6300,21.6300,21.5000,21.5000,4.9515,614,0.0000,1.0000
1998-08-31,22.5000,22.5000,22.5000,22.5000,5.1818,0,0.0000,1.0000
1998-08-28,21.5000,22.5000,21.5000,22.5000,5.1818,2087,0.0000,1.0000
1998-08-27,22.5000,22.5000,22.5000,22.5000,5.1818,0,0.0000,1.0000
1998-08-26,22.5000,22.5000,22.5000,22.5000,5.1818,307,0.0000,1.0000
1998-08-25,21.8800,21.8800,21.8800,21.8800,5.0390,0,0.0000,1.0000
1998-08-24,21.8800,21.8800,21.8800,21.8800,5.0390,0,0.0000,1.0000
1998-08-21,21.8800,21.8800,21.8800,21.8800,5.0390,123,0.0000,1.0000
1998-08-20,22.5000,22.5000,22.5000,22.5000,5.1818,0,0.0000,1.0000
1998-08-19,22.5000,22.5000,22.5000,22.5000,5.1818,0,0.0000,1.0000
1998-08-18,22.5000,22.5000,22.5000,22.5000,5.1818,0,0.0000,1.0000
1998-08-17,22.5000,22.5000,22.5000,22.5000,5.1818,0,0.0000,1.0000
1998-08-14,22.5000,22.5000,22.5000,22.5000,5.1818,0,0.0000,1.0000
1998-08-13,22.5000,22.5000,22.5000,22.5000,5.1818,0,0.0000,1.0000
1998-08-12,22.5000,22.5000,22.5000,22.5000,5.1818,0,0.0000,1.0000
1998-08-11,22.5000,22.5000,22.5000,22.5000,5.1818,0,0.0000,1.0000
1998-08-10,22.5000,22.5000,22.5000,22.5000,5.1818,0,0.0000,1.0000
1998-08-07,22.5000,22.5000,22.5000,22.5000,5.1818,0,0.0000,1.0000
1998-08-06,22.5000,22.5000,22.5000,22.5000,5.1818,0,0.0000,1.0000
1998-08-05,22.5000,22.5000,22.5000,22.5000,5.1818,0,0.0000,1.0000
1998-08-04,22.5000,22.5000,22.5000,22.5000,5.1818,0,0.0000,1.0000
1998-08-03,22.5000,22.5000,22.5000,22.5000,5.1818,0,0.0000,1.0000
1998-07-31,22.5000,22.5000,22.5000,22.5000,5.1818,0,0.0000,1.0000
1998-07-30,22.5000,22.5000,22.5000,22.5000,5.1818,61,0.0000,1.0000
1998-07-29,21.3800,21.3800,21.3800,21.3800,4.9239,0,0.0000,1.0000
1998-07-28,21.3800,21.3800,21.3800,21.3800,4.9239,0,0.0000,1.0000
1998-07-27,21.3800,21.3800,21.3800,21.3800,4.9239,61,0.0000,1.0000
1998-07-24,22.5000,22.5000,22.2500,22.2500,5.1242,921,0.1050,1.0000
1998-07-23,21.5000,21.5000,21.5000,21.5000,4.9283,0,0.0000,1.0000
1998-07-22,21.5000,21.5000,21.5000,21.5000,4.9283,430,0.0000,1.0000
1998-07-21,21.5000,21.5000,21.5000,21.5000,4.9283,0,0.0000,1.0000
1998-07-20,23.0000,23.0000,21.5000,21.5000,4.9283,246,0.0000,1.0000
1998-07-17,21.5000,21.5000,21.5000,21.5000,4.9283,0,0.0000,1.0000
1998-07-16,21.5000,21.5000,21.5000,21.5000,4.9283,0,0.0000,1.0000
1998-07-15,21.5000,21.5000,21.5000,21.5000,4.9283,246,0.0000,1.0000
1998-07-14,22.0000,22.0000,22.0000,22.0000,5.0429,0,0.0000,1.0000
1998-07-13,22.0000,22.0000,22.0000,22.0000,5.0429,0,0.0000,1.0000
1998-07-10,22.0000,22.0000,22.0000,22.0000,5.0429,0,0.0000,1.0000
1998-07-09,22.0000,22.0000,22.0000,22.0000,5.0429,0,0.0000,1.0000
1998-07-08,22.0000,22.0000,22.0000,22.0000,5.0429,307,0.0000,1.0000
1998-07-07,23.0000,23.0000,23.0000,23.0000,5.2721,0,0.0000,1.0000
1998-07-06,23.0000,23.0000,23.0000,23.0000,5.2721,0,0.0000,1.0000
1998-07-02,23.0000,23.0000,23.0000,23.0000,5.2721,0,0.0000,1.0000
1998-07-01,23.0000,23.0000,23.0000,23.0000,5.2721,0,0.0000,1.0000
1998-06-30,23.0000,23.0000,23.0000,23.0000,5.2721,0,0.0000,1.0000
1998-06-29,23.0000,23.0000,23.0000,23.0000,5.2721,0,0.0000,1.0000
1998-06-26,23.0000,23.0000,23.0000,23.0000,5.2721,0,0.0000,1.0000
1998-06-25,23.0000,23.0000,23.0000,23.0000,5.2721,0,0.0000,1.0000
1998-06-24,23.0000,23.0000,23.0000,23.0000,5.2721,61,0.0000,1.0000
1998-06-23,21.8800,21.8800,21.8800,21.8800,5.0154,0,0.0000,1.0000
1998-06-22,21.8800,21.8800,21.8800,21.8800,5.0154,0,0.0000,1.0000
1998-06-19,21.8800,21.8800,21.8800,21.8800,5.0154,0,0.0000,1.0000
1998-06-18,21.8800,21.8800,21.8800,21.8800,5.0154,0,0.0000,1.0000
1998-06-17,21.8800,21.8800,21.8800,21.8800,5.0154,2026,0.0000,1.0000
1998-06-16,21.5000,21.5000,21.5000,21.5000,4.9283,0,0.0000,1.0000
1998-06-15,21.5000,21.5000,21.5000,21.5000,4.9283,0,0.0000,1.0000
1998-06-12,21.5000,21.5000,21.5000,21.5000,4.9283,61,0.0000,1.0000
1998-06-11,22.5000,22.5000,22.5000,22.5000,5.1575,614,0.0000,1.0000
1998-06-10,22.5000,22.5000,22.5000,22.5000,5.1575,159,0.0000,1.0000
1998-06-09,22.5000,22.5000,22.5000,22.5000,5.1575,0,0.0000,1.0000
1998-06-08,22.5000,22.5000,22.5000,22.5000,5.1575,0,0.0000,1.0000
1998-06-05,22.5000,22.5000,22.5000,22.5000,5.1575,0,0.0000,1.0000
1998-06-04,22.5000,22.5000,22.5000,22.5000,5.1575,0,0.0000,1.0000
1998-06-03,22.5000,22.5000,22.5000,22.5000,5.1575,307,0.0000,1.0000
1998-06-02,21.5000,21.5000,21.5000,21.5000,4.9283,0,0.0000,1.0000
1998-06-01,22.5000,22.5000,21.5000,21.5000,4.9283,184,0.0000,1.0000
1998-05-29,22.5000,22.5000,22.5000,22.5000,5.1575,123,0.0000,1.0000
1998-05-28,22.5000,22.5000,21.5000,22.5000,5.1575,10682,0.0000,1.0000
1998-05-27,21.5000,21.5000,21.5000,21.5000,4.9283,246,0.0000,1.0000
1998-05-26,22.1300,22.5000,22.1300,22.5000,5.1575,5157,0.0000,1.0000
1998-05-22,21.5000,21.5000,21.5000,21.5000,4.9283,246,0.0000,1.0000
1998-05-21,22.5000,22.5000,22.5000,22.5000,5.1575,2394,0.0000,1.0000
1998-05-20,21.7500,21.7500,21.7500,21.7500,4.9856,0,0.0000,1.0000
1998-05-19,21.7500,21.7500,21.7500,21.7500,4.9856,0,0.0000,1.0000
1998-05-18,21.7500,21.7500,21.7500,21.7500,4.9856,0,0.0000,1.0000
1998-05-15,21.7500,21.7500,21.7500,21.7500,4.9856,0,0.0000,1.0000
1998-05-14,21.7500,21.7500,21.7500,21.7500,4.9856,0,0.0000,1.0000
1998-05-13,21.7500,21.7500,21.7500,21.7500,4.9856,0,0.0000,1.0000
1998-05-12,21.7500,21.7500,21.7500,21.7500,4.9856,0,0.0000,1.0000
1998-05-11,21.7500,21.7500,21.7500,21.7500,4.9856,430,0.0000,1.0000
1998-05-08,22.2500,22.2500,22.2500,22.2500,5.1002,0,0.0000,1.0000
1998-05-07,22.2500,22.2500,22.2500,22.2500,5.1002,0,0.0000,1.0000
1998-05-06,22.2500,22.2500,22.2500,22.2500,5.1002,0,0.0000,1.0000
1998-05-05,22.2500,22.2500,22.2500,22.2500,5.1002,0,0.0000,1.0000
1998-05-04,22.2500,22.2500,22.2500,22.2500,5.1002,0,0.0000,1.0000
1998-05-01,22.5000,22.5000,22.2500,22.2500,5.1002,921,0.0000,1.0000
1998-04-30,21.5000,21.5000,21.5000,21.5000,4.9283,0,0.0000,1.0000
1998-04-29,21.5000,21.5000,21.5000,21.5000,4.9283,2947,0.0000,1.0000
1998-04-28,21.6300,21.6300,21.6300,21.6300,4.9581,0,0.0000,1.0000
1998-04-27,21.6300,21.6300,21.6300,21.6300,4.9581,430,0.0000,1.0000
1998-04-24,21.6300,21.6300,21.6300,21.6300,4.9581,0,1.0815,1.0000
1998-04-23,22.5000,22.5000,22.5000,22.5000,4.9119,1105,0.0000,1.0000
1998-04-22,23.2500,23.2500,23.2500,23.2500,5.0756,123,0.0000,1.0000
1998-04-21,22.5000,22.5000,22.5000,22.5000,4.9119,246,0.0000,1.0000
1998-04-20,23.0600,23.0600,23.0600,23.0600,5.0341,430,0.0000,1.0000
1998-04-17,22.5000,22.5000,22.5000,22.5000,4.9119,123,0.0000,1.0000
1998-04-16,22.5000,22.5000,22.5000,22.5000,4.9119,0,0.0000,1.0000
1998-04-15,22.5000,22.5000,22.5000,22.5000,4.9119,123,0.0000,1.0000
1998-04-14,22.7500,22.7500,22.5000,22.5000,4.9119,2087,0.0000,1.0000
1998-04-13,22.7500,22.7500,22.5000,22.5000,4.9119,2087,0.0000,1.0000
1998-04-09,22.5000,22.5000,22.5000,22.5000,4.9119,0,0.0000,1.0000
1998-04-08,22.5000,22.5000,22.5000,22.5000,4.9119,430,0.0000,1.0000
1998-04-07,23.0000,23.0000,23.0000,23.0000,5.0210,0,0.0000,1.0000
1998-04-06,22.5000,23.0000,22.5000,23.0000,5.0210,9147,0.0000,1.0000
1998-04-03,23.0000,23.0000,23.0000,23.0000,5.0210,0,0.0000,1.0000
1998-04-02,23.0000,23.0000,23.0000,23.0000,5.0210,0,0.0000,1.0000
1998-04-01,23.0000,23.0000,23.0000,23.0000,5.0210,0,0.0000,1.0000
1998-03-31,23.0000,23.0000,23.0000,23.0000,5.0210,0,0.0000,1.0000
1998-03-30,23.0000,23.0000,23.0000,23.0000,5.0210,123,0.0000,1.0000
1998-03-27,23.0000,23.0000,23.0000,23.0000,5.0210,0,0.0000,1.0000
1998-03-26,23.0000,23.0000,23.0000,23.0000,5.0210,0,0.0000,1.0000
1998-03-25,23.0000,23.0000,23.0000,23.0000,5.0210,368,0.0000,1.0000
1998-03-24,22.6300,22.7500,22.5000,22.5000,4.9119,27135,0.0000,1.0000
1998-03-23,22.7500,22.7500,22.7500,22.7500,4.9665,553,0.0000,1.0000
1998-03-20,22.5000,22.5000,22.5000,22.5000,4.9119,0,0.0000,1.0000
1998-03-19,22.2500,22.5000,22.2500,22.5000,4.9119,3990,0.0000,1.0000
1998-03-18,22.5000,22.5000,22.5000,22.5000,4.9119,246,0.0000,1.0000
1998-03-17,22.2500,22.5000,22.2500,22.5000,4.9119,2149,0.0000,1.0000
1998-03-16,22.2500,22.2500,22.2500,22.2500,4.8573,246,0.0000,1.0000
1998-03-13,22.2500,22.2500,22.2500,22.2500,4.8573,0,0.0000,1.0000
1998-03-12,22.2500,22.2500,22.2500,22.2500,4.8573,0,0.0000,1.0000
1998-03-11,22.2500,22.2500,22.2500,22.2500,4.8573,0,0.0000,1.0000
1998-03-10,22.2500,22.2500,22.2500,22.2500,4.8573,0,0.0000,1.0000
1998-03-09,22.2500,22.5000,22.2500,22.2500,4.8573,9147,0.0000,1.0000
1998-03-06,22.7500,22.7500,22.7500,22.7500,4.9665,246,0.0000,1.0000
1998-03-05,22.2500,22.2500,22.2500,22.2500,4.8573,0,0.0000,1.0000
1998-03-04,22.2500,22.2500,22.2500,22.2500,4.8573,368,0.0000,1.0000
1998-03-03,23.0000,23.0000,23.0000,23.0000,5.0210,184,0.0000,1.0000
1998-03-02,23.0000,23.0000,23.0000,23.0000,5.0210,0,0.0000,1.0000
1998-02-27,23.0000,23.0000,23.0000,23.0000,5.0210,123,0.0000,1.0000
1998-02-26,23.2500,23.2500,23.2500,23.2500,5.0756,0,0.0000,1.0000
1998-02-25,23.2500,23.2500,23.2500,23.2500,5.0756,0,0.0000,1.0000
1998-02-24,23.2500,23.2500,23.2500,23.2500,5.0756,0,0.0000,1.0000
1998-02-23,23.2500,23.2500,23.2500,23.2500,5.0756,0,0.0000,1.0000
1998-02-20,23.2500,23.2500,23.2500,23.2500,5.0756,61,0.0000,1.0000
1998-02-19,23.2500,23.2500,23.2500,23.2500,5.0756,0,0.0000,1.0000
1998-02-18,23.2500,23.2500,23.2500,23.2500,5.0756,0,0.0000,1.0000
1998-02-17,23.2500,23.2500,23.2500,23.2500,5.0756,246,0.0000,1.0000
1998-02-13,22.7500,22.7500,22.7500,22.7500,4.9665,307,0.0000,1.0000
1998-02-12,22.7500,23.0000,22.2500,23.0000,5.0210,7306,0.0000,1.0000
1998-02-11,23.2500,23.2500,22.0000,22.0000,4.8027,2149,0.0000,1.0000
1998-02-10,22.7500,22.7500,22.7500,22.7500,4.9665,0,0.0000,1.0000
1998-02-09,22.7500,22.7500,22.0000,22.7500,4.9665,2210,0.0000,1.0000
1998-02-06,23.0000,23.0000,22.0000,22.0000,4.8027,123,0.0000,1.0000
1998-02-05,22.0000,22.0000,22.0000,22.0000,4.8027,0,0.0000,1.0000
1998-02-04,22.0000,22.0000,22.0000,22.0000,4.8027,0,0.0000,1.0000
1998-02-03,22.0000,22.0000,22.0000,22.0000,4.8027,0,0.0000,1.0000
1998-02-02,23.5000,23.5000,22.0000,22.0000,4.8027,184,0.0000,1.0000
1998-01-30,23.5000,23.5000,22.5000,23.2500,5.0756,6569,0.0000,1.0000
1998-01-29,22.5000,22.5000,22.5000,22.5000,4.9119,2087,0.0000,1.0000
1998-01-28,22.2500,22.2500,22.2500,22.2500,4.8573,0,0.0000,1.0000
1998-01-27,22.2500,22.2500,22.2500,22.2500,4.8573,0,0.0000,1.0000
1998-01-26,44.5000,44.5000,44.5000,44.5000,9.7146,0,0.0000,1.0000
1998-01-23,44.5000,44.5000,44.5000,44.5000,9.7146,0,0.1000,1.0000
1998-01-22,44.5000,44.5000,44.5000,44.5000,9.6929,0,0.0000,1.0000
1998-01-21,44.5000,44.5000,44.5000,44.5000,9.6929,0,0.0000,1.0000
1998-01-20,44.5000,44.5000,44.5000,44.5000,9.6929,0,0.0000,1.0000
1998-01-16,44.5000,44.5000,44.5000,44.5000,9.6929,0,0.0000,1.0000
1998-01-15,44.5000,44.5000,44.5000,44.5000,9.6929,0,0.0000,1.0000
1998-01-14,44.5000,44.5000,44.5000,44.5000,9.6929,0,0.0000,1.0000
1998-01-13,44.5000,44.5000,44.5000,44.5000,9.6929,0,0.0000,1.0000
1998-01-12,44.5000,44.5000,44.5000,44.5000,9.6929,0,0.0000,1.0000
1998-01-09,44.5000,44.5000,44.5000,44.5000,9.6929,0,0.0000,1.0000
1998-01-08,44.5000,44.5000,44.5000,44.5000,9.6929,0,0.0000,1.0000
1998-01-07,44.5000,44.5000,44.5000,44.5000,9.6929,0,0.0000,1.0000
1998-01-06,44.5000,44.5000,44.5000,44.5000,9.6929,0,0.0000,1.0000
1998-01-05,44.5000,44.5000,44.5000,44.5000,9.6929,0,0.0000,1.0000
1998-01-02,44.5000,44.5000,44.5000,44.5000,9.6929,0,0.0000,1.0000
