timestamp,open,high,low,close,adjusted_close,volume,dividend_amount,split_coefficient
2019-07-30,45.0600,45.0600,44.5600,44.5600,44.5600,4732,0.0000,1.0000
2019-07-29,45.4918,45.5900,44.8900,44.9600,44.9600,13559,0.0000,1.0000
2019-07-26,44.6100,45.8800,44.6100,45.6000,45.6000,19475,0.0000,1.0000
2019-07-25,45.2800,45.2800,44.5718,44.5800,44.5800,8206,0.0000,1.0000
2019-07-24,44.0800,45.3300,44.0800,45.0200,45.0200,42812,0.0000,1.0000
2019-07-23,44.2100,44.6300,44.1000,44.5200,44.5200,16125,0.0000,1.0000
2019-07-22,44.9400,44.9400,44.1150,44.4500,44.4500,26149,0.0000,1.0000
2019-07-19,44.7300,45.1000,44.6900,44.7200,44.7200,5737,0.0000,1.0000
2019-07-18,44.4100,45.5300,44.3000,45.0200,45.0200,11329,0.0000,1.0000
2019-07-17,44.2800,44.5000,43.9341,44.2600,44.2600,8731,0.0000,1.0000
2019-07-16,44.2900,44.2900,43.5900,44.1200,44.1200,9475,0.0000,1.0000
2019-07-15,45.1300,45.1500,44.1100,44.1400,44.1400,9879,0.0000,1.0000
2019-07-12,45.0800,45.4100,44.6200,45.0800,45.0800,18360,0.0000,1.0000
2019-07-11,45.0500,45.0500,44.5500,44.8300,44.8300,14792,0.0000,1.0000
2019-07-10,45.1700,45.2700,44.5600,44.8200,44.8200,8374,0.0000,1.0000
2019-07-09,45.3500,45.5850,44.9900,45.0300,45.0300,19164,0.0000,1.0000
2019-07-08,45.2100,45.5800,44.9600,45.4900,45.4900,36186,0.0000,1.0000
2019-07-05,45.0000,45.4700,44.6800,45.1600,45.1600,88970,0.0000,1.0000
2019-07-03,44.5900,45.0000,44.5900,44.9000,44.9000,9736,0.0000,1.0000
2019-07-02,44.7800,45.0000,44.4650,44.8700,44.8700,12111,0.0000,1.0000
2019-07-01,44.5100,45.0450,44.5100,45.0000,45.0000,34634,0.0000,1.0000
2019-06-28,44.0000,44.6400,43.0700,44.4700,44.4700,513654,0.0000,1.0000
2019-06-27,43.4600,44.3900,43.4600,44.0000,44.0000,58281,0.0000,1.0000
2019-06-26,43.9528,44.0900,43.4800,43.7900,43.7900,26368,0.0000,1.0000
2019-06-25,44.0900,44.2200,43.5640,43.8800,43.8800,22353,0.0000,1.0000
2019-06-24,45.0000,45.0000,43.8400,43.8800,43.8800,16852,0.0000,1.0000
2019-06-21,44.9700,46.0000,44.2000,45.1000,45.1000,49891,0.0000,1.0000
2019-06-20,44.9300,44.9300,44.2300,44.5000,44.5000,9980,0.0000,1.0000
2019-06-19,44.8100,45.6500,44.8100,45.0500,45.0500,25316,0.0000,1.0000
2019-06-18,44.7800,45.0000,44.6800,44.9000,44.9000,25296,0.0000,1.0000
2019-06-17,44.9900,45.0000,44.5500,44.8500,44.8500,13725,0.0000,1.0000
2019-06-14,45.0000,45.0950,44.5700,44.8400,44.8400,43687,0.0000,1.0000
2019-06-13,45.0000,45.4900,44.8400,44.8400,44.8400,34165,0.0000,1.0000
2019-06-12,45.0000,45.3500,44.8600,45.3500,45.3500,29044,0.0000,1.0000
2019-06-11,45.0000,45.0500,44.5000,44.7650,44.7650,13620,0.0000,1.0000
2019-06-10,44.6900,45.2500,44.6700,45.0000,45.0000,15791,0.0000,1.0000
2019-06-07,43.7500,44.5700,43.7500,44.4800,44.4800,10796,0.0000,1.0000
2019-06-06,43.0000,44.2100,42.6100,44.1800,44.1800,265380,0.0000,1.0000
2019-06-05,41.2500,42.3700,41.2500,41.7000,41.7000,5405,0.0000,1.0000
2019-06-04,42.1400,42.4900,41.3600,41.5500,41.5500,1431,0.0700,1.0000
2019-06-03,41.3250,42.4400,40.3160,42.4000,42.3287,3849,0.0000,1.0000
2019-05-31,41.3800,42.3800,41.3800,42.3800,42.3087,3320,0.0000,1.0000
2019-05-30,42.5000,42.5000,40.6198,42.5000,42.4285,2542,0.0000,1.0000
2019-05-29,40.8850,41.7800,40.4400,41.7300,41.6598,2854,0.0000,1.0000
2019-05-28,42.9900,42.9900,40.1200,40.4200,40.3520,10746,0.0000,1.0000
2019-05-24,42.9600,43.0000,41.0100,41.8000,41.7297,4221,0.0000,1.0000
2019-05-23,42.9400,42.9400,40.5700,42.0000,41.9294,3910,0.0000,1.0000
2019-05-22,43.0000,43.0000,42.1200,42.8950,42.8229,2885,0.0000,1.0000
2019-05-21,44.2100,46.8600,42.1600,42.1600,42.0891,20104,0.0000,1.0000
2019-05-20,42.0000,44.4300,41.9000,42.5100,42.4385,4854,0.0000,1.0000
2019-05-17,42.0000,42.7000,40.6100,42.1900,42.1190,3743,0.0000,1.0000
2019-05-16,40.7200,42.1200,40.7200,41.6800,41.6099,2833,0.0000,1.0000
2019-05-15,40.9900,42.6950,40.3200,41.3300,41.2605,5641,0.0000,1.0000
2019-05-14,39.8000,41.2400,39.0000,41.2400,41.1706,4920,0.0000,1.0000
2019-05-13,38.5200,40.1200,38.5200,40.0800,40.0126,2639,0.0000,1.0000
2019-05-10,40.0000,40.2500,38.2600,38.6800,38.6149,8266,0.0000,1.0000
2019-05-09,40.0000,40.0000,38.3200,39.2300,39.1640,2013,0.0000,1.0000
2019-05-08,38.7600,39.6300,38.2950,38.2950,38.2306,3502,0.0000,1.0000
2019-05-07,40.0000,40.0000,38.3300,39.0400,38.9743,3254,0.0000,1.0000
2019-05-06,40.0000,40.0000,38.7601,39.7600,39.6931,4453,0.0000,1.0000
2019-05-03,40.0000,40.4900,39.7200,39.7200,39.6532,2832,0.0000,1.0000
2019-05-02,40.5800,40.5800,39.5300,40.5000,40.4319,5667,0.0000,1.0000
2019-05-01,40.5000,40.6500,39.6500,39.6500,39.5833,6922,0.0000,1.0000
2019-04-30,38.2700,41.5500,38.1600,40.9800,40.9111,22768,0.0000,1.0000
2019-04-29,38.9400,39.4000,38.5900,39.3700,39.3038,3024,0.0000,1.0000
2019-04-26,38.9800,39.0000,37.8543,38.9400,38.8745,2226,0.0000,1.0000
2019-04-25,38.0000,39.4000,38.0000,39.2850,39.2189,3100,0.0000,1.0000
2019-04-24,38.5700,38.5700,38.1600,38.1600,38.0958,1358,0.0000,1.0000
2019-04-23,38.3000,38.4730,37.6350,38.0000,37.9361,6320,0.0000,1.0000
2019-04-22,38.8500,38.8500,37.6101,38.8500,38.7847,1344,0.0000,1.0000
2019-04-18,38.8200,38.8200,37.7850,38.6500,38.5850,1595,0.0000,1.0000
2019-04-17,38.2650,38.8800,38.1100,38.1100,38.0459,3172,0.0000,1.0000
2019-04-16,38.5050,38.9400,37.9800,38.4000,38.3354,3288,0.0000,1.0000
2019-04-15,38.5000,39.3500,37.9600,38.8700,38.8046,7815,0.0000,1.0000
2019-04-12,39.1000,39.4000,38.3380,39.4000,39.3337,6169,0.0000,1.0000
2019-04-11,38.7000,41.0000,38.7000,38.7100,38.6449,8964,0.0000,1.0000
2019-04-10,38.0000,38.3750,37.5350,38.0400,37.9760,7551,0.0000,1.0000
2019-04-09,37.7090,38.5200,37.7090,38.3500,38.2855,3135,0.0000,1.0000
2019-04-08,38.2800,38.2800,37.6000,38.0000,37.9361,5265,0.0000,1.0000
2019-04-05,38.0900,38.3100,38.0900,38.3100,38.2456,622,0.0000,1.0000
2019-04-04,37.9000,38.4000,37.8000,37.9900,37.9261,3206,0.0000,1.0000
2019-04-03,38.6900,38.7000,38.4400,38.4800,38.4153,4088,0.0000,1.0000
2019-04-02,38.2900,38.7000,37.5273,38.6000,38.5351,11362,0.0000,1.0000
2019-04-01,36.8100,38.7000,36.8100,38.1250,38.0609,9117,0.0000,1.0000
2019-03-29,38.5500,38.5758,37.7700,37.7700,37.7065,4312,0.0000,1.0000
2019-03-28,37.7500,38.7500,37.5100,38.7050,38.6399,21682,0.0000,1.0000
2019-03-27,37.7600,38.7000,37.6200,37.6200,37.5567,2902,0.0000,1.0000
2019-03-26,38.5000,38.5400,37.8300,38.4500,38.3853,6105,0.0000,1.0000
2019-03-25,36.6000,38.7000,36.2270,37.5300,37.4669,6282,0.0000,1.0000
2019-03-22,37.5000,37.5000,36.6900,37.4000,37.3371,2216,0.0000,1.0000
2019-03-21,38.7000,38.7000,37.6200,37.6200,37.5567,1343,0.0000,1.0000
2019-03-20,36.9213,38.7000,36.5001,38.4000,38.3354,3353,0.0000,1.0000
2019-03-19,38.3000,38.7000,37.0400,37.2800,37.2173,5137,0.0000,1.0000
2019-03-18,38.4700,38.4700,37.3014,37.7500,37.6865,6295,0.0000,1.0000
2019-03-15,38.7000,38.7500,37.3174,38.7500,38.6848,11218,0.0000,1.0000
2019-03-14,36.8300,38.2500,36.8300,38.2500,38.1857,1289,0.0700,1.0000
2019-03-13,37.5000,38.2500,37.0000,37.5000,37.3685,23054,0.0000,1.0000
2019-03-12,38.0000,38.0000,37.3400,37.4900,37.3586,4090,0.0000,1.0000
2019-03-11,38.7500,38.7500,38.7200,38.7200,38.5843,781,0.0000,1.0000
2019-03-08,38.2500,38.7500,37.0150,38.6850,38.5494,4805,0.0000,1.0000
2019-03-07,37.4800,38.0000,37.4800,37.9800,37.8469,3438,0.0000,1.0000
2019-03-06,38.2500,38.2500,37.0300,37.9100,37.7771,2638,0.0000,1.0000
2019-03-05,36.0000,38.4900,35.5001,37.9000,37.7671,7113,0.0000,1.0000
2019-03-04,38.7500,38.7500,38.6850,38.6850,38.5494,2398,0.0000,1.0000
2019-03-01,39.7100,39.7100,38.9000,39.0000,38.8633,8471,0.0000,1.0000
2019-02-28,39.5000,39.5000,37.8300,39.0000,38.8633,4546,0.0000,1.0000
2019-02-27,40.8100,40.8100,38.8500,39.0000,38.8633,7652,0.0000,1.0000
2019-02-26,39.3500,39.5000,38.5000,39.3600,39.2220,4405,0.0000,1.0000
2019-02-25,39.5000,39.5000,39.4500,39.4500,39.3117,980,0.0000,1.0000
2019-02-22,38.9500,39.5000,36.6928,39.3400,39.2021,6521,0.0000,1.0000
2019-02-21,38.9500,38.9500,38.7400,38.8900,38.7537,2257,0.0000,1.0000
2019-02-20,39.5000,39.5000,38.2100,38.2100,38.0761,2641,0.0000,1.0000
2019-02-19,39.5000,39.5000,35.8001,39.1300,38.9928,10545,0.0000,1.0000
2019-02-15,39.0000,40.9950,38.4500,39.1100,38.9729,9564,0.0000,1.0000
2019-02-14,39.5000,39.5000,38.2100,38.5100,38.3750,2206,0.0000,1.0000
2019-02-13,39.8000,41.5000,38.7500,40.1000,39.9594,5343,0.0000,1.0000
2019-02-12,38.0000,42.0000,37.9500,39.1500,39.0128,4031,0.0000,1.0000
2019-02-11,38.8000,39.7000,38.2000,38.2000,38.0661,1665,0.0000,1.0000
2019-02-08,38.0000,40.1950,37.8900,39.2100,39.0725,4877,0.0000,1.0000
2019-02-07,37.2000,37.9800,37.2000,37.9800,37.8469,929,0.0000,1.0000
2019-02-06,37.4900,37.9450,36.9400,37.9450,37.8120,1683,0.0000,1.0000
2019-02-05,37.0000,37.4850,36.5100,36.5100,36.3820,1117,0.0000,1.0000
2019-02-04,37.4900,37.7500,37.0700,37.1700,37.0397,9676,0.0000,1.0000
2019-02-01,36.7800,37.7400,36.7800,37.2500,37.1194,3184,0.0000,1.0000
2019-01-31,38.0000,38.0000,35.0100,36.7800,36.6511,4368,0.0000,1.0000
2019-01-30,34.6177,36.0800,34.4127,35.8800,35.7542,5905,0.0000,1.0000
2019-01-29,34.2000,35.6800,34.2000,35.6700,35.5450,1566,0.0000,1.0000
2019-01-28,35.0700,35.2300,34.1700,34.1900,34.0701,3118,0.0000,1.0000
2019-01-25,33.1500,34.0950,32.9500,34.0000,33.8808,7577,0.0000,1.0000
2019-01-24,33.8900,34.0000,33.8900,34.0000,33.8808,1457,0.0000,1.0000
2019-01-23,32.0000,33.9200,32.0000,33.9200,33.8011,4504,0.0000,1.0000
2019-01-22,32.0100,32.5000,32.0000,32.0700,31.9576,4015,0.0000,1.0000
2019-01-18,31.4800,32.4191,31.4800,32.4191,32.3055,4813,0.0000,1.0000
2019-01-17,31.4973,31.5000,31.0150,31.0700,30.9611,2358,0.0000,1.0000
2019-01-16,31.0300,31.0300,31.0300,31.0300,30.9212,286,0.0000,1.0000
2019-01-15,30.7500,31.0000,30.7500,30.8600,30.7518,8282,0.0000,1.0000
2019-01-14,31.0000,31.0000,30.7300,31.0000,30.8913,16018,0.0000,1.0000
2019-01-11,30.9900,31.0000,30.7500,30.7500,30.6422,3165,0.0000,1.0000
2019-01-10,30.5000,30.9900,30.5000,30.9800,30.8714,47333,0.0000,1.0000
2019-01-09,30.5000,30.5050,30.5000,30.5000,30.3931,409,0.0000,1.0000
2019-01-08,30.5000,30.9600,29.5000,30.5100,30.4030,27088,0.0000,1.0000
2019-01-07,28.9440,30.2400,28.4400,30.0100,29.9048,6624,0.0000,1.0000
2019-01-04,28.1135,29.6000,28.0000,29.0100,28.9083,5998,0.0000,1.0000
2019-01-03,28.0000,28.0000,26.6100,28.0000,27.9018,2860,0.0000,1.0000
2019-01-02,28.4900,29.1200,28.0000,28.0000,27.9018,17194,0.0000,1.0000
2018-12-31,27.3000,28.4900,27.1600,28.4900,28.3901,1312,0.0000,1.0000
2018-12-28,26.0100,29.0000,26.0100,26.9600,26.8655,11393,0.0000,1.0000
2018-12-27,30.0000,30.8900,25.8400,25.8400,25.7494,12589,0.0000,1.0000
2018-12-26,30.0000,31.0699,30.0000,30.0000,29.8948,4613,0.0000,1.0000
2018-12-24,29.5200,29.8700,29.5200,29.8000,29.6955,391,0.0000,1.0000
2018-12-21,30.1000,30.3000,29.5000,30.0000,29.8948,6116,0.0000,1.0000
2018-12-20,30.0400,30.3149,29.5000,30.0000,29.8948,6796,0.0000,1.0000
2018-12-19,30.2600,30.3900,29.8500,30.3900,30.2835,1468,0.0000,1.0000
2018-12-18,31.2500,31.2900,31.1300,31.1300,31.0209,28924,0.0000,1.0000
2018-12-17,31.4300,31.4300,31.4300,31.4300,31.3198,100,0.0000,1.0000
2018-12-14,32.4200,32.4200,32.4200,32.4200,32.3064,186,0.0000,1.0000
2018-12-13,33.3300,33.8000,32.7400,32.7400,32.6252,3018,0.0000,1.0000
2018-12-12,32.2500,33.1500,32.2500,32.8000,32.6850,1748,0.0000,1.0000
2018-12-11,32.7600,34.9868,32.7600,33.0000,32.8843,1794,0.0000,1.0000
2018-12-10,33.9400,34.7600,33.3600,33.5000,33.3826,2129,0.0000,1.0000
2018-12-07,33.6200,34.6900,33.6200,34.6700,34.5485,8157,0.0000,1.0000
2018-12-06,32.6100,32.6100,32.6100,32.6100,32.4957,393,0.0000,1.0000
2018-12-04,33.8100,34.0000,33.5400,33.5400,33.4224,798,0.0000,1.0000
2018-12-03,35.0200,35.2500,34.0200,34.2200,34.1000,5509,0.0000,1.0000
2018-11-30,34.8140,35.0400,34.2000,34.2000,34.0801,2773,0.0000,1.0000
2018-11-29,34.8500,34.8500,34.8500,34.8500,34.7278,206,0.0000,1.0000
2018-11-28,35.0700,35.1600,34.8500,34.8500,34.7278,2658,0.0700,1.0000
2018-11-27,35.2500,35.2500,34.7500,34.7500,34.5588,2793,0.0000,1.0000
2018-11-26,35.2300,35.4100,34.5000,34.9500,34.7577,5740,0.0000,1.0000
2018-11-23,35.9500,36.0600,34.8200,34.8200,34.6284,943,0.0000,1.0000
2018-11-21,35.3700,35.3700,35.3700,35.3700,35.1754,551,0.0000,1.0000
2018-11-20,34.1900,35.1450,33.9708,34.8000,34.6085,4417,0.0000,1.0000
2018-11-19,34.2500,35.3600,34.0000,35.3600,35.1654,3195,0.0000,1.0000
2018-11-16,34.0100,34.5990,34.0000,34.1200,33.9322,6869,0.0000,1.0000
2018-11-15,33.5500,34.2472,33.5500,34.0000,33.8129,101877,0.0000,1.0000
2018-11-14,33.8200,34.3200,33.7500,33.7500,33.5643,59618,0.0000,1.0000
2018-11-13,34.5900,34.5900,34.1250,34.1250,33.9372,498,0.0000,1.0000
2018-11-12,34.0600,34.0600,34.0000,34.0000,33.8129,795,0.0000,1.0000
2018-11-09,33.8000,34.0000,33.8000,34.0000,33.8129,1326,0.0000,1.0000
2018-11-08,34.2600,34.7850,33.8000,33.8000,33.6140,2088,0.0000,1.0000
2018-11-07,34.0000,34.7600,34.0000,34.0900,33.9024,1245,0.0000,1.0000
2018-11-06,34.1400,34.7400,34.0200,34.3400,34.1510,2014,0.0000,1.0000
2018-11-05,34.4973,34.9400,33.9500,33.9500,33.7632,2198,0.0000,1.0000
2018-11-02,34.6000,34.6000,33.8000,34.0000,33.8129,2177,0.0000,1.0000
2018-11-01,34.7700,35.3800,34.7500,34.7500,34.5588,4384,0.0000,1.0000
2018-10-31,35.1700,35.4200,34.3800,34.3800,34.1908,1614,0.0000,1.0000
2018-10-30,33.9900,34.5400,33.2100,34.5400,34.3499,1516,0.0000,1.0000
2018-10-29,35.4500,35.5900,34.0300,34.0900,33.9024,3809,0.0000,1.0000
2018-10-26,35.3000,35.3900,34.4600,34.4600,34.2704,8750,0.0000,1.0000
2018-10-25,35.0400,35.8200,35.0400,35.5000,35.3046,2272,0.0000,1.0000
2018-10-24,35.7500,35.9700,35.2500,35.2500,35.0560,12436,0.0000,1.0000
2018-10-23,36.0000,36.3700,35.7500,35.8500,35.6527,50606,0.0000,1.0000
2018-10-22,36.0000,36.3200,35.7500,36.0000,35.8019,39891,0.0000,1.0000
2018-10-19,36.3801,36.6900,36.0000,36.0000,35.8019,2614,0.0000,1.0000
2018-10-18,36.2400,36.5700,36.0000,36.0600,35.8616,14704,0.0000,1.0000
2018-10-17,36.5000,37.3200,35.5000,36.5000,36.2991,5798,0.0000,1.0000
2018-10-16,36.5300,38.3000,36.5300,36.6100,36.4085,6974,0.0000,1.0000
2018-10-15,36.5000,36.5500,36.4600,36.5000,36.2991,1384,0.0000,1.0000
2018-10-12,37.0800,37.9999,36.5000,36.5000,36.2991,3233,0.0000,1.0000
2018-10-11,37.2000,37.2500,37.1000,37.1000,36.8958,1943,0.0000,1.0000
2018-10-10,37.2500,38.2900,36.5500,36.5500,36.3489,1587,0.0000,1.0000
2018-10-09,36.8600,38.2400,36.8600,37.1900,36.9853,1911,0.0000,1.0000
2018-10-08,37.0000,38.2300,36.6000,36.6100,36.4085,1970,0.0000,1.0000
2018-10-05,36.9900,37.5000,36.7500,37.0000,36.7964,8350,0.0000,1.0000
2018-10-04,37.4500,37.5000,36.5100,36.5100,36.3091,9558,0.0000,1.0000
2018-10-03,36.9600,37.0000,36.6746,36.6746,36.4728,2316,0.0000,1.0000
2018-10-02,36.4900,36.9900,36.4900,36.7000,36.4980,3792,0.0000,1.0000
2018-10-01,36.9000,36.9000,36.2300,36.2300,36.0306,745,0.0000,1.0000
2018-09-28,36.5730,36.9000,36.5730,36.9000,36.6969,7043,0.0000,1.0000
2018-09-27,36.8270,36.9000,36.5000,36.5000,36.2991,1659,0.0000,1.0000
2018-09-26,36.4500,37.0000,36.4500,37.0000,36.7964,3990,0.0000,1.0000
2018-09-25,36.5500,36.9000,36.0500,36.0500,35.8516,2345,0.0000,1.0000
2018-09-24,36.6000,36.6000,36.3000,36.6000,36.3986,2698,0.0000,1.0000
2018-09-21,36.2500,36.4500,35.7500,36.2500,36.0505,18440,0.0000,1.0000
2018-09-20,36.0000,36.4500,35.8500,35.9000,35.7024,3312,0.0000,1.0000
2018-09-19,36.0000,36.8000,36.0000,36.0000,35.8019,2688,0.0000,1.0000
2018-09-18,36.9000,36.9000,36.0000,36.0000,35.8019,2689,0.0000,1.0000
2018-09-17,35.9500,36.4000,35.1000,36.0000,35.8019,8255,0.0000,1.0000
2018-09-14,35.4000,35.8000,35.4000,35.5500,35.3544,6337,0.0000,1.0000
2018-09-13,35.5000,35.5000,35.0000,35.0500,34.8571,3002,0.0000,1.0000
2018-09-12,35.2000,35.4500,34.8500,35.2000,35.0063,2839,0.0000,1.0000
2018-09-11,34.7500,35.5000,34.7500,34.8500,34.6582,4220,0.0000,1.0000
2018-09-10,35.4000,35.4000,34.8000,34.8000,34.6085,2626,0.0000,1.0000
2018-09-07,35.0500,35.3000,35.0500,35.3000,35.1057,2570,0.0000,1.0000
2018-09-06,34.9000,35.2500,34.9000,35.0000,34.8074,3967,0.0700,1.0000
2018-09-05,34.5000,35.2500,34.5000,34.9000,34.6387,2915,0.0000,1.0000
2018-09-04,34.2500,34.7500,34.2500,34.5000,34.2417,1732,0.0000,1.0000
2018-08-31,34.1000,34.4000,34.1000,34.4000,34.1424,392,0.0000,1.0000
2018-08-30,34.1000,34.4500,34.1000,34.2500,33.9935,3811,0.0000,1.0000
2018-08-29,35.3237,35.3237,34.2500,34.2500,33.9935,1342,0.0000,1.0000
2018-08-28,34.5000,34.5000,34.3000,34.3000,34.0432,1450,0.0000,1.0000
2018-08-27,34.2500,35.0000,34.2500,34.5000,34.2417,2915,0.0000,1.0000
2018-08-24,34.2500,34.7000,34.2500,34.3000,34.0432,3326,0.0000,1.0000
2018-08-23,34.2500,34.3250,34.2500,34.3000,34.0432,701,0.0000,1.0000
2018-08-22,34.4000,34.5807,34.2500,34.5807,34.3218,3132,0.0000,1.0000
2018-08-21,34.1000,35.0000,34.1000,34.5000,34.2417,1664,0.0000,1.0000
2018-08-20,34.1000,34.1000,34.1000,34.1000,33.8447,493,0.0000,1.0000
2018-08-17,34.0500,34.3000,34.0500,34.3000,34.0432,1154,0.0000,1.0000
2018-08-16,34.3000,34.4000,34.2500,34.2500,33.9935,2063,0.0000,1.0000
2018-08-15,33.9800,34.5000,33.9800,34.3000,34.0432,1969,0.0000,1.0000
2018-08-14,34.2550,34.3000,34.2550,34.3000,34.0432,3237,0.0000,1.0000
2018-08-13,34.4500,34.5000,33.6500,34.2500,33.9935,7518,0.0000,1.0000
2018-08-10,34.5900,34.5900,34.5900,34.5900,34.3310,1256,0.0000,1.0000
2018-08-09,34.5000,34.7500,34.5000,34.7500,34.4898,2778,0.0000,1.0000
2018-08-08,34.5000,34.5000,34.5000,34.5000,34.2417,883,0.0000,1.0000
2018-08-07,34.2000,34.2500,34.2000,34.2500,33.9935,2950,0.0000,1.0000
2018-08-06,33.9750,34.1000,33.8500,34.0000,33.7454,2325,0.0000,1.0000
2018-08-03,33.5500,34.3250,33.5500,34.3000,34.0432,9186,0.0000,1.0000
2018-08-02,34.8166,34.8166,34.0000,34.0000,33.7454,1443,0.0000,1.0000
2018-08-01,34.6624,34.7171,33.8000,33.8000,33.5469,2862,0.0000,1.0000
2018-07-31,33.4600,34.2000,33.4200,33.7000,33.4477,4189,0.0000,1.0000
2018-07-30,33.5000,33.5000,33.2163,33.3000,33.0506,1429,0.0000,1.0000
2018-07-27,33.2203,34.0747,33.2203,34.0747,33.8195,966,0.0000,1.0000
2018-07-26,33.2203,34.6500,33.2203,34.4500,34.1920,1727,0.0000,1.0000
2018-07-25,34.4050,34.9753,34.1500,34.6000,34.3409,3397,0.0000,1.0000
2018-07-24,33.1500,34.8000,32.2850,34.8000,34.5394,10962,0.0000,1.0000
2018-07-23,33.0500,33.4000,33.0500,33.2500,33.0010,2614,0.0000,1.0000
2018-07-20,33.4500,33.4500,33.1000,33.1000,32.8521,309,0.0000,1.0000
2018-07-19,34.2000,34.2000,33.0500,33.0500,32.8025,1695,0.0000,1.0000
2018-07-18,32.8000,34.9000,32.8000,33.5000,33.2491,5741,0.0000,1.0000
2018-07-17,33.4500,35.0000,33.4500,33.9000,33.6462,1724,0.0000,1.0000
2018-07-16,34.4000,34.4000,34.4000,34.4000,34.1424,350,0.0000,1.0000
2018-07-13,34.7000,35.0500,33.6750,34.4000,34.1424,5395,0.0000,1.0000
2018-07-12,35.1000,35.6000,34.5500,34.7000,34.4402,3631,0.0000,1.0000
2018-07-11,35.3000,35.5500,34.0000,34.9500,34.6883,2867,0.0000,1.0000
2018-07-10,34.5500,35.2000,34.5000,34.7500,34.4898,3810,0.0000,1.0000
2018-07-09,35.9500,36.5000,34.6600,35.3000,35.0357,6719,0.0000,1.0000
2018-07-06,32.9250,36.5100,32.9250,35.7500,35.4823,4664,0.0000,1.0000
2018-07-05,34.2000,35.0000,31.4000,34.6000,34.3409,6415,0.0000,1.0000
2018-07-03,34.7780,35.1500,34.5000,34.5000,34.2417,3530,0.0000,1.0000
2018-07-02,34.1500,35.4500,34.0000,34.5500,34.2913,13047,0.0000,1.0000
2018-06-29,34.6000,35.0500,33.8000,35.0500,34.7875,8189,0.0000,1.0000
2018-06-28,33.7750,34.8982,33.7750,34.6250,34.3657,4759,0.0000,1.0000
2018-06-27,34.9500,35.6600,34.2750,34.7500,34.4898,20234,0.0000,1.0000
2018-06-26,34.7500,35.9500,34.7250,35.3500,35.0853,6899,0.0000,1.0000
2018-06-25,34.6000,35.7000,34.6000,35.3500,35.0853,11268,0.0000,1.0000
2018-06-22,35.1000,35.7000,34.5000,35.0000,34.7379,293254,0.0000,1.0000
2018-06-21,35.4000,35.4500,34.5500,34.7500,34.4898,12494,0.0000,1.0000
2018-06-20,34.8500,35.7000,34.5500,34.9500,34.6883,11408,0.0000,1.0000
2018-06-19,35.0500,35.2500,34.6000,34.9000,34.6387,7415,0.0000,1.0000
2018-06-18,35.3500,35.8000,34.7500,35.1500,34.8868,9036,0.0000,1.0000
2018-06-15,35.2000,35.7500,34.6500,35.6000,35.3334,20481,0.0000,1.0000
2018-06-14,36.0500,36.0500,35.1500,35.2500,34.9860,5247,0.0000,1.0000
2018-06-13,35.6000,36.7000,35.6000,36.1500,35.8793,7499,0.0000,1.0000
2018-06-12,35.5000,36.3500,35.5000,36.0000,35.7304,22156,0.0000,1.0000
2018-06-11,35.3500,35.9000,35.3500,35.7500,35.4823,8780,0.0000,1.0000
2018-06-08,35.9250,35.9500,35.5000,35.5000,35.2342,4562,0.0000,1.0000
2018-06-07,35.5000,35.9050,35.5000,35.8000,35.5319,6688,0.0700,1.0000
2018-06-06,36.0000,36.0000,35.5000,35.5000,35.1654,10317,0.0000,1.0000
2018-06-05,36.0000,36.3500,35.9050,35.9500,35.6112,7962,0.0000,1.0000
2018-06-04,36.4000,36.4500,36.0000,36.2000,35.8588,4123,0.0000,1.0000
2018-06-01,36.1500,36.2500,35.9000,36.2000,35.8588,6005,0.0000,1.0000
2018-05-31,36.0500,36.2500,35.8250,36.0500,35.7102,6632,0.0000,1.0000
2018-05-30,35.8000,35.9000,35.7000,35.7000,35.3635,3393,0.0000,1.0000
2018-05-29,35.6261,36.4000,35.5500,35.7500,35.4131,5771,0.0000,1.0000
2018-05-25,36.1500,36.2750,35.9500,36.1500,35.8093,2361,0.0000,1.0000
2018-05-24,35.9500,36.5000,35.6000,36.0500,35.7102,4053,0.0000,1.0000
2018-05-23,35.6500,35.9500,35.5000,35.5000,35.1654,5012,0.0000,1.0000
2018-05-22,35.5500,35.7000,35.1500,35.6000,35.2645,4755,0.0000,1.0000
2018-05-21,35.5500,35.7250,35.2000,35.5000,35.1654,5838,0.0000,1.0000
2018-05-18,35.8000,36.1000,35.0000,35.3000,34.9673,9530,0.0000,1.0000
2018-05-17,35.3000,36.0000,35.2000,35.7000,35.3635,9963,0.0000,1.0000
2018-05-16,35.4500,35.5500,35.0000,35.2500,34.9178,3963,0.0000,1.0000
2018-05-15,34.6500,35.8000,34.5550,35.4500,35.1159,13813,0.0000,1.0000
2018-05-14,35.3000,35.6500,34.7000,34.9500,34.6206,4916,0.0000,1.0000
2018-05-11,34.7000,35.5000,34.6000,35.5000,35.1654,10685,0.0000,1.0000
2018-05-10,34.9050,35.3000,34.6000,35.0000,34.6701,3885,0.0000,1.0000
2018-05-09,34.6100,35.0500,34.6000,34.9000,34.5711,3398,0.0000,1.0000
2018-05-08,34.9000,35.0000,34.5500,35.0000,34.6701,9038,0.0000,1.0000
2018-05-07,34.7000,35.2000,34.6000,35.0000,34.6701,5207,0.0000,1.0000
2018-05-04,34.9000,34.9000,34.9000,34.9000,34.5711,975,0.0000,1.0000
2018-05-03,35.0000,35.0000,34.5000,34.8500,34.5215,14412,0.0000,1.0000
2018-05-02,35.2500,35.6500,34.9500,35.4000,35.0664,5950,0.0000,1.0000
2018-05-01,34.5000,35.0000,34.5000,35.0000,34.6701,2800,0.0000,1.0000
2018-04-30,34.6500,34.8500,34.5000,34.8500,34.5215,3021,0.0000,1.0000
2018-04-27,35.0000,35.0000,34.5500,34.8500,34.5215,7814,0.0000,1.0000
2018-04-26,34.6550,35.4500,34.6550,34.9500,34.6206,7480,0.0000,1.0000
2018-04-25,34.0500,35.0000,34.0500,34.5000,34.1748,2546,0.0000,1.0000
2018-04-24,33.7000,35.0000,33.7000,34.7000,34.3730,8502,0.0000,1.0000
2018-04-23,34.6000,34.9500,33.9500,34.9500,34.6206,3872,0.0000,1.0000
2018-04-20,32.9000,34.9000,32.9000,34.3000,33.9767,26103,0.0000,1.0000
2018-04-19,33.0000,33.7018,32.5500,33.2000,32.8871,14299,0.0000,1.0000
2018-04-18,34.7000,34.7000,32.1500,32.9000,32.5899,58678,0.0000,1.0000
2018-04-17,34.4500,34.7000,34.4000,34.4500,34.1253,2137,0.0000,1.0000
2018-04-16,34.3000,34.7000,34.2000,34.3500,34.0263,2216,0.0000,1.0000
2018-04-13,34.2000,34.4500,34.0500,34.4500,34.1253,2229,0.0000,1.0000
2018-04-12,34.2000,34.6500,33.9000,34.2000,33.8777,10195,0.0000,1.0000
2018-04-11,34.1000,34.2000,33.9000,34.2000,33.8777,1297,0.0000,1.0000
2018-04-10,33.5219,34.6500,33.5219,34.2000,33.8777,3274,0.0000,1.0000
2018-04-09,34.3500,34.5000,34.1742,34.3500,34.0263,1720,0.0000,1.0000
2018-04-06,34.1000,34.4000,34.1000,34.4000,34.0758,2504,0.0000,1.0000
2018-04-05,34.3500,34.7000,34.3000,34.6500,34.3234,4813,0.0000,1.0000
2018-04-04,34.4500,35.0000,34.4500,34.7000,34.3730,1569,0.0000,1.0000
2018-04-03,34.6500,35.4000,34.6500,35.1000,34.7692,5679,0.0000,1.0000
2018-04-02,35.0000,35.0000,34.0500,34.2500,33.9272,6273,0.0000,1.0000
2018-03-29,35.7500,35.7684,35.1000,35.6500,35.3140,6887,0.0000,1.0000
2018-03-28,35.6500,35.8189,35.6500,35.7500,35.4131,3660,0.0000,1.0000
2018-03-27,34.8500,35.6500,34.8500,35.6500,35.3140,4845,0.0000,1.0000
2018-03-26,35.8000,36.1500,34.5000,35.7000,35.3635,6443,0.0000,1.0000
2018-03-23,36.2000,36.2500,35.4000,35.4000,35.0664,5098,0.0000,1.0000
2018-03-22,36.2500,36.9000,36.0000,36.1000,35.7598,3047,0.0000,1.0000
2018-03-21,35.8000,36.9500,35.8000,36.9500,36.6017,6511,0.0000,1.0000
2018-03-20,36.5000,36.9500,36.4444,36.9500,36.6017,3273,0.0000,1.0000
2018-03-19,37.0000,37.0000,36.1500,36.7000,36.3541,2311,0.0000,1.0000
2018-03-16,36.1000,36.9500,35.9000,36.9500,36.6017,16513,0.0000,1.0000
2018-03-15,35.9500,36.4000,35.9000,36.2500,35.9083,3588,0.0000,1.0000
2018-03-14,35.8000,36.9000,35.4000,36.5000,36.1560,4255,0.0700,1.0000
2018-03-13,36.6500,36.9000,36.2000,36.2000,35.7902,2020,0.0000,1.0000
2018-03-12,36.7500,37.1500,36.4000,36.6500,36.2351,5389,0.0000,1.0000
2018-03-09,35.3500,36.5000,34.5268,36.5000,36.0868,8073,0.0000,1.0000
2018-03-08,35.5500,35.9000,35.2000,35.8000,35.3947,6541,0.0000,1.0000
2018-03-07,35.2500,35.9000,35.1752,35.7500,35.3453,5733,0.0000,1.0000
2018-03-06,34.5500,35.0000,34.5500,34.9500,34.5543,52622,0.0000,1.0000
2018-03-05,33.8500,34.9000,33.6000,34.9000,34.5049,112349,0.0000,1.0000
2018-03-02,32.9500,34.7500,32.6000,34.6000,34.2083,13416,0.0000,1.0000
2018-03-01,33.8000,33.8000,32.9000,33.2500,32.8736,13090,0.0000,1.0000
2018-02-28,33.8000,34.4500,33.4500,33.6500,33.2690,9100,0.0000,1.0000
2018-02-27,34.3000,34.6500,34.0500,34.1500,33.7634,3388,0.0000,1.0000
2018-02-26,34.0000,34.7000,33.9000,34.7000,34.3072,2327,0.0000,1.0000
2018-02-23,33.4500,34.9500,33.4500,34.5500,34.1589,15646,0.0000,1.0000
2018-02-22,33.0500,34.0500,32.9000,33.5000,33.1207,48737,0.0000,1.0000
2018-02-21,34.6500,34.6500,32.0000,33.4000,33.0219,8244,0.0000,1.0000
2018-02-20,33.8000,34.0000,32.9500,32.9500,32.5770,10677,0.0000,1.0000
2018-02-16,32.1500,34.4500,32.1000,33.6000,33.2196,17183,0.0000,1.0000
2018-02-15,33.2370,33.2370,32.0000,32.4000,32.0332,7580,0.0000,1.0000
2018-02-14,32.3500,33.0000,32.0000,32.2000,31.8355,16989,0.0000,1.0000
2018-02-13,32.0500,33.3500,32.0000,32.6000,32.2309,13772,0.0000,1.0000
2018-02-12,32.1000,33.5000,31.6500,32.8000,32.4287,4116,0.0000,1.0000
2018-02-09,31.5500,33.0500,31.5500,31.6500,31.2917,3702,0.0000,1.0000
2018-02-08,31.7000,32.5000,31.5000,31.7500,31.3906,7541,0.0000,1.0000
2018-02-07,31.0000,32.4000,31.0000,32.4000,32.0332,4812,0.0000,1.0000
2018-02-06,30.8500,31.2500,30.4000,31.2500,30.8962,8626,0.0000,1.0000
2018-02-05,32.4500,32.5500,31.5500,32.0000,31.6377,4066,0.0000,1.0000
2018-02-02,33.8500,34.0000,33.1000,33.2000,32.8241,5840,0.0000,1.0000
2018-02-01,34.2000,35.3500,33.6500,34.4000,34.0106,10504,0.0000,1.0000
2018-01-31,35.4000,35.4000,33.9000,34.0500,33.6645,6358,0.0000,1.0000
2018-01-30,33.8000,34.9450,33.2500,34.6000,34.2083,3769,0.0000,1.0000
2018-01-29,34.2500,34.4273,33.7500,34.1000,33.7140,13556,0.0000,1.0000
2018-01-26,34.9000,35.0000,34.0500,34.4000,34.0106,1586,0.0000,1.0000
2018-01-25,33.8500,35.0000,33.8500,34.9500,34.5543,5203,0.0000,1.0000
2018-01-24,33.8500,34.4250,33.8500,33.8500,33.4668,1232,0.0000,1.0000
2018-01-23,33.8500,34.1500,33.8500,33.9000,33.5162,2264,0.0000,1.0000
2018-01-22,34.1261,34.1261,33.8500,33.9000,33.5162,1222,0.0000,1.0000
2018-01-19,33.8500,34.4000,33.8500,34.4000,34.0106,1705,0.0000,1.0000
2018-01-18,34.0000,34.7000,33.8500,33.8500,33.4668,1986,0.0000,1.0000
2018-01-17,34.2500,34.2500,33.5000,34.0000,33.6151,32412,0.0000,1.0000
2018-01-16,34.9500,34.9500,33.6500,33.6500,33.2690,2614,0.0000,1.0000
2018-01-12,34.9000,34.9000,34.3633,34.8000,34.4060,1419,0.0000,1.0000
2018-01-11,35.4000,35.4000,34.2250,34.9000,34.5049,3946,0.0000,1.0000
2018-01-10,34.5000,35.3500,34.0500,35.3500,34.9498,1026,0.0000,1.0000
2018-01-09,33.7500,33.7500,33.7500,33.7500,33.3679,317,0.0000,1.0000
2018-01-08,33.5000,34.1000,33.5000,33.8000,33.4173,4178,0.0000,1.0000
2018-01-05,33.5000,33.8500,33.5000,33.5500,33.1702,24361,0.0000,1.0000
2018-01-04,33.0500,33.7500,33.0000,33.2500,32.8736,26927,0.0000,1.0000
2018-01-03,33.0500,33.4750,33.0500,33.2500,32.8736,3262,0.0000,1.0000
2018-01-02,33.5500,33.7785,33.2500,33.4000,33.0219,5853,0.0000,1.0000
2017-12-29,33.6000,33.7000,33.6000,33.7000,33.3185,1611,0.0000,1.0000
2017-12-28,32.2250,33.7500,32.2250,33.4500,33.0713,3089,0.0000,1.0000
2017-12-27,33.8000,34.1500,33.1500,33.4000,33.0219,1025,0.0000,1.0000
2017-12-26,33.7000,33.7000,33.7000,33.7000,33.3185,1003,0.0000,1.0000
2017-12-22,34.5500,34.5500,33.2500,33.7000,33.3185,15298,0.0000,1.0000
2017-12-21,34.6000,34.9500,34.5000,34.9500,34.5543,7267,0.0000,1.0000
2017-12-20,34.1000,34.3000,33.4000,34.1500,33.7634,1342,0.0000,1.0000
2017-12-19,34.8767,34.9000,34.5000,34.5000,34.1094,843,0.0000,1.0000
2017-12-18,33.8050,34.6000,33.8050,34.3000,33.9117,3312,0.0000,1.0000
2017-12-15,33.7000,34.0000,33.4500,33.5500,33.1702,15765,0.0000,1.0000
2017-12-14,34.6000,34.9065,34.0000,34.0000,33.6151,4416,0.0000,1.0000
2017-12-13,34.4500,35.4000,34.4500,34.8500,34.4555,6085,0.0000,1.0000
2017-12-12,34.4500,35.0500,34.4500,35.0500,34.6532,2408,0.0000,1.0000
2017-12-11,33.0000,34.2000,33.0000,33.6500,33.2690,2593,0.0000,1.0000
2017-12-08,33.9000,34.8000,33.9000,34.5000,34.1094,985,0.0000,1.0000
2017-12-07,34.4500,34.4500,34.2000,34.2000,33.8128,1884,0.0000,1.0000
2017-12-06,34.1500,35.0500,33.9429,34.2500,33.8623,2770,0.0000,1.0000
2017-12-05,33.9000,34.9000,33.9000,34.3500,33.9611,2786,0.0000,1.0000
2017-12-04,33.9740,34.6000,33.9740,34.6000,34.2083,771,0.0000,1.0000
2017-12-01,33.9500,35.0000,33.9500,34.6500,34.2577,2223,0.0000,1.0000
2017-11-30,34.5000,35.4500,34.3500,34.9500,34.5543,3121,0.0700,1.0000
2017-11-29,34.9500,34.9500,34.9000,34.9000,34.4359,2502,0.0000,1.0000
2017-11-28,34.2000,34.5500,33.9500,34.5500,34.0906,1234,0.0000,1.0000
2017-11-27,33.2500,34.0000,33.2000,33.9000,33.4492,2966,0.0000,1.0000
2017-11-24,33.1500,33.1500,33.1500,33.1500,32.7092,462,0.0000,1.0000
2017-11-22,33.2500,33.2500,32.9000,33.0000,32.5612,27510,0.0000,1.0000
2017-11-21,33.1000,33.1000,32.8000,32.9000,32.4625,10437,0.0000,1.0000
2017-11-20,33.0000,33.2500,33.0000,33.0500,32.6105,692,0.0000,1.0000
2017-11-17,32.7500,33.0000,32.7500,33.0000,32.5612,994,0.0000,1.0000
2017-11-16,32.8500,33.4000,32.7500,33.4000,32.9559,3453,0.0000,1.0000
2017-11-15,32.9690,33.2500,32.9000,32.9000,32.4625,2164,0.0000,1.0000
2017-11-14,32.8000,33.0500,32.7500,33.0500,32.6105,3007,0.0000,1.0000
2017-11-13,32.7296,32.8000,32.4500,32.4500,32.0185,2147,0.0000,1.0000
2017-11-10,33.0000,33.4000,33.0000,33.4000,32.9559,847,0.0000,1.0000
2017-11-09,32.5000,33.2000,32.5000,33.0500,32.6105,1592,0.0000,1.0000
2017-11-08,32.5000,33.3500,32.5000,33.3500,32.9065,1638,0.0000,1.0000
2017-11-07,32.7000,33.4000,32.4580,32.6500,32.2158,5128,0.0000,1.0000
2017-11-06,32.5000,32.9500,32.5000,32.9500,32.5119,491,0.0000,1.0000
2017-11-03,33.1500,33.1500,32.9000,32.9000,32.4625,3126,0.0000,1.0000
2017-11-02,33.1000,33.1000,32.3050,32.9000,32.4625,1088,0.0000,1.0000
2017-11-01,32.9000,33.1000,32.9000,32.9000,32.4625,3465,0.0000,1.0000
2017-10-31,33.5000,33.7000,33.2500,33.7000,33.2519,5336,0.0000,1.0000
2017-10-30,33.6500,33.7500,33.2500,33.5000,33.0545,2564,0.0000,1.0000
2017-10-27,33.0000,34.0000,32.5000,34.0000,33.5479,2947,0.0000,1.0000
2017-10-26,33.8500,33.8500,33.5000,33.8500,33.3999,1477,0.0000,1.0000
2017-10-25,33.4500,33.4500,33.4500,33.4500,33.0052,325,0.0000,1.0000
2017-10-24,32.5625,32.8000,32.5625,32.8000,32.3638,868,0.0000,1.0000
2017-10-23,33.1000,33.1000,33.1000,33.1000,32.6599,404,0.0000,1.0000
2017-10-20,33.8500,33.8500,33.5000,33.5000,33.0545,3178,0.0000,1.0000
2017-10-19,33.5500,33.5500,33.5500,33.5500,33.1039,502,0.0000,1.0000
2017-10-18,33.8000,33.9000,33.5000,33.7000,33.2519,1764,0.0000,1.0000
2017-10-17,32.6500,33.4000,32.5150,33.4000,32.9559,2571,0.0000,1.0000
2017-10-16,32.5000,33.3500,32.5000,32.9000,32.4625,14842,0.0000,1.0000
2017-10-13,33.9950,33.9950,32.6500,32.7500,32.3145,2976,0.0000,1.0000
2017-10-12,33.4000,33.5000,32.6000,33.2000,32.7585,1690,0.0000,1.0000
2017-10-11,33.5000,34.1000,33.1000,33.1000,32.6599,4050,0.0000,1.0000
2017-10-10,33.4500,33.4500,33.3000,33.3000,32.8572,3007,0.0000,1.0000
2017-10-09,33.4500,33.4500,33.4500,33.4500,33.0052,338,0.0000,1.0000
2017-10-06,32.6000,33.8000,32.5500,33.2500,32.8079,3075,0.0000,1.0000
2017-10-05,33.8000,34.0000,33.7500,33.7500,33.3012,3678,0.0000,1.0000
2017-10-04,33.8500,34.0000,33.2500,33.7000,33.2519,1357,0.0000,1.0000
2017-10-03,34.2500,34.6000,33.4500,33.7500,33.3012,4816,0.0000,1.0000
2017-10-02,34.8000,34.9000,34.4500,34.4500,33.9919,5538,0.0000,1.0000
2017-09-29,34.8090,35.4000,34.8090,35.2000,34.7319,2166,0.0000,1.0000
2017-09-28,34.6000,35.5000,34.6000,35.4500,34.9786,7943,0.0000,1.0000
2017-09-27,34.6500,35.0000,34.4050,34.8500,34.3866,19266,0.0000,1.0000
2017-09-26,34.0050,34.7000,34.0000,34.2500,33.7946,4477,0.0000,1.0000
2017-09-25,34.2000,34.5000,34.0000,34.2000,33.7452,2310,0.0000,1.0000
2017-09-22,33.9250,34.2500,33.9250,34.2500,33.7946,1819,0.0000,1.0000
2017-09-21,34.0000,34.3000,33.8000,33.8000,33.3506,5923,0.0000,1.0000
2017-09-20,34.7500,34.7500,33.6000,33.8500,33.3999,6361,0.0000,1.0000
2017-09-19,34.1000,34.4500,34.1000,34.4500,33.9919,2081,0.0000,1.0000
2017-09-18,32.3250,34.2000,32.3250,33.6000,33.1532,8549,0.0000,1.0000
2017-09-15,34.4000,34.4500,33.6500,33.6500,33.2025,27399,0.0000,1.0000
2017-09-14,33.5000,34.3000,33.5000,34.3000,33.8439,4324,0.0000,1.0000
2017-09-13,34.5000,34.5000,34.1750,34.4000,33.9426,12278,0.0000,1.0000
2017-09-12,34.4000,34.4000,33.9500,34.4000,33.9426,5189,0.0000,1.0000
2017-09-11,33.7500,34.2500,33.6500,34.2500,33.7946,4067,0.0000,1.0000
2017-09-08,33.1000,33.4500,33.0500,33.4500,33.0052,2689,0.0000,1.0000
2017-09-07,31.7500,33.0500,31.5000,32.9000,32.4625,7265,0.0700,1.0000
2017-09-06,33.0000,33.1000,32.6500,32.8500,32.3444,4402,0.0000,1.0000
2017-09-05,33.1500,33.4000,31.8000,32.7500,32.2459,7972,0.0000,1.0000
2017-09-01,32.7000,33.6500,32.2500,33.6500,33.1321,1549,0.0000,1.0000
2017-08-31,32.5500,32.5500,32.5500,32.5500,32.0490,1286,0.0000,1.0000
2017-08-30,31.4500,31.4500,31.4500,31.4500,30.9659,1080,0.0000,1.0000
2017-08-29,30.6000,31.1500,30.6000,31.1500,30.6705,1870,0.0000,1.0000
2017-08-28,30.8000,30.9000,30.6000,30.7000,30.2275,2146,0.0000,1.0000
2017-08-25,30.5000,30.9000,30.5000,30.9000,30.4244,1700,0.0000,1.0000
2017-08-24,30.8000,31.1000,30.6500,31.0000,30.5228,1417,0.0000,1.0000
2017-08-23,30.5500,31.1000,30.2500,31.0000,30.5228,3596,0.0000,1.0000
2017-08-22,30.5100,30.6500,30.3500,30.4000,29.9321,3011,0.0000,1.0000
2017-08-21,30.0000,30.6000,30.0000,30.4000,29.9321,1304,0.0000,1.0000
2017-08-18,30.3000,30.7000,30.3000,30.6000,30.1290,4073,0.0000,1.0000
2017-08-17,30.3500,31.0000,30.3500,30.8500,30.3751,2883,0.0000,1.0000
2017-08-16,31.4000,31.4000,30.9500,31.1000,30.6213,2954,0.0000,1.0000
2017-08-15,31.0000,31.4000,31.0000,31.4000,30.9167,1181,0.0000,1.0000
2017-08-14,31.4500,31.4500,31.4500,31.4500,30.9659,1401,0.0000,1.0000
2017-08-11,30.6418,30.9000,30.3500,30.9000,30.4244,4025,0.0000,1.0000
2017-08-10,31.3500,31.3500,31.3500,31.3500,30.8675,1546,0.0000,1.0000
2017-08-09,31.8000,31.8000,31.8000,31.8000,31.3105,843,0.0000,1.0000
2017-08-08,32.1000,32.1000,32.1000,32.1000,31.6059,436,0.0000,1.0000
2017-08-07,31.1500,32.4000,31.1160,32.4000,31.9013,6230,0.0000,1.0000
2017-08-04,31.3000,32.0500,31.2000,32.0500,31.5567,1530,0.0000,1.0000
2017-08-03,33.0500,33.0500,31.0500,31.2000,30.7198,5748,0.0000,1.0000
2017-08-02,33.4500,33.4500,33.0000,33.0000,32.4921,3225,0.0000,1.0000
2017-08-01,34.1000,34.1500,33.0000,33.2000,32.6890,6756,0.0000,1.0000
2017-07-31,34.8500,34.8500,34.4500,34.4500,33.9197,1766,0.0000,1.0000
2017-07-28,34.7000,35.0000,34.7000,34.8500,34.3136,2412,0.0000,1.0000
2017-07-27,34.7000,34.7000,34.7000,34.7000,34.1659,1595,0.0000,1.0000
2017-07-26,35.2000,35.2000,34.1000,34.4000,33.8705,2540,0.0000,1.0000
2017-07-25,34.9000,35.2000,34.7500,35.2000,34.6582,4177,0.0000,1.0000
2017-07-24,35.4500,35.4500,35.4500,35.4500,34.9043,715,0.0000,1.0000
2017-07-21,35.5000,35.5000,35.1500,35.2500,34.7074,5877,0.0000,1.0000
2017-07-20,35.1500,35.1500,35.1500,35.1500,34.6090,4147,0.0000,1.0000
2017-07-19,35.4500,35.4500,34.6000,35.1500,34.6090,4756,0.0000,1.0000
2017-07-18,35.0500,35.2000,35.0500,35.1000,34.5597,1328,0.0000,1.0000
2017-07-17,35.3500,35.3500,35.2500,35.3000,34.7567,1741,0.0000,1.0000
2017-07-14,35.3000,35.4000,35.0500,35.3000,34.7567,2247,0.0000,1.0000
2017-07-13,35.2500,35.4500,35.2000,35.2500,34.7074,7408,0.0000,1.0000
2017-07-12,35.0000,35.2500,35.0000,35.2500,34.7074,5918,0.0000,1.0000
2017-07-11,34.6500,35.2500,34.6000,35.2500,34.7074,7083,0.0000,1.0000
2017-07-10,34.9500,35.2500,34.9500,35.1500,34.6090,3971,0.0000,1.0000
2017-07-07,34.0500,35.0000,33.7500,35.0000,34.4613,7675,0.0000,1.0000
2017-07-06,34.4500,34.5000,34.1500,34.2000,33.6736,4377,0.0000,1.0000
2017-07-05,34.6500,34.7500,34.5000,34.7500,34.2151,4518,0.0000,1.0000
2017-07-03,34.0500,35.2500,34.0500,35.0500,34.5105,2703,0.0000,1.0000
2017-06-30,35.2500,35.2500,34.0500,34.3000,33.7720,18548,0.0000,1.0000
2017-06-29,35.0000,35.2500,34.8500,35.2500,34.7074,7121,0.0000,1.0000
2017-06-28,35.2500,35.3500,35.1000,35.1000,34.5597,8657,0.0000,1.0000
2017-06-27,33.7960,35.2500,33.7960,35.1500,34.6090,4884,0.0000,1.0000
2017-06-26,34.3000,35.1500,34.0550,34.9000,34.3628,12744,0.0000,1.0000
2017-06-23,34.2500,35.2500,33.6000,34.5000,33.9690,314113,0.0000,1.0000
2017-06-22,34.3000,35.2500,34.3000,34.8000,34.2644,10196,0.0000,1.0000
2017-06-21,34.7500,35.3500,34.7500,35.1000,34.5597,21610,0.0000,1.0000
2017-06-20,35.4000,35.4000,35.0050,35.1500,34.6090,14233,0.0000,1.0000
2017-06-19,34.1000,35.4000,34.0500,35.0500,34.5105,9557,0.0000,1.0000
2017-06-16,35.4000,35.4000,34.4500,34.7500,34.2151,20696,0.0000,1.0000
2017-06-15,34.1500,35.3000,33.9500,35.3000,34.7567,13777,0.0000,1.0000
2017-06-14,35.0000,35.0000,33.8632,35.0000,34.4613,10705,0.0000,1.0000
2017-06-13,34.2500,35.4500,34.2500,35.0000,34.4613,41032,0.0000,1.0000
2017-06-12,33.7500,35.8500,33.7500,34.5500,34.0182,30117,0.0000,1.0000
2017-06-09,33.1000,33.8500,32.9500,33.3000,32.7874,3572,0.0000,1.0000
2017-06-08,32.5000,33.6000,31.3500,32.8000,32.2951,4379,0.0000,1.0000
2017-06-07,32.0000,32.7000,31.4000,32.2000,31.7044,7447,0.0700,1.0000
2017-06-06,31.5000,32.0000,31.5000,31.5000,30.9479,1225,0.0000,1.0000
2017-06-05,31.4000,33.3000,30.7500,31.9000,31.3409,4393,0.0000,1.0000
2017-06-02,31.5250,33.0000,30.9000,33.0000,32.4216,9455,0.0000,1.0000
2017-06-01,32.0000,33.0000,32.0000,32.3000,31.7338,2011,0.0000,1.0000
2017-05-31,31.8000,31.8000,31.8000,31.8000,31.2426,331,0.0000,1.0000
2017-05-30,31.3000,31.3000,31.2000,31.2000,30.6531,999,0.0000,1.0000
2017-05-26,31.1000,33.0000,31.1000,32.0000,31.4391,3459,0.0000,1.0000
2017-05-25,31.9500,31.9500,31.9500,31.9500,31.3900,465,0.0000,1.0000
2017-05-24,31.2500,32.0000,31.0000,32.0000,31.4391,1346,0.0000,1.0000
2017-05-23,31.9500,32.0000,31.3000,32.0000,31.4391,620,0.0000,1.0000
2017-05-22,31.1000,32.0000,30.6000,31.5000,30.9479,11789,0.0000,1.0000
2017-05-19,32.9500,32.9500,31.0000,31.5000,30.9479,5529,0.0000,1.0000
2017-05-18,31.7500,33.1000,31.7500,32.5000,31.9303,2624,0.0000,1.0000
2017-05-17,31.0000,32.5500,31.0000,31.5500,30.9970,9977,0.0000,1.0000
2017-05-16,33.1000,33.1000,30.0500,30.9000,30.3584,6262,0.0000,1.0000
2017-05-15,33.6000,33.6000,33.6000,33.6000,33.0111,200,0.0000,1.0000
2017-05-12,33.3500,33.6000,33.1000,33.6000,33.0111,1876,0.0000,1.0000
2017-05-11,33.7500,34.0000,33.3500,33.3500,32.7654,2265,0.0000,1.0000
2017-05-10,33.8000,33.9500,33.5500,33.7000,33.1093,1239,0.0000,1.0000
2017-05-09,33.1500,33.9000,33.1000,33.9000,33.3058,1571,0.0000,1.0000
2017-05-08,33.1000,34.1000,32.2586,34.1000,33.5023,6430,0.0000,1.0000
2017-05-05,34.4000,34.4000,34.0000,34.0000,33.4040,376,0.0000,1.0000
2017-05-04,34.4500,34.4500,33.5500,34.4000,33.7970,3135,0.0000,1.0000
2017-05-03,34.4500,34.4500,34.4500,34.4500,33.8462,453,0.0000,1.0000
2017-05-02,34.4000,34.4000,34.0000,34.0000,33.4040,1316,0.0000,1.0000
2017-05-01,32.8000,34.4500,32.3088,33.8000,33.2076,2492,0.0000,1.0000
2017-04-28,32.7500,33.5500,32.7500,33.4500,32.8637,6894,0.0000,1.0000
2017-04-27,33.5500,34.4500,33.4500,34.4000,33.7970,1842,0.0000,1.0000
2017-04-26,34.1500,34.5000,34.1500,34.5000,33.8953,824,0.0000,1.0000
2017-04-25,33.3050,34.5000,33.3050,34.5000,33.8953,1851,0.0000,1.0000
2017-04-24,33.5100,33.5100,33.5100,33.5100,32.9226,235,0.0000,1.0000
2017-04-21,34.2500,34.2500,33.0000,33.4000,32.8146,1251,0.0000,1.0000
2017-04-20,33.3500,34.5000,33.1500,34.5000,33.8953,3759,0.0000,1.0000
2017-04-19,34.0000,34.5000,33.9500,34.5000,33.8953,8582,0.0000,1.0000
2017-04-18,34.0500,34.0500,34.0000,34.0000,33.4040,1100,0.0000,1.0000
2017-04-17,34.0000,34.5000,33.9500,34.4000,33.7970,8325,0.0000,1.0000
2017-04-13,33.9500,34.0000,33.9500,34.0000,33.4040,2089,0.0000,1.0000
2017-04-12,33.4000,34.0000,33.2500,34.0000,33.4040,29449,0.0000,1.0000
2017-04-11,33.6000,33.6000,33.6000,33.6000,33.0111,275,0.0000,1.0000
2017-04-10,34.0500,34.0500,34.0500,34.0500,33.4532,1043,0.0000,1.0000
2017-04-07,33.6500,34.0000,33.6500,33.9500,33.3549,1878,0.0000,1.0000
2017-04-06,33.2883,34.0500,33.2500,34.0500,33.4532,8829,0.0000,1.0000
2017-04-05,33.4647,33.5000,33.3750,33.4250,32.8391,4361,0.0000,1.0000
2017-04-04,33.9500,34.0000,33.5000,33.9500,33.3549,4758,0.0000,1.0000
2017-04-03,33.7500,34.0000,33.7500,34.0000,33.4040,1051,0.0000,1.0000
2017-03-31,34.0000,34.0000,33.3500,34.0000,33.4040,1208,0.0000,1.0000
2017-03-30,34.0000,34.0000,34.0000,34.0000,33.4040,1036,0.0000,1.0000
2017-03-29,34.0000,34.1094,33.4000,33.9000,33.3058,14213,0.0000,1.0000
2017-03-28,33.9750,34.0000,33.9000,33.9000,33.3058,5664,0.0000,1.0000
2017-03-27,33.8500,33.8500,33.8500,33.8500,33.2567,426,0.0000,1.0000
2017-03-24,34.0000,34.0000,33.8287,33.8287,33.2357,599,0.0000,1.0000
2017-03-23,33.5500,33.5500,33.5500,33.5500,32.9619,38,0.0000,1.0000
2017-03-22,34.0000,34.0000,33.3000,33.5500,32.9619,1854,0.0000,1.0000
2017-03-21,34.7114,34.7114,34.0000,34.0000,33.4040,459,0.0000,1.0000
2017-03-20,34.7000,34.9500,33.8000,34.7500,34.1409,2437,0.0000,1.0000
2017-03-17,34.1000,35.1500,33.5000,35.1500,34.5339,26135,0.0000,1.0000
2017-03-16,33.2500,33.4000,33.2000,33.4000,32.8146,545,0.0000,1.0000
2017-03-15,33.4638,34.3500,33.3500,33.3500,32.7654,1895,0.0000,1.0000
2017-03-14,33.2500,34.0000,33.1000,34.0000,33.4040,6014,0.0000,1.0000
2017-03-13,33.1000,33.1000,33.1000,33.1000,32.5198,580,0.0000,1.0000
2017-03-10,33.2500,34.3000,33.2500,33.2500,32.6672,6002,0.0000,1.0000
2017-03-09,33.5500,33.5500,32.9000,32.9000,32.3233,1025,0.0000,1.0000
2017-03-08,33.6000,34.3500,32.8829,33.3000,32.7163,3222,0.0700,1.0000
2017-03-07,33.3500,34.1500,33.3000,34.1000,33.4320,2047,0.0000,1.0000
2017-03-06,33.4500,34.3500,33.2500,34.3500,33.6771,1241,0.0000,1.0000
2017-03-03,33.2500,33.4500,32.8000,33.4500,32.7947,3198,0.0000,1.0000
2017-03-02,33.4000,33.4000,33.4000,33.4000,32.7457,318,0.0000,1.0000
2017-03-01,33.1000,34.1000,33.1000,33.4000,32.7457,35949,0.0000,1.0000
2017-02-28,32.8000,33.1500,32.7500,33.1500,32.5006,5041,0.0000,1.0000
2017-02-27,34.3000,34.3000,32.0981,33.2000,32.5496,8452,0.0000,1.0000
2017-02-24,34.6558,34.6558,34.2500,34.4000,33.7261,2991,0.0000,1.0000
2017-02-23,34.3500,34.4000,34.3000,34.3500,33.6771,1447,0.0000,1.0000
2017-02-22,34.4486,34.7500,34.4486,34.7500,34.0693,5098,0.0000,1.0000
2017-02-21,33.8500,34.5000,33.8500,34.5000,33.8242,6211,0.0000,1.0000
2017-02-17,33.9622,33.9622,33.9622,33.9622,33.2969,660,0.0000,1.0000
2017-02-16,33.2500,33.2995,33.0000,33.1500,32.5006,2216,0.0000,1.0000
2017-02-15,32.8500,34.0000,32.7040,34.0000,33.3340,12557,0.0000,1.0000
2017-02-14,32.9000,32.9000,32.9000,32.9000,32.2555,268,0.0000,1.0000
2017-02-13,32.0500,33.5500,32.0500,33.0000,32.3536,2338,0.0000,1.0000
2017-02-10,32.0000,34.3500,31.2500,32.0500,31.4222,9363,0.0000,1.0000
2017-02-09,33.0500,33.0500,33.0500,33.0500,32.4026,12,0.0000,1.0000
2017-02-08,33.3500,33.3500,32.7000,33.0500,32.4026,4438,0.0000,1.0000
2017-02-07,33.5500,34.3000,31.5000,33.1000,32.4516,2733,0.0000,1.0000
2017-02-06,34.3500,34.5000,33.5550,34.1500,33.4810,11308,0.0000,1.0000
2017-02-03,35.0000,35.0000,32.0500,34.3494,33.6765,11231,0.0000,1.0000
2017-02-02,33.0243,33.0243,33.0243,33.0243,32.3774,291,0.0000,1.0000
2017-02-01,33.0003,34.9500,33.0003,33.2500,32.5987,2269,0.0000,1.0000
2017-01-31,33.0000,34.0000,32.0000,33.7500,33.0889,9257,0.0000,1.0000
2017-01-30,33.5000,34.9950,31.4000,32.9500,32.3045,7255,0.0000,1.0000
2017-01-27,30.7500,30.7500,30.7500,30.7500,30.1476,10,0.0000,1.0000
2017-01-26,30.0000,30.8000,30.0000,30.7500,30.1476,7142,0.0000,1.0000
2017-01-25,28.5000,29.9000,28.5000,29.9000,29.3143,4202,0.0000,1.0000
2017-01-24,28.9000,29.0000,28.9000,29.0000,28.4319,2977,0.0000,1.0000
2017-01-23,28.8000,28.8000,28.8000,28.8000,28.2358,466,0.0000,1.0000
2017-01-20,28.4997,28.4997,28.0000,28.2500,27.6966,5416,0.0000,1.0000
2017-01-19,28.5000,28.5000,28.5000,28.5000,27.9417,48,0.0000,1.0000
2017-01-18,28.5000,28.8000,28.0000,28.5000,27.9417,3043,0.0000,1.0000
2017-01-17,28.5000,28.8000,28.5000,28.8000,28.2358,2681,0.0000,1.0000
2017-01-13,29.0000,29.0000,28.8000,28.8000,28.2358,1323,0.0000,1.0000
2017-01-12,28.0500,28.9000,28.0500,28.9000,28.3339,2883,0.0000,1.0000
2017-01-11,28.3000,28.4000,28.2000,28.4000,27.8437,1270,0.0000,1.0000
2017-01-10,28.5200,28.8000,28.0000,28.8000,28.2358,3450,0.0000,1.0000
2017-01-09,27.3500,28.7500,27.1000,28.7500,28.1868,1150,0.0000,1.0000
2017-01-06,28.9667,29.0000,28.2500,29.0000,28.4319,1719,0.0000,1.0000
2017-01-05,28.3500,28.9000,28.0000,28.9000,28.3339,1908,0.0000,1.0000
2017-01-04,28.0500,28.5500,28.0000,28.2500,27.6966,2278,0.0000,1.0000
2017-01-03,28.2500,28.3000,28.0000,28.0550,27.5054,6749,0.0000,1.0000
2016-12-30,28.0693,28.4000,28.0000,28.4000,27.8437,5116,0.0000,1.0000
2016-12-29,28.0000,28.3000,28.0000,28.3000,27.7456,5251,0.0000,1.0000
2016-12-28,28.3500,28.3500,28.0000,28.1500,27.5986,10407,0.0000,1.0000
2016-12-27,28.5500,28.7450,28.0000,28.3500,27.7947,2325,0.0000,1.0000
2016-12-23,28.9500,28.9500,28.9500,28.9500,28.3829,459,0.0000,1.0000
2016-12-22,28.4500,28.4500,28.1000,28.1000,27.5496,1244,0.0000,1.0000
2016-12-21,27.6000,28.0500,27.5000,28.0000,27.4515,3142,0.0000,1.0000
2016-12-20,26.9000,28.1000,26.9000,28.0000,27.4515,16102,0.0000,1.0000
2016-12-19,26.5500,28.0000,26.5500,28.0000,27.4515,3339,0.0000,1.0000
2016-12-16,27.4500,27.5000,26.4500,26.4500,25.9319,30882,0.0000,1.0000
2016-12-15,27.1500,27.6500,26.2500,27.3000,26.7652,82253,0.0000,1.0000
2016-12-14,27.2500,28.0000,27.2500,27.9500,27.4025,1209,0.0000,1.0000
2016-12-13,27.3000,28.0000,26.6500,27.2500,26.7162,4651,0.0000,1.0000
2016-12-12,27.8000,28.4250,26.8500,26.9000,26.3731,9085,0.0000,1.0000
2016-12-09,29.0000,29.0000,27.7000,28.1000,27.5496,9599,0.0000,1.0000
2016-12-08,28.2594,28.3000,26.5344,28.3000,27.7456,4527,0.0700,1.0000
2016-12-07,28.4000,28.4000,28.2500,28.3000,27.6772,1677,0.0000,1.0000
2016-12-06,27.0000,29.0000,26.8000,28.6000,27.9706,5481,0.0000,1.0000
2016-12-05,27.0000,28.4500,26.6000,28.3000,27.6772,10690,0.0000,1.0000
2016-12-02,26.2500,27.3000,26.2500,27.3000,26.6992,5859,0.0000,1.0000
2016-12-01,25.8500,27.2000,25.8500,26.5000,25.9168,4701,0.0000,1.0000
2016-11-30,26.5500,27.5000,26.5000,27.5000,26.8948,46182,0.0000,1.0000
2016-11-29,28.2500,28.2500,26.5500,27.2500,26.6503,1243,0.0000,1.0000
2016-11-28,27.2500,27.3500,27.2500,27.3000,26.6992,3198,0.0000,1.0000
2016-11-25,27.3000,27.3000,27.3000,27.3000,26.6992,131,0.0000,1.0000
2016-11-23,27.4500,27.4500,26.8500,27.4500,26.8459,1648,0.0000,1.0000
2016-11-22,26.4050,27.6000,26.4050,27.6000,26.9926,1685,0.0000,1.0000
2016-11-21,26.1000,27.1000,26.1000,27.1000,26.5036,3929,0.0000,1.0000
2016-11-18,25.7500,26.1500,25.5000,26.1500,25.5745,8452,0.0000,1.0000
2016-11-17,26.2500,26.5000,26.2500,26.3000,25.7212,108594,0.0000,1.0000
2016-11-16,26.5000,26.5000,26.5000,26.5000,25.9168,0,0.0000,1.0000
2016-11-15,26.4000,26.6500,26.3000,26.5000,25.9168,25850,0.0000,1.0000
2016-11-14,26.4500,26.4500,26.2152,26.4500,25.8679,12850,0.0000,1.0000
2016-11-11,26.2000,26.2500,26.1250,26.2500,25.6723,4997,0.0000,1.0000
2016-11-10,25.5000,25.7500,25.5000,25.7500,25.1833,1226,0.0000,1.0000
2016-11-09,25.1500,25.1500,25.0500,25.0500,24.4987,799,0.0000,1.0000
2016-11-08,25.0500,25.0500,25.0500,25.0500,24.4987,34,0.0000,1.0000
2016-11-07,25.5000,25.6000,25.0500,25.0500,24.4987,3095,0.0000,1.0000
2016-11-04,25.7500,25.7500,25.7500,25.7500,25.1833,2796,0.0000,1.0000
2016-11-03,25.5050,25.5050,25.5050,25.5050,24.9437,632,0.0000,1.0000
2016-11-02,25.1000,25.5000,25.1000,25.5000,24.9388,1493,0.0000,1.0000
2016-11-01,25.1000,25.2500,25.0900,25.0900,24.5378,4659,0.0000,1.0000
2016-10-31,25.1000,25.1251,25.0500,25.0751,24.5232,990,0.0000,1.0000
2016-10-28,25.0050,25.0050,25.0050,25.0050,24.4547,0,0.0000,1.0000
2016-10-27,25.7000,25.7000,25.3500,25.3500,24.7921,4133,0.0000,1.0000
2016-10-26,25.5000,25.6500,25.5000,25.6500,25.0855,2304,0.0000,1.0000
2016-10-25,25.4000,25.5000,25.4000,25.5000,24.9388,344,0.0000,1.0000
2016-10-24,25.3500,25.3500,25.3500,25.3500,24.7921,246,0.0000,1.0000
2016-10-21,25.9000,25.9500,25.9000,25.9000,25.3300,1129,0.0000,1.0000
2016-10-20,25.5000,25.9000,25.3500,25.4500,24.8899,3910,0.0000,1.0000
2016-10-19,25.3500,25.4000,25.3500,25.3500,24.7921,1575,0.0000,1.0000
2016-10-18,25.3500,25.3500,25.3500,25.3500,24.7921,25,0.0000,1.0000
2016-10-17,25.3900,25.3900,25.3500,25.3500,24.7921,480,0.0000,1.0000
2016-10-14,25.3501,25.3501,25.3501,25.3501,24.7922,68,0.0000,1.0000
2016-10-13,25.3501,25.3501,25.3501,25.3501,24.7922,685,0.0000,1.0000
2016-10-12,25.7500,25.7501,25.4000,25.4500,24.8899,3500,0.0000,1.0000
2016-10-11,25.3649,25.4571,25.3500,25.3500,24.7921,570,0.0000,1.0000
2016-10-10,25.3000,25.3000,25.3000,25.3000,24.7432,0,0.0000,1.0000
2016-10-07,25.3000,25.3000,25.3000,25.3000,24.7432,0,0.0000,1.0000
2016-10-06,25.3000,25.3000,25.3000,25.3000,24.7432,0,0.0000,1.0000
2016-10-05,25.3000,25.3000,25.3000,25.3000,24.7432,0,0.0000,1.0000
2016-10-04,25.3000,25.9800,25.3000,25.9800,25.4082,308,0.0000,1.0000
2016-10-03,25.5700,25.5700,25.3400,25.3400,24.7823,171,0.0000,1.0000
2016-09-30,25.3600,25.3600,25.3600,25.3600,24.8019,0,0.0000,1.0000
2016-09-29,25.3600,25.3600,25.3600,25.3600,24.8019,53,0.0000,1.0000
2016-09-28,25.4400,25.5750,25.3500,25.3600,24.8019,14445,0.0000,1.0000
2016-09-27,25.2500,25.7300,25.2500,25.7300,25.1637,26382,0.0000,1.0000
2016-09-26,25.9200,25.9200,25.9200,25.9200,25.3496,7,0.0000,1.0000
2016-09-23,26.0000,26.0000,25.5800,25.9200,25.3496,938,0.0000,1.0000
2016-09-22,25.4500,25.4500,25.4500,25.4500,24.8899,200,0.0000,1.0000
2016-09-21,25.9999,25.9999,25.9999,25.9999,25.4277,464,0.0000,1.0000
2016-09-20,26.0000,26.0000,26.0000,26.0000,25.4278,520,0.0000,1.0000
2016-09-19,25.4000,25.4000,25.4000,25.4000,24.8410,3,0.0000,1.0000
2016-09-16,25.3500,26.0100,25.3500,26.0100,25.4376,267,0.0000,1.0000
2016-09-15,25.4900,25.5000,25.4500,25.5000,24.9388,10236,0.0000,1.0000
2016-09-14,25.5000,25.5000,25.5000,25.5000,24.9388,928,0.0000,1.0000
2016-09-13,25.8500,25.8500,25.8500,25.8500,25.2811,140,0.0000,1.0000
2016-09-12,25.5000,25.5000,25.2000,25.5000,24.9388,2966,0.0000,1.0000
2016-09-09,26.0000,26.2500,25.5900,26.0000,25.4278,7348,0.0000,1.0000
2016-09-08,25.7000,25.7000,25.7000,25.7000,25.1344,31,0.0000,1.0000
2016-09-07,25.1924,25.1924,25.1924,25.1924,24.6380,62,0.0700,1.0000
2016-09-06,25.2624,25.2624,25.2624,25.2624,24.6380,85,0.0000,1.0000
2016-09-02,25.8600,25.8600,25.7500,25.7500,25.1135,23,0.0000,1.0000
2016-09-01,25.7500,25.7500,25.7500,25.7500,25.1135,0,0.0000,1.0000
2016-08-31,25.9900,25.9900,25.7500,25.7500,25.1135,3,0.0000,1.0000
2016-08-30,25.2624,25.2624,25.2624,25.2624,24.6380,0,0.0000,1.0000
2016-08-29,25.2624,25.2624,25.2624,25.2624,24.6380,0,0.0000,1.0000
2016-08-26,25.2624,25.2624,25.2624,25.2624,24.6380,34,0.0000,1.0000
2016-08-25,26.5000,26.5000,25.7500,25.7500,25.1135,12,0.0000,1.0000
2016-08-24,25.7600,25.7600,25.7600,25.7600,25.1233,20,0.0000,1.0000
2016-08-23,25.9250,25.9250,25.9250,25.9250,25.2842,20,0.0000,1.0000
2016-08-22,25.9250,25.9250,25.9250,25.9250,25.2842,49,0.0000,1.0000
2016-08-19,25.2500,25.2500,25.2500,25.2500,24.6259,0,0.0000,1.0000
2016-08-18,25.2600,25.2600,25.2500,25.2500,24.6259,12,0.0000,1.0000
2016-08-17,25.9250,25.9250,25.9250,25.9250,25.2842,100,0.0000,1.0000
2016-08-16,26.0000,26.0000,26.0000,26.0000,25.3573,7,0.0000,1.0000
2016-08-15,26.0000,26.0000,26.0000,26.0000,25.3573,0,0.0000,1.0000
2016-08-12,26.0000,26.0000,26.0000,26.0000,25.3573,91,0.0000,1.0000
2016-08-11,25.3300,25.3300,25.3300,25.3300,24.7039,0,0.0000,1.0000
2016-08-10,25.2600,25.3300,25.2600,25.3300,24.7039,19,0.0000,1.0000
2016-08-09,26.0000,26.0000,26.0000,26.0000,25.3573,24,0.0000,1.0000
2016-08-08,26.0000,26.0000,26.0000,26.0000,25.3573,12,0.0000,1.0000
2016-08-05,26.0000,26.0000,26.0000,26.0000,25.3573,1,0.0000,1.0000
2016-08-04,26.0000,26.0000,26.0000,26.0000,25.3573,0,0.0000,1.0000
2016-08-03,26.0000,26.0000,26.0000,26.0000,25.3573,86,0.0000,1.0000
2016-08-02,26.0000,26.0000,26.0000,26.0000,25.3573,80,0.0000,1.0000
2016-08-01,26.0000,26.0000,25.3750,26.0000,25.3573,4732,0.0000,1.0000
2016-07-29,26.0560,26.0560,26.0560,26.0560,25.4119,161,0.0000,1.0000
2016-07-28,26.5000,26.5000,26.0365,26.0365,25.3929,559,0.0000,1.0000
2016-07-27,26.6250,26.6250,26.0000,26.4700,25.8157,2683,0.0000,1.0000
2016-07-26,25.5850,25.9100,25.5850,25.9100,25.2696,5180,0.0000,1.0000
2016-07-25,25.7236,25.9000,25.6000,25.9000,25.2598,3050,0.0000,1.0000
2016-07-22,25.7551,25.7551,25.7551,25.7551,25.1185,383,0.0000,1.0000
2016-07-21,25.6000,25.6000,25.6000,25.6000,24.9672,358,0.0000,1.0000
2016-07-20,25.2600,25.9090,25.2600,25.9090,25.2686,2529,0.0000,1.0000
2016-07-19,25.1500,25.1500,25.1500,25.1500,24.5283,357,0.0000,1.0000
2016-07-18,24.8510,25.2500,24.8510,25.0000,24.3821,1089,0.0000,1.0000
2016-07-15,24.3100,25.9100,24.3100,24.5500,23.9432,2549,0.0000,1.0000
2016-07-14,23.7716,24.8501,23.7716,24.6100,24.0017,6253,0.0000,1.0000
2016-07-13,24.0500,24.0500,24.0500,24.0500,23.4555,81,0.0000,1.0000
2016-07-12,24.3500,24.5000,23.7510,24.0500,23.4555,3475,0.0000,1.0000
2016-07-11,24.0000,24.0000,23.9937,23.9937,23.4006,1140,0.0000,1.0000
2016-07-08,23.7501,23.7501,23.7501,23.7501,23.1630,10,0.0000,1.0000
2016-07-07,23.7501,23.7501,23.7501,23.7501,23.1630,106,0.0000,1.0000
2016-07-06,23.9999,23.9999,23.7500,23.7500,23.1629,303,0.0000,1.0000
2016-07-05,23.7100,23.7150,23.7100,23.7129,23.1268,673,0.0000,1.0000
2016-07-01,24.0000,24.0000,24.0000,24.0000,23.4068,302,0.0000,1.0000
2016-06-30,23.9000,23.9000,23.6000,23.6000,23.0167,1187,0.0000,1.0000
2016-06-29,23.5680,23.9999,23.5680,23.9999,23.4067,1643,0.0000,1.0000
2016-06-28,24.0395,24.0395,23.0500,23.0500,22.4803,725,0.0000,1.0000
2016-06-27,24.5000,24.5000,24.0000,24.2500,23.6506,11882,0.0000,1.0000
2016-06-24,24.3000,24.3000,24.2600,24.2600,23.6603,50,0.0000,1.0000
2016-06-23,25.1700,25.1700,24.6400,24.6400,24.0309,127,0.0000,1.0000
2016-06-22,25.0500,25.0500,25.0300,25.0300,24.4113,991,0.0000,1.0000
2016-06-21,24.0500,25.0000,24.0500,24.5000,23.8944,17985,0.0000,1.0000
2016-06-20,24.1001,25.0000,24.1001,24.1700,23.5726,3175,0.0000,1.0000
2016-06-17,25.2000,25.4300,24.9100,24.9100,24.2943,4632,0.0000,1.0000
2016-06-16,25.9200,26.0000,25.6000,25.9399,25.2987,4006,0.0000,1.0000
2016-06-15,25.8000,26.3000,25.6020,25.6020,24.9692,5440,0.0000,1.0000
2016-06-14,25.6500,25.7575,25.5000,25.5300,24.8990,1200,0.0000,1.0000
2016-06-13,25.9900,25.9900,25.7900,25.8600,25.2208,391,0.0000,1.0000
2016-06-10,26.3000,26.3000,26.3000,26.3000,25.6499,194,0.0000,1.0000
2016-06-09,25.8900,25.9428,25.5000,25.9428,25.3015,1547,0.0000,1.0000
2016-06-08,25.9500,25.9500,25.8500,25.8500,25.2110,509,0.0700,1.0000
2016-06-07,26.0500,26.0600,25.9600,25.9600,25.2499,12881,0.0000,1.0000
2016-06-06,26.7400,26.7400,25.7600,26.0350,25.3229,6909,0.0000,1.0000
2016-06-03,26.7200,27.0800,26.0800,26.0800,25.3667,4343,0.0000,1.0000
2016-06-02,27.9000,27.9000,27.9000,27.9000,27.1369,159,0.0000,1.0000
2016-06-01,27.2500,27.9000,27.1400,27.9000,27.1369,3190,0.0000,1.0000
2016-05-31,27.8100,27.9000,27.3500,27.5740,26.8198,2856,0.0000,1.0000
2016-05-27,27.5200,27.9000,27.4000,27.8300,27.0688,7592,0.0000,1.0000
2016-05-26,27.2137,27.2137,27.2137,27.2137,26.4694,4,0.0000,1.0000
2016-05-25,27.1401,27.2137,27.1401,27.2137,26.4694,444,0.0000,1.0000
2016-05-24,27.1400,27.1400,27.1400,27.1400,26.3977,98,0.0000,1.0000
2016-05-23,27.5033,27.5033,27.1400,27.1400,26.3977,1660,0.0000,1.0000
2016-05-20,27.4100,27.4100,27.4100,27.4100,26.6603,0,0.0000,1.0000
2016-05-19,27.3000,27.4100,27.3000,27.4100,26.6603,51,0.0000,1.0000
2016-05-18,25.8700,25.8700,25.8700,25.8700,25.1624,1,0.0000,1.0000
2016-05-17,26.5900,26.5900,26.1900,26.1900,25.4737,114,0.0000,1.0000
2016-05-16,26.6100,26.6100,26.6100,26.6100,25.8822,0,0.0000,1.0000
2016-05-13,26.6100,26.6100,26.6100,26.6100,25.8822,48,0.0000,1.0000
2016-05-12,26.5500,26.6101,26.5500,26.6100,25.8822,841,0.0000,1.0000
2016-05-11,26.4546,26.5500,26.4546,26.5500,25.8238,444,0.0000,1.0000
2016-05-10,25.4453,25.4453,25.4453,25.4453,24.7493,0,0.0000,1.0000
2016-05-09,25.4453,25.4453,25.4453,25.4453,24.7493,0,0.0000,1.0000
2016-05-06,26.0000,26.4300,26.0000,26.4300,25.7071,99,0.0000,1.0000
2016-05-05,27.0000,27.0000,25.4453,25.4453,24.7493,1253,0.0000,1.0000
2016-05-04,25.2000,25.2000,25.2000,25.2000,24.5107,173,0.0000,1.0000
2016-05-03,25.2000,25.4000,25.2000,25.2000,24.5107,107,0.0000,1.0000
2016-05-02,27.1900,27.1900,27.1900,27.1900,26.4463,75,0.0000,1.0000
2016-04-29,27.2400,27.2400,27.2400,27.2400,26.4949,211,0.0000,1.0000
2016-04-28,27.3500,27.3500,27.2400,27.2400,26.4949,5460,0.0000,1.0000
2016-04-27,27.0200,27.2500,27.0200,27.2500,26.5047,656,0.0000,1.0000
2016-04-26,28.3400,28.3980,28.0000,28.0000,27.2341,2322,0.0000,1.0000
2016-04-25,28.3500,28.3500,28.3500,28.3500,27.5746,103,0.0000,1.0000
2016-04-22,28.2600,28.2600,28.2600,28.2600,27.4870,39,0.0000,1.0000
2016-04-21,27.3400,27.3400,27.3400,27.3400,26.5922,12,0.0000,1.0000
2016-04-20,27.8248,27.8248,27.3400,27.3400,26.5922,682,0.0000,1.0000
2016-04-19,26.9000,26.9000,26.9000,26.9000,26.1642,365,0.0000,1.0000
2016-04-18,27.6500,27.7200,26.8300,27.4400,26.6895,1100,0.0000,1.0000
2016-04-15,26.9200,26.9200,26.9200,26.9200,26.1837,1,0.0000,1.0000
2016-04-14,27.7600,27.7600,27.7600,27.7600,27.0007,190,0.0000,1.0000
2016-04-13,27.9000,27.9000,27.9000,27.9000,27.1369,261,0.0000,1.0000
2016-04-12,28.1000,28.1400,28.0000,28.1400,27.3703,7865,0.0000,1.0000
2016-04-11,28.1050,28.1050,28.1050,28.1050,27.3363,237,0.0000,1.0000
2016-04-08,28.0100,28.4000,28.0100,28.2800,27.5065,884,0.0000,1.0000
2016-04-07,28.4800,28.4800,28.2000,28.3700,27.5940,2722,0.0000,1.0000
2016-04-06,28.3800,28.7900,28.2100,28.5000,27.7205,12475,0.0000,1.0000
2016-04-05,29.2026,29.2500,28.2600,28.7900,28.0025,6550,0.0000,1.0000
2016-04-04,29.4300,29.4300,29.4300,29.4300,28.6250,191,0.0000,1.0000
2016-04-01,29.1600,29.5000,28.5600,29.5000,28.6931,2611,0.0000,1.0000
2016-03-31,29.2200,29.2500,28.5200,28.5200,27.7399,643,0.0000,1.0000
2016-03-30,29.2900,29.3500,29.2300,29.2500,28.4500,1211,0.0000,1.0000
2016-03-29,28.5000,29.3500,28.5000,29.0100,28.2165,1742,0.0000,1.0000
2016-03-28,28.2214,29.0000,28.2214,29.0000,28.2068,637,0.0000,1.0000
2016-03-24,29.3400,29.3400,28.6400,29.3000,28.4986,564,0.0000,1.0000
2016-03-23,28.8000,29.0500,28.8000,29.0500,28.2554,466,0.0000,1.0000
2016-03-22,29.2241,29.4000,28.1600,29.2000,28.4013,6837,0.0000,1.0000
2016-03-21,28.9100,29.0500,28.9100,29.0500,28.2554,11220,0.0000,1.0000
2016-03-18,28.8500,29.1400,28.0000,28.8200,28.0317,34350,0.0000,1.0000
2016-03-17,29.2600,29.4000,28.0400,28.5900,27.8080,9905,0.0000,1.0000
2016-03-16,29.4000,29.4000,28.9580,29.4000,28.5959,3503,0.0000,1.0000
2016-03-15,29.4500,29.4500,28.7200,29.4000,28.5959,3565,0.0000,1.0000
2016-03-14,29.4000,29.4000,28.8500,29.4000,28.5959,2965,0.0000,1.0000
2016-03-11,29.5000,29.5000,28.8000,29.4000,28.5959,4449,0.0000,1.0000
2016-03-10,29.4500,29.4500,29.3600,29.3900,28.5861,3513,0.0000,1.0000
2016-03-09,29.4000,29.4000,29.3500,29.3800,28.5764,3105,0.0000,1.0000
2016-03-08,29.4000,29.4000,29.2200,29.4000,28.5959,3984,0.0700,1.0000
2016-03-07,29.4000,29.4000,28.1700,29.3500,28.4794,4941,0.0000,1.0000
2016-03-04,28.7200,28.7200,28.7200,28.7200,27.8681,64,0.0000,1.0000
2016-03-03,29.1800,29.1800,28.7700,28.7700,27.9166,361,0.0000,1.0000
2016-03-02,29.2100,29.2100,29.1800,29.1800,28.3145,17,0.0000,1.0000
2016-03-01,28.7500,28.7800,28.7500,28.7500,27.8972,1635,0.0000,1.0000
2016-02-29,29.0400,29.0400,28.4100,28.8000,27.9457,653,0.0000,1.0000
2016-02-26,28.6600,28.6600,28.6600,28.6600,27.8099,12,0.0000,1.0000
2016-02-25,28.6000,28.6000,28.6000,28.6000,27.7517,1771,0.0000,1.0000
2016-02-24,29.4000,29.4000,28.6000,28.6000,27.7517,93,0.0000,1.0000
2016-02-23,29.4000,29.4000,29.4000,29.4000,28.5279,70,0.0000,1.0000
2016-02-22,28.9063,29.4000,28.9063,29.4000,28.5279,1165,0.0000,1.0000
2016-02-19,28.7542,29.3400,28.7542,29.3400,28.4697,820,0.0000,1.0000
2016-02-18,29.4000,29.4000,29.4000,29.4000,28.5279,63,0.0000,1.0000
2016-02-17,28.4000,29.4000,28.2600,29.4000,28.5279,3971,0.0000,1.0000
2016-02-16,28.9000,29.0500,28.9000,29.0500,28.1883,365,0.0000,1.0000
2016-02-12,28.9456,28.9456,28.1000,28.5000,27.6546,26731,0.0000,1.0000
2016-02-11,28.3899,28.3899,28.3899,28.3899,27.5478,306,0.0000,1.0000
2016-02-10,28.5000,28.5000,28.5000,28.5000,27.6546,21,0.0000,1.0000
2016-02-09,28.7000,29.0000,28.5000,28.5000,27.6546,75192,0.0000,1.0000
2016-02-08,28.1500,28.7450,28.1500,28.7450,27.8924,1286,0.0000,1.0000
2016-02-05,28.3000,28.3900,28.3000,28.3800,27.5382,913,0.0000,1.0000
2016-02-04,28.2040,28.2054,28.2040,28.2054,27.3688,439,0.0000,1.0000
2016-02-03,28.3400,28.3500,28.3400,28.3500,27.5091,3210,0.0000,1.0000
2016-02-02,28.0018,28.1500,28.0018,28.1500,27.3150,1175,0.0000,1.0000
2016-02-01,28.0000,28.7400,27.9300,28.5000,27.6546,7570,0.0000,1.0000
2016-01-29,29.3000,29.3000,28.3100,28.4500,27.6061,2767,0.0000,1.0000
2016-01-28,28.7400,28.7400,28.7400,28.7400,27.8875,165,0.0000,1.0000
2016-01-27,29.3500,29.4000,29.3500,29.4000,28.5279,299,0.0000,1.0000
2016-01-26,29.4000,29.4000,29.4000,29.4000,28.5279,1368,0.0000,1.0000
2016-01-25,28.8600,28.9499,28.4500,28.4500,27.6061,2012,0.0000,1.0000
2016-01-22,28.7800,28.7800,28.7800,28.7800,27.9263,101,0.0000,1.0000
2016-01-21,29.3200,29.3200,28.7800,28.7800,27.9263,204,0.0000,1.0000
2016-01-20,28.0000,28.8000,27.8120,28.8000,27.9457,32402,0.0000,1.0000
2016-01-19,27.6550,28.4500,27.6550,28.4201,27.5771,16759,0.0000,1.0000
2016-01-15,27.6000,29.0000,27.6000,28.2501,27.4121,26310,0.0000,1.0000
2016-01-14,28.3300,28.6000,28.1000,28.2500,27.4120,1668,0.0000,1.0000
2016-01-13,28.5000,28.5042,28.1500,28.1500,27.3150,2594,0.0000,1.0000
2016-01-12,28.5000,28.5100,28.5000,28.5000,27.6546,1741,0.0000,1.0000
2016-01-11,27.9500,27.9500,27.9500,27.9500,27.1209,0,0.0000,1.0000
2016-01-08,27.9500,27.9500,27.9500,27.9500,27.1209,0,0.0000,1.0000
2016-01-07,28.0001,28.1200,27.9500,27.9500,27.1209,900,0.0000,1.0000
2016-01-06,28.4350,29.2500,28.0500,29.2500,28.3824,846,0.0000,1.0000
2016-01-05,28.0500,28.3000,28.0500,28.0900,27.2568,1185,0.0000,1.0000
2016-01-04,28.8000,29.4175,27.0844,28.5100,27.6643,2269,0.0000,1.0000
2015-12-31,28.6400,29.5000,28.6400,29.5000,28.6250,321,0.0000,1.0000
2015-12-30,28.9490,28.9490,28.3990,28.3990,27.5566,477,0.0000,1.0000
2015-12-29,28.1600,28.1600,27.9300,28.0000,27.1695,368,0.0000,1.0000
2015-12-28,29.3600,29.3600,27.6900,27.6900,26.8687,896,0.0000,1.0000
2015-12-24,29.2100,29.2100,29.2100,29.2100,28.3436,265,0.0000,1.0000
2015-12-23,29.4500,29.4990,29.4500,29.4990,28.6240,326,0.0000,1.0000
2015-12-22,28.0000,28.0000,28.0000,28.0000,27.1695,103,0.0000,1.0000
2015-12-21,28.9000,30.0000,28.9000,30.0000,29.1101,355,0.0000,1.0000
2015-12-18,28.9900,28.9900,28.9000,28.9000,28.0428,1356,0.0000,1.0000
2015-12-17,27.8899,27.8900,27.8729,27.8900,27.0627,2437,0.0000,1.0000
2015-12-16,27.9790,27.9790,27.5500,27.5500,26.7328,991,0.0000,1.0000
2015-12-15,27.5001,27.7500,27.5001,27.5500,26.7328,585,0.0000,1.0000
2015-12-14,27.5100,27.5100,27.5100,27.5100,26.6940,0,0.0000,1.0000
2015-12-11,27.5100,27.5100,27.5100,27.5100,26.6940,252,0.0000,1.0000
2015-12-10,28.0500,28.0500,28.0500,28.0500,27.2180,13,0.0000,1.0000
2015-12-09,28.0000,28.0000,27.5000,27.5100,26.6940,2550,0.0000,1.0000
2015-12-08,27.5001,28.3500,27.5000,27.9000,27.0724,3311,0.0700,1.0000
2015-12-07,27.5000,27.5000,27.5000,27.5000,26.6175,71,0.0000,1.0000
2015-12-04,27.5000,27.5000,27.5000,27.5000,26.6175,86,0.0000,1.0000
2015-12-03,27.5000,27.5000,27.5000,27.5000,26.6175,86,0.0000,1.0000
2015-12-02,27.5000,27.5000,27.5000,27.5000,26.6175,92,0.0000,1.0000
2015-12-01,27.5000,27.5000,27.5000,27.5000,26.6175,258,0.0000,1.0000
2015-11-30,27.6000,27.9900,27.6000,27.9900,27.0918,464,0.0000,1.0000
2015-11-27,27.5700,27.5700,27.5500,27.5500,26.6659,924,0.0000,1.0000
2015-11-25,27.9000,27.9000,27.4900,27.6400,26.7530,1639,0.0000,1.0000
2015-11-24,27.5000,27.5000,27.5000,27.5000,26.6175,0,0.0000,1.0000
2015-11-23,27.5000,27.5000,27.5000,27.5000,26.6175,842,0.0000,1.0000
2015-11-20,28.4500,28.4500,28.4500,28.4500,27.5370,1267,0.0000,1.0000
2015-11-19,28.7500,28.7500,28.4000,28.4500,27.5370,1474,0.0000,1.0000
2015-11-18,28.9800,28.9800,28.9800,28.9800,28.0500,139,0.0000,1.0000
2015-11-17,27.4400,28.9899,27.4400,28.9899,28.0596,700,0.0000,1.0000
2015-11-16,29.7500,29.7500,29.7500,29.7500,28.7953,2,0.0000,1.0000
2015-11-13,29.7000,29.7000,29.7000,29.7000,28.7469,25,0.0000,1.0000
2015-11-12,30.0000,30.0000,29.7500,29.9500,28.9889,2227,0.0000,1.0000
2015-11-11,29.0000,29.5000,29.0000,29.1600,28.2242,1897,0.0000,1.0000
2015-11-10,28.2500,29.4528,28.2499,28.8000,27.8758,10458,0.0000,1.0000
2015-11-09,28.0600,28.4000,27.5800,28.4000,27.4886,5485,0.0000,1.0000
2015-11-06,27.9899,28.3500,27.7000,28.2800,27.3725,4103,0.0000,1.0000
2015-11-05,27.2000,27.2000,27.2000,27.2000,26.3271,33,0.0000,1.0000
2015-11-04,27.2000,27.2000,27.2000,27.2000,26.3271,120,0.0000,1.0000
2015-11-03,27.9990,27.9990,27.9990,27.9990,27.1005,100,0.0000,1.0000
2015-11-02,28.0000,28.0000,28.0000,28.0000,27.1015,217,0.0000,1.0000
2015-10-30,27.3100,27.5100,27.1200,27.3700,26.4917,2039,0.0000,1.0000
2015-10-29,27.0500,27.6400,27.0500,27.6400,26.7530,36,0.0000,1.0000
2015-10-28,27.7000,27.7000,27.7000,27.7000,26.8111,39,0.0000,1.0000
2015-10-27,27.4400,27.4400,27.4400,27.4400,26.5594,47,0.0000,1.0000
2015-10-26,26.8510,26.8510,26.8510,26.8510,25.9893,298,0.0000,1.0000
2015-10-23,26.9300,26.9300,26.9300,26.9300,26.0658,0,0.0000,1.0000
2015-10-22,27.2700,27.2700,27.1500,27.1500,26.2787,7,0.0000,1.0000
2015-10-21,26.9300,26.9300,26.9300,26.9300,26.0658,102,0.0000,1.0000
2015-10-20,26.6800,26.6800,26.6800,26.6800,25.8238,2,0.0000,1.0000
2015-10-19,27.6000,27.6000,26.7000,26.7000,25.8432,352,0.0000,1.0000
2015-10-16,27.9851,27.9851,27.9851,27.9851,27.0870,568,0.0000,1.0000
2015-10-15,27.0400,27.9900,27.0400,27.9900,27.0918,584,0.0000,1.0000
2015-10-14,27.8100,27.8100,26.8500,26.8500,25.9884,1503,0.0000,1.0000
2015-10-13,27.0200,27.8600,26.8000,26.8000,25.9400,619,0.0000,1.0000
2015-10-12,27.0000,28.0000,27.0000,27.4900,26.6078,3287,0.0000,1.0000
2015-10-09,26.6800,26.6800,26.6800,26.6800,25.8238,128,0.0000,1.0000
2015-10-08,26.8900,26.8900,26.8900,26.8900,26.0271,102,0.0000,1.0000
2015-10-07,26.8293,27.9400,26.8293,26.9500,26.0852,662,0.0000,1.0000
2015-10-06,26.5100,27.0000,26.5100,26.7000,25.8432,6584,0.0000,1.0000
2015-10-05,26.4500,26.7400,26.1410,26.5000,25.6496,4927,0.0000,1.0000
2015-10-02,26.2000,26.7499,26.1401,26.1401,25.3012,669,0.0000,1.0000
2015-10-01,27.3700,27.3700,26.3400,26.3400,25.4947,229,0.0000,1.0000
2015-09-30,26.3300,26.3300,26.3300,26.3300,25.4851,107,0.0000,1.0000
2015-09-29,26.3001,26.3300,26.3001,26.3300,25.4851,620,0.0000,1.0000
2015-09-28,26.6300,26.6300,26.6300,26.6300,25.7754,118,0.0000,1.0000
2015-09-25,26.4688,26.7000,26.4688,26.6300,25.7754,723,0.0000,1.0000
2015-09-24,26.5996,26.5996,26.5996,26.5996,25.7460,107,0.0000,1.0000
2015-09-23,26.3000,26.6000,26.3000,26.5996,25.7460,550,0.0000,1.0000
2015-09-22,26.3900,26.3900,26.0800,26.3900,25.5431,3906,0.0000,1.0000
2015-09-21,26.0600,26.4100,26.0200,26.4000,25.5528,6423,0.0000,1.0000
2015-09-18,25.8800,26.6000,25.8800,26.6000,25.7464,8977,0.0000,1.0000
2015-09-17,26.1800,26.7490,26.0700,26.7490,25.8906,1648,0.0000,1.0000
2015-09-16,26.2950,26.9700,26.1940,26.6000,25.7464,11356,0.0000,1.0000
2015-09-15,25.7900,26.5350,25.7900,26.3000,25.4560,17608,0.0000,1.0000
2015-09-14,25.9700,25.9700,25.8300,25.9600,25.1269,1275,0.0000,1.0000
2015-09-11,26.0000,26.0000,25.7600,25.9349,25.1026,1040,0.0000,1.0000
2015-09-10,26.3000,26.3000,26.0000,26.0000,25.1656,680,0.0000,1.0000
2015-09-09,26.3000,26.3000,25.9900,26.0200,25.1850,1366,0.0000,1.0000
2015-09-08,26.3000,26.3000,26.2200,26.2200,25.3786,816,0.0700,1.0000
2015-09-04,25.7900,26.0000,25.7900,26.0000,25.0986,2904,0.0000,1.0000
2015-09-03,26.0100,26.0400,26.0100,26.0400,25.1373,221,0.0000,1.0000
2015-09-02,25.5370,26.1000,25.5100,26.1000,25.1952,3321,0.0000,1.0000
2015-09-01,25.3700,26.0500,25.2700,26.0000,25.0986,4566,0.0000,1.0000
2015-08-31,26.2400,26.2400,25.5400,25.8500,24.9538,7281,0.0000,1.0000
2015-08-28,25.8000,26.3000,25.7600,25.7600,24.8670,1787,0.0000,1.0000
2015-08-27,26.3000,26.3000,26.3000,26.3000,25.3882,108,0.0000,1.0000
2015-08-26,25.7620,26.2300,25.7600,26.2300,25.3207,6235,0.0000,1.0000
2015-08-25,27.0300,27.0300,26.1601,26.1900,25.2821,6543,0.0000,1.0000
2015-08-24,26.5000,27.2500,26.2899,26.4100,25.4944,38490,0.0000,1.0000
2015-08-21,26.8400,27.5005,26.6950,27.1600,26.2184,17578,0.0000,1.0000
2015-08-20,26.6200,26.9900,26.5510,26.9900,26.0543,2901,0.0000,1.0000
2015-08-19,26.5000,27.6000,26.5000,27.1100,26.1702,35132,0.0000,1.0000
2015-08-18,26.8890,26.8890,26.6500,26.6600,25.7358,518,0.0000,1.0000
2015-08-17,26.8600,26.8600,26.5000,26.5400,25.6199,1468,0.0000,1.0000
2015-08-14,26.8800,26.8800,26.5800,26.5800,25.6585,1102,0.0000,1.0000
2015-08-13,26.6100,27.4900,26.5000,26.5000,25.5813,15159,0.0000,1.0000
2015-08-12,26.9600,26.9600,26.9600,26.9600,26.0254,1,0.0000,1.0000
2015-08-11,26.5500,27.3000,26.5500,26.9600,26.0254,11016,0.0000,1.0000
2015-08-10,26.9000,27.1300,26.7500,26.8400,25.9095,3802,0.0000,1.0000
2015-08-07,27.1300,27.1300,27.1300,27.1300,26.1895,19,0.0000,1.0000
2015-08-06,27.0100,27.3000,26.9000,27.1300,26.1895,5003,0.0000,1.0000
2015-08-05,27.0000,27.8000,26.8672,27.4400,26.4887,12199,0.0000,1.0000
2015-08-04,28.0000,28.0000,28.0000,28.0000,27.0293,174,0.0000,1.0000
2015-08-03,28.0000,28.0000,27.5100,28.0000,27.0293,632,0.0000,1.0000
2015-07-31,26.5000,28.0000,26.4500,28.0000,27.0293,2498,0.0000,1.0000
2015-07-30,26.1100,26.7500,26.1100,26.6300,25.7068,4149,0.0000,1.0000
2015-07-29,26.5000,27.8000,26.3500,27.8000,26.8362,1678,0.0000,1.0000
2015-07-28,26.1760,26.3900,26.1760,26.3900,25.4751,2811,0.0000,1.0000
2015-07-27,26.3600,26.3800,26.1600,26.3800,25.4655,3349,0.0000,1.0000
2015-07-24,26.2899,26.9400,26.2500,26.4500,25.5330,1715,0.0000,1.0000
2015-07-23,25.6000,26.7000,25.5999,26.3000,25.3882,32407,0.0000,1.0000
2015-07-22,25.7600,26.5800,25.7500,26.0000,25.0986,33167,0.0000,1.0000
2015-07-21,25.3100,25.3100,25.3100,25.3100,24.4326,107,0.0000,1.0000
2015-07-20,26.1500,26.3280,25.8100,26.0000,25.0986,8492,0.0000,1.0000
2015-07-17,25.8900,26.0500,25.6800,26.0400,25.1373,8207,0.0000,1.0000
2015-07-16,25.7500,26.2800,25.5960,25.8400,24.9442,8862,0.0000,1.0000
2015-07-15,25.6100,26.1500,25.6100,26.1400,25.2338,7065,0.0000,1.0000
2015-07-14,25.9000,26.4700,25.2610,26.1725,25.2652,26011,0.0000,1.0000
2015-07-13,25.8200,27.4899,25.5500,25.7500,24.8573,976,0.0000,1.0000
2015-07-10,26.0200,26.5000,25.4600,26.2400,25.3303,17302,0.0000,1.0000
2015-07-09,25.6900,26.1500,25.4600,25.9500,25.0504,41430,0.0000,1.0000
2015-07-08,25.4000,25.7600,25.3000,25.4100,24.5291,27310,0.0000,1.0000
2015-07-07,25.5100,25.8500,25.2000,25.5000,24.6160,23431,0.0000,1.0000
2015-07-06,25.2800,25.9300,25.0700,25.5000,24.6160,20026,0.0000,1.0000
2015-07-02,25.1900,26.0990,25.1900,25.2300,24.3553,2702,0.0000,1.0000
2015-07-01,25.2000,26.2499,25.2000,25.5000,24.6160,2848,0.0000,1.0000
2015-06-30,26.0000,26.5500,25.5200,25.8400,24.9442,557,0.0000,1.0000
2015-06-29,25.8000,26.3600,25.0901,26.0200,25.1179,969,0.0000,1.0000
2015-06-26,25.7800,25.7800,25.7800,25.7800,24.8863,332,0.0000,1.0000
2015-06-25,25.8100,26.0600,25.7700,25.7800,24.8863,11266,0.0000,1.0000
2015-06-24,26.4690,26.4690,26.0000,26.0000,25.0986,460,0.0000,1.0000
2015-06-23,25.5000,26.4800,25.5000,26.4800,25.5620,6518,0.0000,1.0000
2015-06-22,25.5500,26.9499,25.0501,26.0500,25.1469,8742,0.0000,1.0000
2015-06-19,25.7900,26.9400,25.5000,25.5000,24.6160,17221,0.0000,1.0000
2015-06-18,26.0000,26.7400,25.6010,26.5100,25.5910,5360,0.0000,1.0000
2015-06-17,26.0000,26.0000,25.8900,25.9900,25.0890,3260,0.0000,1.0000
2015-06-16,26.0800,26.6000,25.5850,25.9900,25.0890,7683,0.0000,1.0000
2015-06-15,26.2800,26.8500,25.6500,26.2800,25.3689,7172,0.0000,1.0000
2015-06-12,25.7000,27.1700,25.6700,26.3800,25.4655,74121,0.0000,1.0000
2015-06-11,26.1500,26.5000,25.6400,25.8500,24.9538,3787,0.0000,1.0000
2015-06-10,26.0800,26.7500,25.8600,26.2000,25.2917,6790,0.0000,1.0000
2015-06-09,26.0500,26.3500,25.6400,25.7800,24.8863,6877,0.0000,1.0000
2015-06-08,25.6300,26.2500,25.6300,25.6700,24.7801,1250,0.0700,1.0000
2015-06-05,26.1200,26.1200,26.1200,26.1200,25.1459,2011,0.0000,1.0000
2015-06-04,25.8100,25.8100,25.5000,25.6800,24.7223,3499,0.0000,1.0000
2015-06-03,25.2600,25.2600,25.2600,25.2600,24.3180,351,0.0000,1.0000
2015-06-02,26.7700,26.9000,25.6400,26.2500,25.2711,3375,0.0000,1.0000
2015-06-01,26.6000,27.2490,26.6000,26.8300,25.8294,11516,0.0000,1.0000
2015-05-29,26.5000,27.0000,26.2500,26.6100,25.6176,61124,0.0000,1.0000
2015-05-28,26.2000,26.2500,25.9500,26.2000,25.2229,2700,0.0000,1.0000
2015-05-27,26.1000,26.6000,25.5501,26.1500,25.1748,8902,0.0000,1.0000
2015-05-26,26.2000,26.2000,25.0601,26.0800,25.1074,33528,0.0000,1.0000
2015-05-22,26.5820,26.5820,26.5820,26.5820,25.5907,251,0.0000,1.0000
2015-05-21,26.1000,27.7900,26.0700,27.1400,26.1279,40863,0.0000,1.0000
2015-05-20,25.8000,26.0000,25.7600,25.8000,24.8378,9946,0.0000,1.0000
2015-05-19,25.5000,25.6890,25.5000,25.6000,24.6453,2720,0.0000,1.0000
2015-05-18,25.4500,25.4500,25.3700,25.4500,24.5009,3226,0.0000,1.0000
2015-05-15,26.2000,26.2000,25.1500,25.4500,24.5009,9189,0.0000,1.0000
2015-05-14,26.2900,26.5800,25.9450,25.9450,24.9774,11131,0.0000,1.0000
2015-05-13,25.5000,25.8500,25.3250,25.8500,24.8860,1400,0.0000,1.0000
2015-05-12,25.8500,25.8500,25.4600,25.4600,24.5105,300,0.0000,1.0000
2015-05-11,26.3000,26.3000,25.1500,25.6500,24.6934,11076,0.0000,1.0000
2015-05-08,26.9000,27.0100,25.4300,25.6000,24.6453,6732,0.0000,1.0000
2015-05-07,27.0500,27.2800,26.9400,26.9400,25.9353,8178,0.0000,1.0000
2015-05-06,25.8000,27.5500,25.8000,27.0500,26.0412,32742,0.0000,1.0000
2015-05-05,25.5100,25.7500,25.0700,25.7000,24.7416,16978,0.0000,1.0000
2015-05-04,26.8990,26.8990,25.0500,25.3800,24.4335,7446,0.0000,1.0000
2015-05-01,26.7200,26.7790,26.5800,26.7500,25.7524,1635,0.0000,1.0000
2015-04-30,26.8600,26.9440,26.6300,26.6300,25.6369,3744,0.0000,1.0000
2015-04-29,27.2000,27.4500,26.9500,26.9500,25.9450,4520,0.0000,1.0000
2015-04-28,26.5500,27.1000,26.5500,27.1000,26.0894,8632,0.0000,1.0000
2015-04-27,25.6200,26.3400,25.6200,26.3400,25.3577,8582,0.0000,1.0000
2015-04-24,26.0000,26.0000,25.1900,25.6200,24.6646,14696,0.0000,1.0000
2015-04-23,25.0001,25.0001,25.0001,25.0001,24.0678,114,0.0000,1.0000
2015-04-22,25.0000,25.0000,25.0000,25.0000,24.0677,4,0.0000,1.0000
2015-04-21,25.0501,25.0501,25.0000,25.0000,24.0677,1155,0.0000,1.0000
2015-04-20,25.2490,25.2490,25.2490,25.2490,24.3074,1,0.0000,1.0000
2015-04-17,25.2490,25.2490,25.2490,25.2490,24.3074,0,0.0000,1.0000
2015-04-16,25.2490,25.2490,25.2490,25.2490,24.3074,147,0.0000,1.0000
2015-04-15,25.0001,25.0001,25.0001,25.0001,24.0678,75,0.0000,1.0000
2015-04-14,25.0001,25.0001,25.0001,25.0001,24.0678,85,0.0000,1.0000
2015-04-13,25.0000,25.0800,25.0000,25.0001,24.0678,420,0.0000,1.0000
2015-04-10,25.0000,25.2500,24.5800,25.0000,24.0677,766,0.0000,1.0000
2015-04-09,25.0900,25.0900,25.0900,25.0900,24.1543,2,0.0000,1.0000
2015-04-08,25.5000,25.5000,25.0900,25.0900,24.1543,449,0.0000,1.0000
2015-04-07,26.0000,26.0000,26.0000,26.0000,25.0304,156,0.0000,1.0000
2015-04-06,25.1010,26.0000,25.1010,26.0000,25.0304,411,0.0000,1.0000
2015-04-02,25.5200,25.5200,25.5200,25.5200,24.5683,100,0.0000,1.0000
2015-04-01,26.0000,26.0000,24.6300,24.6300,23.7115,803,0.0000,1.0000
2015-03-31,26.0000,26.0000,26.0000,26.0000,25.0304,205,0.0000,1.0000
2015-03-30,26.0000,26.0000,25.5001,26.0000,25.0304,454,0.0000,1.0000
2015-03-27,26.0000,26.0000,26.0000,26.0000,25.0304,32,0.0000,1.0000
2015-03-26,26.0000,26.0100,26.0000,26.0000,25.0304,4181,0.0000,1.0000
2015-03-25,25.5500,25.5500,25.5500,25.5500,24.5972,220,0.0000,1.0000
2015-03-24,28.0000,28.0000,25.7500,26.9500,25.9450,1883,0.0000,1.0000
2015-03-23,30.0000,30.0000,27.0000,27.0000,25.9931,1044,0.0000,1.0000
2015-03-20,25.2200,28.9000,25.2200,28.9000,27.8222,738,0.0000,1.0000
2015-03-19,26.0000,26.0000,26.0000,26.0000,25.0304,718,0.0000,1.0000
2015-03-18,26.3000,26.3000,26.3000,26.3000,25.3192,2,0.0000,1.0000
2015-03-17,25.5001,25.5001,25.5001,25.5001,24.5491,265,0.0000,1.0000
2015-03-16,26.0000,26.0000,25.3000,25.3000,24.3565,302,0.0000,1.0000
2015-03-13,25.8999,25.8999,25.8600,25.8600,24.8956,238,0.0000,1.0000
2015-03-12,25.7400,25.8127,25.7000,25.7960,24.8340,1400,0.0000,1.0000
2015-03-11,25.0000,26.0000,25.0000,25.0550,24.1206,2802,0.0000,1.0000
2015-03-10,24.7400,24.7500,24.7400,24.7500,23.8270,223,0.0000,1.0000
2015-03-09,24.7000,24.7500,22.5600,22.5600,21.7187,7529,0.0000,1.0000
2015-03-06,23.0800,23.0800,23.0800,23.0800,22.2193,100,0.0700,1.0000
2015-03-05,24.7500,24.7500,24.7500,24.7500,23.7550,60,0.0000,1.0000
2015-03-04,24.5000,24.7500,24.5000,24.7500,23.7550,2316,0.0000,1.0000
2015-03-03,23.4600,23.5000,23.4600,23.5000,22.5552,1475,0.0000,1.0000
2015-03-02,22.9200,23.0000,22.9200,23.0000,22.0753,550,0.0000,1.0000
2015-02-27,22.5001,22.5001,22.5001,22.5001,21.5955,117,0.0000,1.0000
2015-02-26,22.5400,22.5400,22.5400,22.5400,21.6338,1,0.0000,1.0000
2015-02-25,22.5700,22.5700,22.5700,22.5700,21.6626,1,0.0000,1.0000
2015-02-24,22.5800,22.5800,22.5800,22.5800,21.6722,1,0.0000,1.0000
2015-02-23,22.5900,22.5900,22.5900,22.5900,21.6818,429,0.0000,1.0000
2015-02-20,22.5000,22.5000,22.5000,22.5000,21.5954,136,0.0000,1.0000
2015-02-19,22.5000,22.5100,22.5000,22.5100,21.6050,425,0.0000,1.0000
2015-02-18,21.9900,22.5100,21.9900,22.5100,21.6050,301,0.0000,1.0000
2015-02-17,22.5900,22.5900,22.0110,22.5700,21.6626,635,0.0000,1.0000
2015-02-13,22.5940,22.5940,22.5940,22.5940,21.6856,1,0.0000,1.0000
2015-02-12,22.2100,22.2100,22.2100,22.2100,21.3171,1,0.0000,1.0000
2015-02-11,22.4100,22.5940,22.4100,22.5940,21.6856,204,0.0000,1.0000
2015-02-10,22.9999,22.9999,22.9999,22.9999,22.0752,1,0.0000,1.0000
2015-02-09,22.7000,22.7000,22.7000,22.7000,21.7874,1,0.0000,1.0000
2015-02-06,22.7000,22.9999,22.7000,22.9999,22.0752,271,0.0000,1.0000
2015-02-05,22.9990,23.0000,22.5000,22.6600,21.7490,3256,0.0000,1.0000
2015-02-04,22.8300,22.8300,22.8300,22.8300,21.9121,1,0.0000,1.0000
2015-02-03,22.9890,22.9900,22.3000,22.8300,21.9121,3303,0.0000,1.0000
2015-02-02,22.5010,22.5010,22.2100,22.2100,21.3171,2596,0.0000,1.0000
2015-01-30,22.5000,22.5400,22.5000,22.5400,21.6338,2,0.0000,1.0000
2015-01-29,22.5900,22.5900,22.5900,22.5900,21.6818,1,0.0000,1.0000
2015-01-28,22.6500,22.6500,22.5700,22.5700,21.6626,36,0.0000,1.0000
2015-01-27,22.5000,22.5700,22.5000,22.5700,21.6626,137,0.0000,1.0000
2015-01-26,22.5000,23.0000,22.5000,22.7000,21.7874,2602,0.0000,1.0000
2015-01-23,22.6000,22.9700,22.6000,22.9700,22.0465,625,0.0000,1.0000
2015-01-22,22.8000,22.8000,21.7700,21.7700,20.8948,404,0.0000,1.0000
2015-01-21,22.2000,22.2000,22.0000,22.0000,21.1155,2839,0.0000,1.0000
2015-01-20,22.3500,22.9890,21.8901,22.9799,22.0560,2111,0.0000,1.0000
2015-01-16,22.3000,22.3000,21.8600,21.9100,21.0291,2768,0.0000,1.0000
2015-01-15,21.9000,21.9000,21.3500,21.6500,20.7796,7470,0.0000,1.0000
2015-01-14,21.4000,23.0000,21.3500,21.8300,20.9523,30902,0.0000,1.0000
2015-01-13,21.7100,21.7100,21.7100,21.7100,20.8372,100,0.0000,1.0000
2015-01-12,21.7179,21.7179,21.7179,21.7179,20.8448,421,0.0000,1.0000
2015-01-09,21.4500,21.4500,21.4500,21.4500,20.5876,500,0.0000,1.0000
2015-01-08,21.4500,21.4500,21.3500,21.4500,20.5876,2055,0.0000,1.0000
2015-01-07,21.3600,21.4500,21.3600,21.4500,20.5876,645,0.0000,1.0000
2015-01-06,21.3600,21.4500,21.3505,21.4500,20.5876,2411,0.0000,1.0000
2015-01-05,21.3501,21.3584,21.3500,21.3584,20.4997,800,0.0000,1.0000
2015-01-02,21.6000,21.6000,21.6000,21.6000,20.7316,0,0.0000,1.0000
2014-12-31,21.6000,21.6000,21.6000,21.6000,20.7316,300,0.0000,1.0000
2014-12-30,21.3600,21.3600,21.3600,21.3600,20.5012,363,0.0000,1.0000
2014-12-29,21.3500,21.3600,21.3500,21.3600,20.5012,2034,0.0000,1.0000
2014-12-26,21.3500,21.7500,21.3500,21.3500,20.4916,2739,0.0000,1.0000
2014-12-24,21.4000,21.4000,21.4000,21.4000,20.5396,0,0.0000,1.0000
2014-12-23,21.9600,21.9600,21.4000,21.4000,20.5396,686,0.0000,1.0000
2014-12-22,21.3500,21.6500,21.3500,21.4100,20.5492,701,0.0000,1.0000
2014-12-19,22.0600,22.0600,22.0600,22.0600,21.1731,21,0.0000,1.0000
2014-12-18,22.0600,22.0600,22.0600,22.0600,21.1731,0,0.0000,1.0000
2014-12-17,22.0600,22.0600,22.0600,22.0600,21.1731,121,0.0000,1.0000
2014-12-16,21.7200,21.7200,21.7200,21.7200,20.8468,71,0.0000,1.0000
2014-12-15,21.7200,21.7200,21.7200,21.7200,20.8468,0,0.0000,1.0000
2014-12-12,21.7200,21.7200,21.7200,21.7200,20.8468,0,0.0000,1.0000
2014-12-11,21.1500,21.7200,21.1500,21.7200,20.8468,1000,0.0000,1.0000
2014-12-10,21.1800,21.1800,21.1800,21.1800,20.3285,50,0.0000,1.0000
2014-12-09,21.1800,21.1800,21.1800,21.1800,20.3285,400,0.0000,1.0000
2014-12-08,21.2500,21.2500,21.2500,21.2500,20.3957,0,0.0700,1.0000
2014-12-05,21.2500,21.2500,21.2500,21.2500,20.3287,599,0.0000,1.0000
2014-12-04,21.0200,21.0200,21.0200,21.0200,20.1087,0,0.0000,1.0000
2014-12-03,21.0200,21.0200,21.0200,21.0200,20.1087,73,0.0000,1.0000
2014-12-02,21.0100,21.0700,21.0100,21.0200,20.1087,483,0.0000,1.0000
2014-12-01,21.2200,21.2201,21.0100,21.0360,20.1240,2112,0.0000,1.0000
2014-11-28,21.1433,21.1500,21.1433,21.1500,20.2330,1206,0.0000,1.0000
2014-11-26,21.4800,21.4800,21.3000,21.3000,20.3765,1019,0.0000,1.0000
2014-11-25,21.4800,21.4800,21.4800,21.4800,20.5487,171,0.0000,1.0000
2014-11-24,21.3600,21.3600,21.3600,21.3600,20.4339,0,0.0000,1.0000
2014-11-21,21.3600,21.3600,21.3600,21.3600,20.4339,650,0.0000,1.0000
2014-11-20,22.1700,22.2000,21.3100,21.5500,20.6157,1860,0.0000,1.0000
2014-11-19,21.3500,21.3500,21.3500,21.3500,20.4244,172,0.0000,1.0000
2014-11-18,22.2000,22.2000,21.9205,22.1400,21.1801,2947,0.0000,1.0000
2014-11-17,22.0700,22.2000,21.7600,21.9200,20.9697,6138,0.0000,1.0000
2014-11-14,21.3010,21.3010,21.3010,21.3010,20.3775,128,0.0000,1.0000
2014-11-13,22.0000,22.0000,22.0000,22.0000,21.0462,0,0.0000,1.0000
2014-11-12,22.0000,22.0000,22.0000,22.0000,21.0462,180,0.0000,1.0000
2014-11-11,21.5400,21.7500,21.5000,21.7500,20.8070,362,0.0000,1.0000
2014-11-10,22.0000,22.0000,22.0000,22.0000,21.0462,275,0.0000,1.0000
2014-11-07,22.0000,22.0000,22.0000,22.0000,21.0462,1100,0.0000,1.0000
2014-11-06,22.0000,22.0000,22.0000,22.0000,21.0462,14,0.0000,1.0000
2014-11-05,22.0000,22.0000,22.0000,22.0000,21.0462,1445,0.0000,1.0000
2014-11-04,22.0500,22.0500,22.0500,22.0500,21.0940,138,0.0000,1.0000
2014-11-03,21.9000,22.0500,21.9000,22.0500,21.0940,2203,0.0000,1.0000
2014-10-31,21.5900,21.9000,21.5900,21.9000,20.9505,300,0.0000,1.0000
2014-10-30,21.9400,22.0000,21.9400,21.9500,20.9984,2757,0.0000,1.0000
2014-10-29,21.9000,21.9001,21.9000,21.9001,20.9506,397,0.0000,1.0000
2014-10-28,21.3000,21.3000,21.3000,21.3000,20.3765,21,0.0000,1.0000
2014-10-27,21.2500,21.3000,21.2500,21.3000,20.3765,1100,0.0000,1.0000
2014-10-24,21.2600,21.2601,21.2600,21.2601,20.3384,2704,0.0000,1.0000
2014-10-23,21.0800,21.4000,21.0800,21.2700,20.3478,4923,0.0000,1.0000
2014-10-22,21.0500,21.0500,21.0001,21.0001,20.0896,303,0.0000,1.0000
2014-10-21,21.2500,21.2500,21.2500,21.2500,20.3287,814,0.0000,1.0000
2014-10-20,21.0610,21.0610,21.0610,21.0610,20.1479,920,0.0000,1.0000
2014-10-17,21.4000,21.4000,21.4000,21.4000,20.4722,0,0.0000,1.0000
2014-10-16,21.4000,21.4000,21.4000,21.4000,20.4722,96,0.0000,1.0000
2014-10-15,21.4000,21.4000,21.4000,21.4000,20.4722,0,0.0000,1.0000
2014-10-14,21.4000,21.4000,21.4000,21.4000,20.4722,0,0.0000,1.0000
2014-10-13,21.4000,21.4000,21.4000,21.4000,20.4722,192,0.0000,1.0000
2014-10-10,21.4000,21.4000,21.4000,21.4000,20.4722,0,0.0000,1.0000
2014-10-09,21.4000,21.4000,21.4000,21.4000,20.4722,120,0.0000,1.0000
2014-10-08,22.0000,22.0000,21.3510,21.3510,20.4253,442,0.0000,1.0000
2014-10-07,21.5000,21.8000,21.5000,21.6010,20.6645,5700,0.0000,1.0000
2014-10-06,21.0900,21.4500,21.0700,21.2600,20.3383,6591,0.0000,1.0000
2014-10-03,21.4500,21.5300,21.4400,21.4500,20.5200,6068,0.0000,1.0000
2014-10-02,21.4499,21.4500,21.4400,21.4500,20.5200,6650,0.0000,1.0000
2014-10-01,21.4500,21.4500,21.4500,21.4500,20.5200,303,0.0000,1.0000
2014-09-30,21.4500,21.4500,21.4000,21.4500,20.5200,2009,0.0000,1.0000
2014-09-29,21.4000,21.4000,21.4000,21.4000,20.4722,0,0.0000,1.0000
2014-09-26,21.8000,21.8000,21.4000,21.4000,20.4722,1748,0.0000,1.0000
2014-09-25,22.0000,22.0000,22.0000,22.0000,21.0462,0,0.0000,1.0000
2014-09-24,22.0000,22.0000,22.0000,22.0000,21.0462,51,0.0000,1.0000
2014-09-23,21.9700,22.0000,21.8500,22.0000,21.0462,1262,0.0000,1.0000
2014-09-22,21.9999,21.9999,21.9999,21.9999,21.0461,373,0.0000,1.0000
2014-09-19,21.4100,21.4100,21.4100,21.4100,20.4818,138,0.0000,1.0000
2014-09-18,21.3500,21.3500,21.3500,21.3500,20.4244,100,0.0000,1.0000
2014-09-17,21.9999,21.9999,21.9999,21.9999,21.0461,64,0.0000,1.0000
2014-09-16,21.9000,21.9999,21.8000,21.9999,21.0461,397,0.0000,1.0000
2014-09-15,21.3000,21.3000,21.3000,21.3000,20.3765,170,0.0000,1.0000
2014-09-12,21.7500,21.7500,21.7500,21.7500,20.8070,51,0.0000,1.0000
2014-09-11,21.7500,21.7500,21.7500,21.7500,20.8070,0,0.0000,1.0000
2014-09-10,21.7500,21.7500,21.7500,21.7500,20.8070,0,0.0000,1.0000
2014-09-09,21.7500,21.7500,21.7500,21.7500,20.8070,535,0.0000,1.0000
2014-09-08,21.9400,21.9400,21.7500,21.8800,20.9314,3004,0.0700,1.0000
2014-09-05,22.0000,22.0000,22.0000,22.0000,20.9791,700,0.0000,1.0000
2014-09-04,21.8000,21.8000,21.8000,21.8000,20.7883,1120,0.0000,1.0000
2014-09-03,21.9000,21.9500,21.8000,21.9500,20.9314,1400,0.0000,1.0000
2014-09-02,22.0000,22.0000,21.9050,21.9500,20.9314,2375,0.0000,1.0000
2014-08-29,21.5000,21.5000,21.5000,21.5000,20.5023,200,0.0000,1.0000
2014-08-28,22.0000,22.0000,21.3500,21.4150,20.4212,682,0.0000,1.0000
2014-08-27,22.0000,22.0000,21.9500,21.9500,20.9314,600,0.0000,1.0000
2014-08-26,21.9800,22.0000,21.9800,22.0000,20.9791,1500,0.0000,1.0000
2014-08-25,21.9000,22.0000,21.9000,22.0000,20.9791,1500,0.0000,1.0000
2014-08-22,21.7500,21.7500,21.7500,21.7500,20.7407,0,0.0000,1.0000
2014-08-21,21.7700,21.7700,21.7700,21.7700,20.7597,35,0.0000,1.0000
2014-08-20,22.0000,22.0000,21.7500,21.7500,20.7407,400,0.0000,1.0000
2014-08-19,21.9000,22.0000,21.9000,22.0000,20.9791,5200,0.0000,1.0000
2014-08-18,21.9890,21.9890,21.9890,21.9890,20.9686,184,0.0000,1.0000
2014-08-15,21.6799,21.7000,21.6300,21.6401,20.6359,2631,0.0000,1.0000
2014-08-14,21.7400,21.9500,21.7400,21.9500,20.9314,950,0.0000,1.0000
2014-08-13,21.5000,21.5000,21.5000,21.5000,20.5023,35,0.0000,1.0000
2014-08-12,21.3140,21.5000,21.3000,21.5000,20.5023,426,0.0000,1.0000
2014-08-11,21.2500,21.4000,21.2500,21.3250,20.3354,2846,0.0000,1.0000
2014-08-08,21.3000,21.3000,21.3000,21.3000,20.3116,0,0.0000,1.0000
2014-08-07,21.3000,21.3000,21.3000,21.3000,20.3116,0,0.0000,1.0000
2014-08-06,21.3000,21.3000,21.3000,21.3000,20.3116,361,0.0000,1.0000
2014-08-05,21.2800,21.3000,21.2800,21.3000,20.3116,2343,0.0000,1.0000
2014-08-04,21.4300,21.4300,20.9500,21.3400,20.3497,9594,0.0000,1.0000
2014-08-01,22.0000,22.0000,22.0000,22.0000,20.9791,157,0.0000,1.0000
2014-07-31,21.2000,21.2000,20.7600,20.7600,19.7966,1058,0.0000,1.0000
2014-07-30,21.0305,21.0305,21.0305,21.0305,20.0546,55,0.0000,1.0000
2014-07-29,21.0300,21.0300,21.0300,21.0300,20.0541,0,0.0000,1.0000
2014-07-28,21.0200,21.1600,21.0000,21.0305,20.0546,18374,0.0000,1.0000
2014-07-25,21.3000,21.3000,21.0500,21.0500,20.0732,22361,0.0000,1.0000
2014-07-24,21.0600,21.0600,21.0600,21.0600,20.0827,118,0.0000,1.0000
2014-07-23,21.0500,21.0500,21.0500,21.0500,20.0732,45,0.0000,1.0000
2014-07-22,21.9000,21.9000,21.0500,21.0500,20.0732,200,0.0000,1.0000
2014-07-21,21.6600,21.6600,21.6600,21.6600,20.6548,0,0.0000,1.0000
2014-07-18,21.8800,21.8800,21.5000,21.6600,20.6548,587,0.0000,1.0000
2014-07-17,21.0000,21.9900,21.0000,21.9200,20.9028,2724,0.0000,1.0000
2014-07-16,21.9200,21.9900,21.3100,21.5000,20.5023,3764,0.0000,1.0000
2014-07-15,21.8000,21.8000,21.0000,21.5000,20.5023,2452,0.0000,1.0000
2014-07-14,20.6600,21.0000,20.5730,21.0000,20.0255,2444,0.0000,1.0000
2014-07-11,21.2500,21.2500,21.2500,21.2500,20.2639,100,0.0000,1.0000
2014-07-10,20.5501,21.3340,20.5501,21.2500,20.2639,2122,0.0000,1.0000
2014-07-09,21.0500,21.2500,21.0500,21.2500,20.2639,1264,0.0000,1.0000
2014-07-08,21.2500,21.2500,21.2500,21.2500,20.2639,0,0.0000,1.0000
2014-07-07,20.5630,21.3000,20.5630,21.2500,20.2639,1300,0.0000,1.0000
2014-07-03,21.3505,21.3600,21.2500,21.2500,20.2639,1031,0.0000,1.0000
2014-07-02,20.6000,21.9500,20.5000,21.0000,20.0255,6008,0.0000,1.0000
2014-07-01,21.2500,21.2500,21.2500,21.2500,20.2639,0,0.0000,1.0000
2014-06-30,21.0500,21.2500,21.0500,21.2500,20.2639,1493,0.0000,1.0000
2014-06-27,21.0000,21.2500,21.0000,21.2200,20.2353,2876,0.0000,1.0000
2014-06-26,22.9000,22.9000,22.9000,22.9000,21.8373,0,0.0000,1.0000
2014-06-25,22.0000,22.9000,22.0000,22.9000,21.8373,1096,0.0000,1.0000
2014-06-24,21.2000,21.2000,21.2000,21.2000,20.2162,233,0.0000,1.0000
2014-06-23,22.8000,22.8000,22.8000,22.8000,21.7419,84,0.0000,1.0000
2014-06-20,22.8000,22.8000,22.8000,22.8000,21.7419,199,0.0000,1.0000
2014-06-19,22.7000,22.7500,22.7000,22.7500,21.6943,1907,0.0000,1.0000
2014-06-18,22.0000,22.0000,22.0000,22.0000,20.9791,96,0.0000,1.0000
2014-06-17,22.7499,22.7500,20.5601,22.7500,21.6943,1038,0.0000,1.0000
2014-06-16,21.2500,21.2500,21.2500,21.2500,20.2639,100,0.0000,1.0000
2014-06-13,21.2500,21.2500,21.2500,21.2500,20.2639,0,0.0000,1.0000
2014-06-12,21.2500,21.2500,21.2500,21.2500,20.2639,746,0.0000,1.0000
2014-06-11,20.6200,20.6200,20.6200,20.6200,19.6631,200,0.0000,1.0000
2014-06-10,20.4300,20.4300,20.4300,20.4300,19.4819,0,0.0000,1.0000
2014-06-09,20.4300,20.4300,20.4300,20.4300,19.4819,0,0.0000,1.0000
2014-06-06,21.2500,21.2500,21.2500,21.2500,20.2639,700,0.0700,1.0000
2014-06-05,22.9000,22.9000,22.9000,22.9000,21.7656,0,0.0000,1.0000
2014-06-04,22.9000,22.9000,22.9000,22.9000,21.7656,0,0.0000,1.0000
2014-06-03,21.2500,21.2500,21.2500,21.2500,20.1973,136,0.0000,1.0000
2014-06-02,21.2500,21.2500,21.2500,21.2500,20.1973,250,0.0000,1.0000
2014-05-30,21.4800,21.5000,21.4800,21.5000,20.4350,440,0.0000,1.0000
2014-05-29,21.3500,21.3500,21.3500,21.3500,20.2924,0,0.0000,1.0000
2014-05-28,21.0001,21.3500,21.0001,21.3500,20.2924,799,0.0000,1.0000
2014-05-27,21.2600,21.2600,21.2600,21.2600,20.2068,50,0.0000,1.0000
2014-05-23,20.7000,21.0000,20.7000,21.0000,19.9597,9857,0.0000,1.0000
2014-05-22,20.9700,22.7500,20.7001,20.8000,19.7696,5078,0.0000,1.0000
2014-05-21,20.7500,20.8000,20.7000,20.8000,19.7696,2668,0.0000,1.0000
2014-05-20,20.7000,20.7000,20.7000,20.7000,19.6746,400,0.0000,1.0000
2014-05-19,20.6900,20.7000,20.6900,20.7000,19.6746,546,0.0000,1.0000
2014-05-16,20.6900,20.6900,20.6900,20.6900,19.6651,100,0.0000,1.0000
2014-05-15,20.6000,20.6990,20.5000,20.6990,19.6736,2658,0.0000,1.0000
2014-05-14,20.5100,20.5100,20.5100,20.5100,19.4940,167,0.0000,1.0000
2014-05-13,20.5000,20.5000,20.5000,20.5000,19.4845,0,0.0000,1.0000
2014-05-12,20.5000,20.5000,20.5000,20.5000,19.4845,444,0.0000,1.0000
2014-05-09,19.2800,20.4700,19.2800,20.4700,19.4560,3847,0.0000,1.0000
2014-05-08,20.2000,20.4600,20.2000,20.4600,19.4465,1300,0.0000,1.0000
2014-05-07,20.4500,20.4500,20.3000,20.3000,19.2944,655,0.0000,1.0000
2014-05-06,20.0000,20.0000,20.0000,20.0000,19.0093,1963,0.0000,1.0000
2014-05-05,19.6710,20.0000,19.6700,20.0000,19.0093,1098,0.0000,1.0000
2014-05-02,20.2400,20.2400,20.2400,20.2400,19.2374,0,0.0000,1.0000
2014-05-01,19.9600,20.4800,19.9600,20.2400,19.2374,2899,0.0000,1.0000
2014-04-30,19.6800,19.6800,19.6800,19.6800,18.7051,258,0.0000,1.0000
2014-04-29,19.7500,20.0000,19.7500,20.0000,19.0093,1354,0.0000,1.0000
2014-04-28,19.6900,19.6900,19.6900,19.6900,18.7146,215,0.0000,1.0000
2014-04-25,19.5100,19.7500,19.5000,19.6906,18.7152,7100,0.0000,1.0000
2014-04-24,20.5000,20.5000,20.0000,20.2500,19.2469,3892,0.0000,1.0000
2014-04-23,19.7500,19.7510,19.7500,19.7510,18.7726,587,0.0000,1.0000
2014-04-22,20.0900,20.1000,20.0900,20.1000,19.1043,200,0.0000,1.0000
2014-04-21,20.3499,20.3499,20.0900,20.1480,19.1499,832,0.0000,1.0000
2014-04-17,19.8000,19.9300,19.7800,19.8300,18.8477,940,0.0000,1.0000
2014-04-16,20.0000,20.0000,19.8001,19.8001,18.8193,600,0.0000,1.0000
2014-04-15,20.5000,20.5000,20.5000,20.5000,19.4845,0,0.0000,1.0000
2014-04-14,20.2800,20.5000,20.1300,20.5000,19.4845,2406,0.0000,1.0000
2014-04-11,20.1900,20.2000,20.1900,20.2000,19.1994,378,0.0000,1.0000
2014-04-10,20.1800,20.1800,20.1800,20.1800,19.1803,100,0.0000,1.0000
2014-04-09,19.6001,19.6001,19.6001,19.6001,18.6292,300,0.0000,1.0000
2014-04-08,20.1600,20.1600,20.1600,20.1600,19.1613,100,0.0000,1.0000
2014-04-07,20.2000,20.2000,20.2000,20.2000,19.1994,100,0.0000,1.0000
2014-04-04,20.1300,20.1300,20.0500,20.0500,19.0568,200,0.0000,1.0000
2014-04-03,20.0600,20.0600,20.0600,20.0600,19.0663,74,0.0000,1.0000
2014-04-02,20.0000,20.2250,19.9500,20.0500,19.0568,12010,0.0000,1.0000
2014-04-01,20.1200,20.1200,20.1200,20.1200,19.1233,12,0.0000,1.0000
2014-03-31,19.6100,19.6100,19.5200,19.5200,18.5530,742,0.0000,1.0000
2014-03-28,20.5000,20.5000,20.5000,20.5000,19.4845,0,0.0000,1.0000
2014-03-27,19.9555,20.5000,19.9555,20.5000,19.4845,739,0.0000,1.0000
2014-03-26,20.5000,20.5000,20.5000,20.5000,19.4845,875,0.0000,1.0000
2014-03-25,20.4890,20.4890,20.4890,20.4890,19.4740,0,0.0000,1.0000
2014-03-24,20.4990,20.4990,20.4890,20.4890,19.4740,952,0.0000,1.0000
2014-03-21,19.9000,19.9000,19.9000,19.9000,18.9142,251,0.0000,1.0000
2014-03-20,20.0000,20.0000,20.0000,20.0000,19.0093,61,0.0000,1.0000
2014-03-19,20.1500,20.2750,19.7000,19.7000,18.7241,9232,0.0000,1.0000
2014-03-18,19.4308,20.0000,19.4000,20.0000,19.0093,2162,0.0000,1.0000
2014-03-17,19.9900,19.9900,19.9900,19.9900,18.9998,122,0.0000,1.0000
2014-03-14,19.0501,19.0501,19.0501,19.0501,18.1064,257,0.0000,1.0000
2014-03-13,19.2700,19.2700,19.2700,19.2700,18.3154,3,0.0000,1.0000
2014-03-12,19.9900,19.9900,19.9900,19.9900,18.9998,156,0.0000,1.0000
2014-03-11,19.9800,19.9900,19.0410,19.6000,18.6291,8651,0.0000,1.0000
2014-03-10,18.9700,19.1400,18.9700,19.1000,18.1538,1157,0.0000,1.0000
2014-03-07,19.8900,19.8900,19.8900,19.8900,18.9047,0,0.0000,1.0000
2014-03-06,19.8900,19.8900,19.8900,19.8900,18.9047,100,0.0700,1.0000
2014-03-05,19.5000,19.5000,19.5000,19.5000,18.4690,238,0.0000,1.0000
2014-03-04,19.0500,19.0500,19.0500,19.0500,18.0428,0,0.0000,1.0000
2014-03-03,19.0510,19.0510,19.0510,19.0510,18.0438,200,0.0000,1.0000
2014-02-28,18.8500,18.8500,18.8500,18.8500,17.8534,0,0.0000,1.0000
2014-02-27,18.8501,18.8501,18.8501,18.8501,17.8535,100,0.0000,1.0000
2014-02-26,20.4490,20.4490,19.9700,19.9700,18.9142,250,0.0000,1.0000
2014-02-25,19.4000,19.5000,19.0510,19.0510,18.0438,1349,0.0000,1.0000
2014-02-24,19.0700,19.0700,19.0001,19.0001,17.9956,525,0.0000,1.0000
2014-02-21,19.0000,19.4200,19.0000,19.4200,18.3933,1689,0.0000,1.0000
2014-02-20,19.1400,19.1400,18.8000,19.0000,17.9955,5351,0.0000,1.0000
2014-02-19,19.0600,19.0700,18.5300,19.0001,17.9956,1259,0.0000,1.0000
2014-02-18,20.0500,20.0500,20.0500,20.0500,18.9900,297,0.0000,1.0000
2014-02-14,20.6600,20.6600,20.6600,20.6600,19.5677,0,0.0000,1.0000
2014-02-13,20.6590,20.6590,20.6590,20.6590,19.5668,100,0.0000,1.0000
2014-02-12,20.6600,20.6600,20.6600,20.6600,19.5677,202,0.0000,1.0000
2014-02-11,20.6500,20.6500,20.6500,20.6500,19.5582,300,0.0000,1.0000
2014-02-10,20.6000,20.6000,20.6000,20.6000,19.5109,14,0.0000,1.0000
2014-02-07,20.6500,20.6600,20.6000,20.6000,19.5109,4468,0.0000,1.0000
2014-02-06,20.5500,20.6600,20.5500,20.6300,19.5393,6516,0.0000,1.0000
2014-02-05,20.5000,20.5000,20.5000,20.5000,19.4162,2,0.0000,1.0000
2014-02-04,20.6600,20.6600,20.4700,20.5000,19.4162,3047,0.0000,1.0000
2014-02-03,20.6136,20.6136,20.6136,20.6136,19.5238,668,0.0000,1.0000
2014-01-31,20.5000,20.5000,20.5000,20.5000,19.4162,9801,0.0000,1.0000
2014-01-30,20.6590,20.6590,20.6590,20.6590,19.5668,147,0.0000,1.0000
2014-01-29,20.5000,20.6500,20.5000,20.6500,19.5582,15435,0.0000,1.0000
2014-01-28,20.4000,20.6990,20.4000,20.6990,19.6046,481,0.0000,1.0000
2014-01-27,20.3100,20.4270,20.3100,20.4000,19.3214,2279,0.0000,1.0000
2014-01-24,20.5000,20.5000,20.0000,20.0300,18.9710,1784,0.0000,1.0000
2014-01-23,20.6500,20.7000,20.0500,20.7000,19.6056,4617,0.0000,1.0000
2014-01-22,20.5000,20.6500,20.5000,20.6500,19.5582,5589,0.0000,1.0000
2014-01-21,20.1000,20.2600,20.1000,20.2600,19.1888,691,0.0000,1.0000
2014-01-17,20.1000,20.2500,20.1000,20.2500,19.1794,1098,0.0000,1.0000
2014-01-16,20.2500,20.2500,20.2500,20.2500,19.1794,1404,0.0000,1.0000
2014-01-15,20.0000,20.0000,20.0000,20.0000,18.9426,229,0.0000,1.0000
2014-01-14,20.5000,20.6490,20.5000,20.6490,19.5573,960,0.0000,1.0000
2014-01-13,20.5000,20.5000,20.5000,20.5000,19.4162,111,0.0000,1.0000
2014-01-10,20.4750,20.4750,20.4750,20.4750,19.3925,126,0.0000,1.0000
2014-01-09,20.7000,20.7000,20.7000,20.7000,19.6056,1500,0.0000,1.0000
2014-01-08,20.7000,20.7000,20.7000,20.7000,19.6056,0,0.0000,1.0000
2014-01-07,20.7000,20.7000,20.7000,20.7000,19.6056,0,0.0000,1.0000
2014-01-06,20.7000,20.7000,20.7000,20.7000,19.6056,0,0.0000,1.0000
2014-01-03,20.7000,20.7000,20.7000,20.7000,19.6056,0,0.0000,1.0000
2014-01-02,20.7000,20.7000,20.7000,20.7000,19.6056,6,0.0000,1.0000
2013-12-31,19.3300,19.3300,19.3300,19.3300,18.3080,3,0.0000,1.0000
2013-12-30,20.7500,20.7500,20.7500,20.7500,19.6529,0,0.0000,1.0000
2013-12-27,20.0000,20.7500,20.0000,20.7500,19.6529,405,0.0000,1.0000
2013-12-26,20.7500,20.7500,20.7500,20.7500,19.6529,0,0.0000,1.0000
2013-12-24,19.3300,19.3300,19.3300,19.3300,18.3080,1,0.0000,1.0000
2013-12-23,20.7500,20.7500,20.7500,20.7500,19.6529,480,0.0000,1.0000
2013-12-20,19.0500,19.0500,19.0500,19.0500,18.0428,309,0.0000,1.0000
2013-12-19,20.4300,20.4300,20.4300,20.4300,19.3499,0,0.0000,1.0000
2013-12-18,20.4300,20.4300,20.4300,20.4300,19.3499,0,0.0000,1.0000
2013-12-17,20.4300,20.9300,20.4300,20.9300,19.8234,297,0.0000,1.0000
2013-12-16,20.0000,20.0100,20.0000,20.0000,18.9426,1262,0.0000,1.0000
2013-12-13,18.5460,20.4000,18.5100,20.4000,19.3214,500,0.0000,1.0000
2013-12-12,20.5000,20.5000,20.5000,20.5000,19.4162,94,0.0000,1.0000
2013-12-11,19.8000,19.8000,19.8000,19.8000,18.7532,0,0.0000,1.0000
2013-12-10,20.5000,20.5000,20.5000,20.5000,19.4162,7,0.0000,1.0000
2013-12-09,19.9000,19.9000,19.9000,19.9000,18.8479,13,0.0000,1.0000
2013-12-06,19.8000,19.8000,19.8000,19.8000,18.7532,0,0.0700,1.0000
2013-12-05,19.6300,19.8000,19.6300,19.8000,18.6871,300,0.0000,1.0000
2013-12-04,20.1300,20.1300,20.1300,20.1300,18.9986,30,0.0000,1.0000
2013-12-03,19.8100,19.8100,19.8100,19.8100,18.6965,0,0.0000,1.0000
2013-12-02,19.6000,19.8100,19.6000,19.8100,18.6965,1284,0.0000,1.0000
2013-11-29,19.6400,19.6400,19.6400,19.6400,18.5361,100,0.0000,1.0000
2013-11-27,19.8800,19.8800,19.8800,19.8800,18.7626,400,0.0000,1.0000
2013-11-26,21.0000,21.0000,21.0000,21.0000,19.8197,200,0.0000,1.0000
2013-11-25,21.0000,21.0000,21.0000,21.0000,19.8197,0,0.0000,1.0000
2013-11-22,21.1500,21.1500,21.1500,21.1500,19.9612,45,0.0000,1.0000
2013-11-21,21.0000,21.0000,20.9600,21.0000,19.8197,4256,0.0000,1.0000
2013-11-20,20.9700,21.2530,20.9700,21.2000,20.0084,3398,0.0000,1.0000
2013-11-19,20.1100,20.1100,20.1100,20.1100,18.9797,0,0.0000,1.0000
2013-11-18,20.2500,20.2500,20.2500,20.2500,19.1118,14,0.0000,1.0000
2013-11-15,20.9700,20.9700,20.9700,20.9700,19.7913,90,0.0000,1.0000
2013-11-14,20.1100,20.1100,20.1100,20.1100,18.9797,0,0.0000,1.0000
2013-11-13,20.1100,20.1100,20.1100,20.1100,18.9797,0,0.0000,1.0000
2013-11-12,20.2100,20.2100,20.1100,20.1100,18.9797,241,0.0000,1.0000
2013-11-11,20.2000,20.2000,20.0298,20.0298,18.9040,500,0.0000,1.0000
2013-11-08,20.9500,20.9500,20.9500,20.9500,19.7725,300,0.0000,1.0000
2013-11-07,21.0000,21.0000,21.0000,21.0000,19.8197,0,0.0000,1.0000
2013-11-06,21.0000,21.0000,21.0000,21.0000,19.8197,314,0.0000,1.0000
2013-11-05,20.0000,20.0000,20.0000,20.0000,18.8759,0,0.0000,1.0000
2013-11-04,20.0000,20.0000,20.0000,20.0000,18.8759,1300,0.0000,1.0000
2013-11-01,20.0000,20.0000,20.0000,20.0000,18.8759,0,0.0000,1.0000
2013-10-31,20.0000,20.0000,20.0000,20.0000,18.8759,100,0.0000,1.0000
2013-10-30,20.5700,20.5700,20.0000,20.0000,18.8759,1851,0.0000,1.0000
2013-10-29,20.0454,20.0454,20.0454,20.0454,18.9187,231,0.0000,1.0000
2013-10-28,20.0201,20.0201,20.0201,20.0201,18.8948,0,0.0000,1.0000
2013-10-25,20.0201,20.0201,20.0201,20.0201,18.8948,0,0.0000,1.0000
2013-10-24,20.0201,20.0201,20.0200,20.0201,18.8948,900,0.0000,1.0000
2013-10-23,20.0210,20.0210,20.0210,20.0210,18.8957,100,0.0000,1.0000
2013-10-22,19.6100,19.6100,19.6100,19.6100,18.5078,100,0.0000,1.0000
2013-10-21,22.0000,22.0000,22.0000,22.0000,20.7634,0,0.0000,1.0000
2013-10-18,19.9500,22.0000,19.9500,22.0000,20.7634,9255,0.0000,1.0000
2013-10-17,20.0000,20.0000,20.0000,20.0000,18.8759,0,0.0000,1.0000
2013-10-16,19.4000,20.0000,19.4000,20.0000,18.8759,1462,0.0000,1.0000
2013-10-15,20.0000,20.0000,20.0000,20.0000,18.8759,0,0.0000,1.0000
2013-10-14,20.0000,20.0000,20.0000,20.0000,18.8759,0,0.0000,1.0000
2013-10-11,20.0000,20.0000,20.0000,20.0000,18.8759,0,0.0000,1.0000
2013-10-10,19.5500,20.0000,19.3500,20.0000,18.8759,11700,0.0000,1.0000
2013-10-09,20.0500,20.0500,19.2400,19.5000,18.4040,652,0.0000,1.0000
2013-10-08,20.0000,20.0300,20.0000,20.0000,18.8759,800,0.0000,1.0000
2013-10-07,20.7700,20.7700,20.7700,20.7700,19.6026,0,0.0000,1.0000
2013-10-04,20.7700,20.7700,20.7700,20.7700,19.6026,200,0.0000,1.0000
2013-10-03,19.8900,20.9899,19.8900,20.9500,19.7725,3137,0.0000,1.0000
2013-10-02,20.8300,20.8300,20.8300,20.8300,19.6592,0,0.0000,1.0000
2013-10-01,20.8300,20.8300,20.8300,20.8300,19.6592,100,0.0000,1.0000
2013-09-30,19.7900,21.0000,19.7900,20.9600,19.7819,1715,0.0000,1.0000
2013-09-27,19.6900,19.6900,19.6900,19.6900,18.5833,103,0.0000,1.0000
2013-09-26,21.8100,21.8100,19.9400,21.7700,20.5464,510,0.0000,1.0000
2013-09-25,21.9500,21.9500,21.8000,21.8000,20.5747,400,0.0000,1.0000
2013-09-24,21.8800,21.8800,21.8800,21.8800,20.6502,416,0.0000,1.0000
2013-09-23,21.0800,21.0800,21.0800,21.0800,19.8952,395,0.0000,1.0000
2013-09-20,20.4000,20.4000,20.4000,20.4000,19.2534,300,0.0000,1.0000
2013-09-19,19.1300,20.4200,19.0000,20.4200,19.2723,500,0.0000,1.0000
2013-09-18,21.3000,21.3000,21.3000,21.3000,20.1028,246,0.0000,1.0000
2013-09-17,21.3100,21.3100,21.3100,21.3100,20.1122,100,0.0000,1.0000
2013-09-16,22.7900,22.7900,20.5600,21.2000,20.0084,3507,0.0000,1.0000
2013-09-13,21.1500,22.9900,21.1400,22.6400,21.3675,15276,0.0000,1.0000
2013-09-12,19.9700,23.4300,19.7075,21.0001,19.8197,12354,0.0000,1.0000
2013-09-11,19.4300,19.5000,18.2500,19.4501,18.3569,7699,0.0000,1.0000
2013-09-10,19.5000,19.5000,19.4390,19.4390,18.3464,630,0.0000,1.0000
2013-09-09,19.5000,19.5000,19.5000,19.5000,18.4040,0,0.0000,1.0000
2013-09-06,19.7700,19.7700,19.5000,19.5000,18.4040,600,0.0700,1.0000
2013-09-05,18.3200,19.9800,18.2000,19.9800,18.7895,2326,0.0000,1.0000
2013-09-04,18.3500,18.3500,18.3500,18.3500,17.2567,190,0.0000,1.0000
2013-09-03,19.0000,19.0000,18.2600,18.2600,17.1720,600,0.0000,1.0000
2013-08-30,18.9600,18.9940,16.0300,18.5300,17.4259,1339,0.0000,1.0000
2013-08-29,18.2100,19.0000,18.2100,19.0000,17.8679,321,0.0000,1.0000
2013-08-28,18.2300,18.2300,18.2300,18.2300,17.1438,0,0.0000,1.0000
2013-08-27,18.2300,18.2300,18.2300,18.2300,17.1438,0,0.0000,1.0000
2013-08-26,18.2300,18.2300,18.2300,18.2300,17.1438,0,0.0000,1.0000
2013-08-23,18.2300,18.2300,18.2300,18.2300,17.1438,100,0.0000,1.0000
2013-08-22,18.1000,18.1000,18.1000,18.1000,17.0216,191,0.0000,1.0000
2013-08-21,18.0000,18.0000,18.0000,18.0000,16.9275,2173,0.0000,1.0000
2013-08-20,18.2900,18.2900,18.2900,18.2900,17.2002,0,0.0000,1.0000
2013-08-19,18.2900,18.2900,18.2900,18.2900,17.2002,0,0.0000,1.0000
2013-08-16,18.0000,18.2900,18.0000,18.2900,17.2002,1800,0.0000,1.0000
2013-08-15,17.9672,17.9672,17.9672,17.9672,16.8967,375,0.0000,1.0000
2013-08-14,17.6500,18.2300,17.6500,17.8100,16.7488,2738,0.0000,1.0000
2013-08-13,18.0000,18.0000,18.0000,18.0000,16.9275,600,0.0000,1.0000
2013-08-12,17.8000,17.8000,17.8000,17.8000,16.7394,0,0.0000,1.0000
2013-08-09,17.4100,18.0000,17.3501,17.8000,16.7394,900,0.0000,1.0000
2013-08-08,17.8900,18.5000,17.8900,18.5000,17.3977,849,0.0000,1.0000
2013-08-07,17.9700,17.9700,17.9500,17.9500,16.8805,450,0.0000,1.0000
2013-08-06,18.0500,18.0500,17.6800,17.8000,16.7394,1404,0.0000,1.0000
2013-08-05,17.9700,17.9700,17.9700,17.9700,16.8993,0,0.0000,1.0000
2013-08-02,17.9700,17.9700,17.9700,17.9700,16.8993,200,0.0000,1.0000
2013-08-01,17.9400,17.9400,17.9400,17.9400,16.8711,0,0.0000,1.0000
2013-07-31,17.9400,17.9400,17.9400,17.9400,16.8711,100,0.0000,1.0000
2013-07-30,18.9890,18.9890,18.0000,18.0001,16.9276,1782,0.0000,1.0000
2013-07-29,18.2300,18.2300,18.2300,18.2300,17.1438,250,0.0000,1.0000
2013-07-26,18.0000,18.5200,17.9900,18.1200,17.0404,1700,0.0000,1.0000
2013-07-25,17.8200,18.0000,17.8200,18.0000,16.9275,1226,0.0000,1.0000
2013-07-24,17.8500,17.8500,17.8500,17.8500,16.7864,300,0.0000,1.0000
2013-07-23,17.7500,18.1700,17.7500,17.8000,16.7394,2588,0.0000,1.0000
2013-07-22,17.6100,17.7000,17.5800,17.7000,16.6454,2100,0.0000,1.0000
2013-07-19,17.5000,17.5000,17.5000,17.5000,16.4573,1600,0.0000,1.0000
2013-07-18,17.5400,17.5400,17.5400,17.5400,16.4949,100,0.0000,1.0000
2013-07-17,17.7000,17.7000,17.7000,17.7000,16.6454,0,0.0000,1.0000
2013-07-16,17.7000,17.7000,17.7000,17.7000,16.6454,0,0.0000,1.0000
2013-07-15,17.7000,17.7000,17.7000,17.7000,16.6454,359,0.0000,1.0000
2013-07-12,17.7100,17.7100,17.7100,17.7100,16.6548,110,0.0000,1.0000
2013-07-11,17.2500,17.3500,17.0200,17.2500,16.2222,6303,0.0000,1.0000
2013-07-10,17.1400,17.1400,17.1400,17.1400,16.1188,100,0.0000,1.0000
2013-07-09,17.0500,17.0500,17.0500,17.0500,16.0341,100,0.0000,1.0000
2013-07-08,17.1200,17.2000,17.1200,17.2000,16.1752,400,0.0000,1.0000
2013-07-05,17.0600,17.1900,17.0600,17.1900,16.1658,377,0.0000,1.0000
2013-07-03,16.5000,17.3000,16.5000,16.9600,15.9495,2044,0.0000,1.0000
2013-07-02,17.2200,17.2200,17.2200,17.2200,16.1940,100,0.0000,1.0000
2013-07-01,17.2500,17.4000,17.2500,17.4000,16.3633,310,0.0000,1.0000
2013-06-28,17.5900,17.7100,17.5900,17.7100,16.6548,564,0.0000,1.0000
2013-06-27,17.1500,17.3900,17.1500,17.3800,16.3445,800,0.0000,1.0000
2013-06-26,17.0300,17.0300,17.0300,17.0300,16.0153,0,0.0000,1.0000
2013-06-25,17.0300,17.0300,17.0300,17.0300,16.0153,300,0.0000,1.0000
2013-06-24,17.6600,17.7500,16.5300,17.1400,16.1188,3795,0.0000,1.0000
2013-06-21,17.1000,17.6800,17.0900,17.6800,16.6266,9586,0.0000,1.0000
2013-06-20,17.5300,17.5300,16.5000,17.1350,16.1140,15729,0.0000,1.0000
2013-06-19,17.2501,17.3500,17.2500,17.3000,16.2692,553,0.0000,1.0000
2013-06-18,17.3300,17.3300,17.1250,17.2500,16.2222,3167,0.0000,1.0000
2013-06-17,17.3500,17.3500,17.2500,17.2500,16.2222,317,0.0000,1.0000
2013-06-14,17.3000,17.5300,16.9000,17.2700,16.2410,1484,0.0000,1.0000
2013-06-13,17.2500,17.2500,17.2200,17.2400,16.2128,900,0.0000,1.0000
2013-06-12,17.2600,17.2600,17.2500,17.2500,16.2222,200,0.0000,1.0000
2013-06-11,17.0200,17.2500,17.0000,17.2500,16.2222,900,0.0000,1.0000
2013-06-10,17.2000,17.2000,17.2000,17.2000,16.1752,100,0.0000,1.0000
2013-06-07,17.1500,17.1500,17.1500,17.1500,16.1282,1500,0.0000,1.0000
2013-06-06,17.1600,17.1600,17.0600,17.0600,16.0435,2400,0.0700,1.0000
2013-06-05,17.2300,17.2500,17.0000,17.2300,16.1372,1822,0.0000,1.0000
2013-06-04,17.5200,17.5200,17.2500,17.2500,16.1559,400,0.0000,1.0000
2013-06-03,17.5900,17.5900,16.9000,16.9000,15.8281,523,0.0000,1.0000
2013-05-31,17.4700,17.5000,17.4700,17.5000,16.3900,2100,0.0000,1.0000
2013-05-30,17.2500,17.2500,17.2500,17.2500,16.1559,0,0.0000,1.0000
2013-05-29,17.2600,17.5000,17.2500,17.2500,16.1559,1608,0.0000,1.0000
2013-05-28,16.9700,16.9700,16.9700,16.9700,15.8937,300,0.0000,1.0000
2013-05-24,17.2500,17.2500,17.0000,17.0000,15.9218,410,0.0000,1.0000
2013-05-23,17.2500,17.3800,17.2500,17.3800,16.2777,1327,0.0000,1.0000
2013-05-22,17.0300,17.0300,17.0000,17.0000,15.9218,661,0.0000,1.0000
2013-05-21,16.9601,16.9601,16.9601,16.9601,15.8844,300,0.0000,1.0000
2013-05-20,17.3490,17.3500,17.3100,17.3500,16.2496,1391,0.0000,1.0000
2013-05-17,17.3500,17.3500,17.3500,17.3500,16.2496,0,0.0000,1.0000
2013-05-16,17.2700,17.3500,17.2700,17.3500,16.2496,434,0.0000,1.0000
2013-05-15,17.3500,17.3500,17.3500,17.3500,16.2496,148,0.0000,1.0000
2013-05-14,17.0010,17.0350,17.0000,17.0350,15.9545,5531,0.0000,1.0000
2013-05-13,17.0000,17.3499,17.0000,17.3499,16.2495,400,0.0000,1.0000
2013-05-10,17.0000,17.0000,17.0000,17.0000,15.9218,300,0.0000,1.0000
2013-05-09,17.0000,17.0000,17.0000,17.0000,15.9218,100,0.0000,1.0000
2013-05-08,17.0000,17.0000,17.0000,17.0000,15.9218,0,0.0000,1.0000
2013-05-07,17.0000,17.0000,17.0000,17.0000,15.9218,0,0.0000,1.0000
2013-05-06,17.0000,17.0000,17.0000,17.0000,15.9218,42,0.0000,1.0000
2013-05-03,16.8800,17.0000,16.8800,17.0000,15.9218,2531,0.0000,1.0000
2013-05-02,16.9000,16.9000,16.9000,16.9000,15.8281,100,0.0000,1.0000
2013-05-01,17.1500,17.1500,16.9200,16.9200,15.8468,231,0.0000,1.0000
2013-04-30,16.9000,17.3499,16.9000,16.9000,15.8281,1800,0.0000,1.0000
2013-04-29,17.0000,17.3500,16.9500,17.3500,16.2496,1774,0.0000,1.0000
2013-04-26,17.0000,17.0010,16.4000,16.9000,15.8281,2183,0.0000,1.0000
2013-04-25,17.0600,17.0600,17.0500,17.0500,15.9686,388,0.0000,1.0000
2013-04-24,17.0000,17.0101,16.9000,16.9010,15.8290,13118,0.0000,1.0000
2013-04-23,16.9000,16.9000,16.9000,16.9000,15.8281,100,0.0000,1.0000
2013-04-22,17.0000,17.0000,17.0000,17.0000,15.9218,0,0.0000,1.0000
2013-04-19,17.0000,17.0000,17.0000,17.0000,15.9218,180,0.0000,1.0000
2013-04-18,17.0600,17.0600,17.0600,17.0600,15.9780,0,0.0000,1.0000
2013-04-17,17.0600,17.0600,17.0600,17.0600,15.9780,0,0.0000,1.0000
2013-04-16,17.0600,17.0600,17.0600,17.0600,15.9780,100,0.0000,1.0000
2013-04-15,17.0300,17.0300,17.0000,17.0000,15.9218,1008,0.0000,1.0000
2013-04-12,17.3500,17.3500,17.0000,17.0000,15.9218,8401,0.0000,1.0000
2013-04-11,17.2200,17.3500,16.8700,17.3500,16.2496,2494,0.0000,1.0000
2013-04-10,17.2500,17.3500,17.2200,17.3000,16.2027,2423,0.0000,1.0000
2013-04-09,17.2200,17.2200,17.2200,17.2200,16.1278,100,0.0000,1.0000
2013-04-08,17.2000,17.2000,17.2000,17.2000,16.1091,100,0.0000,1.0000
2013-04-05,16.6500,17.2500,16.6500,17.2500,16.1559,1142,0.0000,1.0000
2013-04-04,16.9100,16.9100,16.9100,16.9100,15.8375,0,0.0000,1.0000
2013-04-03,16.7500,16.9429,16.7500,16.9100,15.8375,600,0.0000,1.0000
2013-04-02,16.9001,16.9300,16.9000,16.9001,15.8282,1372,0.0000,1.0000
2013-04-01,16.8000,17.0000,16.8000,16.9000,15.8281,10363,0.0000,1.0000
2013-03-28,16.8000,16.8000,16.8000,16.8000,15.7344,200,0.0000,1.0000
2013-03-27,16.6000,16.7520,16.4300,16.7500,15.6876,3600,0.0000,1.0000
2013-03-26,16.6500,16.6500,16.6500,16.6500,15.5940,1,0.0000,1.0000
2013-03-25,16.7500,16.7500,16.7500,16.7500,15.6876,0,0.0000,1.0000
2013-03-22,16.8000,16.8000,16.6000,16.7500,15.6876,4163,0.0000,1.0000
2013-03-21,16.8000,16.8000,16.8000,16.8000,15.7344,536,0.0000,1.0000
2013-03-20,16.6000,16.6000,16.6000,16.6000,15.5471,0,0.0000,1.0000
2013-03-19,16.6000,16.6000,16.6000,16.6000,15.5471,1000,0.0000,1.0000
2013-03-18,16.6750,16.6750,16.6000,16.6000,15.5471,967,0.0000,1.0000
2013-03-15,16.7800,16.7800,16.6501,16.6501,15.5941,200,0.0000,1.0000
2013-03-14,16.8000,16.8000,16.8000,16.8000,15.7344,163,0.0000,1.0000
2013-03-13,16.7500,16.7500,16.7000,16.7400,15.6783,1007,0.0000,1.0000
2013-03-12,16.6501,16.6501,16.6501,16.6501,15.5941,120,0.0000,1.0000
2013-03-11,16.6000,16.6000,16.6000,16.6000,15.5471,0,0.0000,1.0000
2013-03-08,16.6000,16.7000,16.6000,16.6000,15.5471,1254,0.0000,1.0000
2013-03-07,16.6100,16.6100,16.6100,16.6100,15.5565,300,0.0000,1.0000
2013-03-06,16.6000,16.6000,16.6000,16.6000,15.5471,300,0.0700,1.0000
2013-03-05,16.6600,16.6600,16.6600,16.6600,15.5378,233,0.0000,1.0000
2013-03-04,16.7800,16.7800,16.7800,16.7800,15.6497,0,0.0000,1.0000
2013-03-01,16.7800,16.7800,16.7800,16.7800,15.6497,300,0.0000,1.0000
2013-02-28,16.6100,16.8000,16.5000,16.8000,15.6684,413,0.0000,1.0000
2013-02-27,16.6650,16.7250,16.6501,16.6501,15.5286,401,0.0000,1.0000
2013-02-26,16.7300,16.7300,16.7300,16.7300,15.6031,100,0.0000,1.0000
2013-02-25,16.7100,16.7300,16.7000,16.7300,15.6031,428,0.0000,1.0000
2013-02-22,16.7100,16.7500,16.7100,16.7500,15.6217,1311,0.0000,1.0000
2013-02-21,16.6600,16.6600,16.6600,16.6600,15.5378,300,0.0000,1.0000
2013-02-20,16.9784,16.9784,16.9784,16.9784,15.8348,300,0.0000,1.0000
2013-02-19,16.6300,16.8000,16.6300,16.8000,15.6684,300,0.0000,1.0000
2013-02-15,16.7500,17.0000,16.7500,17.0000,15.8549,1308,0.0000,1.0000
2013-02-14,16.6001,16.6001,16.6001,16.6001,15.4819,97,0.0000,1.0000
2013-02-13,16.6001,16.6001,16.6001,16.6001,15.4819,0,0.0000,1.0000
2013-02-12,16.6000,16.7500,16.6000,16.6001,15.4819,831,0.0000,1.0000
2013-02-11,16.6000,16.6000,16.6000,16.6000,15.4818,0,0.0000,1.0000
2013-02-08,16.6700,16.6700,16.6000,16.6000,15.4818,1635,0.0000,1.0000
2013-02-07,16.6000,16.6000,16.6000,16.6000,15.4818,284,0.0000,1.0000
2013-02-06,16.4800,16.4800,16.4800,16.4800,15.3699,0,0.0000,1.0000
2013-02-05,16.5000,16.5000,16.4200,16.4800,15.3699,2500,0.0000,1.0000
2013-02-04,16.3600,16.7499,16.3600,16.4001,15.2954,2649,0.0000,1.0000
2013-02-01,16.4900,16.4900,16.4900,16.4900,15.3793,100,0.0000,1.0000
2013-01-31,16.4500,16.4500,16.4500,16.4500,15.3420,100,0.0000,1.0000
2013-01-30,16.2100,16.4500,16.2100,16.4500,15.3420,1370,0.0000,1.0000
2013-01-29,16.1800,16.4240,16.1800,16.2100,15.1181,300,0.0000,1.0000
2013-01-28,16.1800,16.2000,16.0500,16.0500,14.9689,4700,0.0000,1.0000
2013-01-25,15.9000,16.1900,15.9000,16.1900,15.0995,8456,0.0000,1.0000
2013-01-24,15.7500,15.9000,15.7500,15.9000,14.8290,1031,0.0000,1.0000
2013-01-23,16.6800,16.6800,15.3600,15.5500,14.5026,400,0.0000,1.0000
2013-01-22,16.7000,16.7000,16.7000,16.7000,15.5751,10000,0.0000,1.0000
2013-01-18,16.2700,16.2700,16.2700,16.2700,15.1741,0,0.0000,1.0000
2013-01-17,16.2500,16.2680,16.2500,16.2680,15.1722,200,0.0000,1.0000
2013-01-16,16.6220,16.6220,16.6220,16.6220,15.5024,125,0.0000,1.0000
2013-01-15,16.7400,16.7500,16.0400,16.4000,15.2953,1300,0.0000,1.0000
2013-01-14,16.5500,16.7500,16.5500,16.7500,15.6217,404,0.0000,1.0000
2013-01-11,16.0000,16.6000,15.9700,16.6000,15.4818,1200,0.0000,1.0000
2013-01-10,15.8600,15.8600,15.8600,15.8600,14.7917,100,0.0000,1.0000
2013-01-09,15.9300,15.9300,15.4400,15.8500,14.7824,1700,0.0000,1.0000
2013-01-08,15.1900,15.7100,15.1900,15.4301,14.3908,1984,0.0000,1.0000
2013-01-07,15.4900,15.4900,15.1900,15.1900,14.1668,400,0.0000,1.0000
2013-01-04,15.9200,15.9200,15.9200,15.9200,14.8477,0,0.0000,1.0000
2013-01-03,15.7800,15.9200,15.1600,15.9200,14.8477,2211,0.0000,1.0000
2013-01-02,15.5100,15.9800,15.2300,15.7999,14.7356,6382,0.0000,1.0000
2012-12-31,15.5000,15.5000,15.5000,15.5000,14.4559,900,0.0000,1.0000
2012-12-28,14.8700,15.5000,14.8700,15.0700,14.0549,5928,0.0000,1.0000
2012-12-27,15.3100,15.3100,14.9900,15.0000,13.9896,4824,0.0000,1.0000
2012-12-26,15.5100,15.5100,15.5100,15.5100,14.4653,0,0.0000,1.0000
2012-12-24,15.5100,15.5100,15.5100,15.5100,14.4653,1,0.0000,1.0000
2012-12-21,15.9000,15.9300,15.5100,15.5100,14.4653,506,0.0000,1.0000
2012-12-20,15.3200,15.9300,15.2500,15.3100,14.2787,2500,0.0000,1.0000
2012-12-19,15.5600,15.5600,15.5600,15.5600,14.5119,0,0.0000,1.0000
2012-12-18,15.5999,15.9000,15.5400,15.5600,14.5119,7600,0.0000,1.0000
2012-12-17,15.5800,15.6600,15.3500,15.3500,14.3160,2100,0.0000,1.0000
2012-12-14,15.5000,15.6200,15.4100,15.6200,14.5679,1685,0.0000,1.0000
2012-12-13,16.5100,16.5100,15.6000,15.6000,14.5492,200,0.0000,1.0000
2012-12-12,15.3500,15.6500,15.2500,15.4300,14.3907,6000,0.0000,1.0000
2012-12-11,16.4300,16.4300,15.1000,15.8000,14.7357,8128,0.0000,1.0000
2012-12-10,16.6834,16.6834,16.6834,16.6834,15.5596,100,0.0000,1.0000
2012-12-07,15.2700,15.9000,15.2700,15.7000,14.6425,1300,0.0000,1.0000
2012-12-06,15.8000,15.8000,15.8000,15.8000,14.7357,325,0.0500,1.0000
2012-12-05,15.9500,16.2500,15.9000,15.9000,14.7822,4169,0.0000,1.0000
2012-12-04,15.8300,16.0000,15.8300,15.9100,14.7915,1600,0.0000,1.0000
2012-12-03,15.5900,15.9699,15.5900,15.9000,14.7822,1049,0.0000,1.0000
2012-11-30,15.9300,16.0000,15.1100,15.4500,14.3639,3500,0.0000,1.0000
2012-11-29,15.2400,15.2400,15.2400,15.2400,14.1686,300,0.0000,1.0000
2012-11-28,15.1000,15.4000,15.1000,15.3000,14.2244,5485,0.0000,1.0000
2012-11-27,15.2100,15.2100,15.0000,15.1500,14.0849,3200,0.0000,1.0000
2012-11-26,15.4312,15.4312,15.4312,15.4312,14.3464,0,0.0000,1.0000
2012-11-23,15.4312,15.4312,15.4312,15.4312,14.3464,0,0.0000,1.0000
2012-11-21,15.4312,15.4312,15.4312,15.4312,14.3464,300,0.0000,1.0000
2012-11-20,15.7500,15.9000,15.7000,15.9000,14.7822,1530,0.0000,1.0000
2012-11-19,15.3400,15.5700,15.2300,15.5700,14.4754,1200,0.0000,1.0000
2012-11-16,16.0000,16.0000,16.0000,16.0000,14.8752,0,0.0000,1.0000
2012-11-15,15.0100,16.0000,15.0100,16.0000,14.8752,567,0.0000,1.0000
2012-11-14,16.0000,16.0000,16.0000,16.0000,14.8752,0,0.0000,1.0000
2012-11-13,16.2500,16.3000,16.0000,16.0000,14.8752,1900,0.0000,1.0000
2012-11-12,16.0200,16.0200,16.0200,16.0200,14.8938,0,0.0000,1.0000
2012-11-09,16.0200,16.0200,16.0200,16.0200,14.8938,0,0.0000,1.0000
2012-11-08,16.0200,16.0200,16.0200,16.0200,14.8938,0,0.0000,1.0000
2012-11-07,16.0200,16.0200,16.0200,16.0200,14.8938,0,0.0000,1.0000
2012-11-06,16.0200,16.0200,16.0200,16.0200,14.8938,0,0.0000,1.0000
2012-11-05,16.0200,16.0200,16.0200,16.0200,14.8938,0,0.0000,1.0000
2012-11-02,16.0200,16.0200,16.0200,16.0200,14.8938,0,0.0000,1.0000
2012-11-01,15.6600,16.0200,15.6600,16.0200,14.8938,579,0.0000,1.0000
2012-10-31,15.5000,15.5000,15.1300,15.5000,14.4103,4196,0.0000,1.0000
2012-10-26,15.7500,15.7500,15.7500,15.7500,14.6428,200,0.0000,1.0000
2012-10-25,15.6800,15.6800,15.6800,15.6800,14.5777,0,0.0000,1.0000
2012-10-24,15.6800,15.6800,15.6800,15.6800,14.5777,100,0.0000,1.0000
2012-10-23,15.5900,15.5900,15.5900,15.5900,14.4940,200,0.0000,1.0000
2012-10-22,15.6400,15.6400,15.5300,15.5300,14.4382,347,0.0000,1.0000
2012-10-19,15.0500,15.6000,14.5500,15.6000,14.5033,4706,0.0000,1.0000
2012-10-18,15.9100,15.9100,15.9100,15.9100,14.7915,0,0.0000,1.0000
2012-10-17,15.9100,15.9100,15.9100,15.9100,14.7915,0,0.0000,1.0000
2012-10-16,15.9100,15.9100,15.9100,15.9100,14.7915,0,0.0000,1.0000
2012-10-15,15.9100,15.9100,15.9100,15.9100,14.7915,75,0.0000,1.0000
2012-10-12,15.9100,15.9100,15.9100,15.9100,14.7915,0,0.0000,1.0000
2012-10-11,15.9100,15.9100,15.9100,15.9100,14.7915,200,0.0000,1.0000
2012-10-10,15.9000,15.9500,15.9000,15.9500,14.8287,500,0.0000,1.0000
2012-10-09,16.4200,16.7500,16.0000,16.0000,14.8752,879,0.0000,1.0000
2012-10-08,15.9700,16.0000,15.9500,16.0000,14.8752,1010,0.0000,1.0000
2012-10-05,15.8500,15.8500,15.8500,15.8500,14.7357,100,0.0000,1.0000
2012-10-04,15.7900,15.8500,15.7500,15.8000,14.6893,2224,0.0000,1.0000
2012-10-03,15.3700,15.7500,15.3500,15.7500,14.6428,1600,0.0000,1.0000
2012-10-02,15.5100,15.7500,15.5100,15.7500,14.6428,400,0.0000,1.0000
2012-10-01,16.2500,16.2500,15.4200,15.5000,14.4103,8600,0.0000,1.0000
2012-09-28,16.2500,16.2500,16.2500,16.2500,15.1076,0,0.0000,1.0000
2012-09-27,16.2500,16.2500,16.2500,16.2500,15.1076,0,0.0000,1.0000
2012-09-26,16.2500,16.2500,16.2500,16.2500,15.1076,0,0.0000,1.0000
2012-09-25,16.2700,16.3001,16.2500,16.2500,15.1076,2048,0.0000,1.0000
2012-09-24,16.4500,16.4500,16.4500,16.4500,15.2936,0,0.0000,1.0000
2012-09-21,16.0180,16.4500,16.0180,16.4500,15.2936,1859,0.0000,1.0000
2012-09-20,16.2000,16.2000,16.2000,16.2000,15.0611,100,0.0000,1.0000
2012-09-19,16.0000,16.7400,16.0000,16.0000,14.8752,10649,0.0000,1.0000
2012-09-18,15.1800,15.9000,15.1800,15.9000,14.7822,2169,0.0000,1.0000
2012-09-17,15.0000,15.2000,15.0000,15.2000,14.1314,418,0.0000,1.0000
2012-09-14,15.0100,15.0100,15.0100,15.0100,13.9548,100,0.0000,1.0000
2012-09-13,15.0000,15.0000,15.0000,15.0000,13.9455,100,0.0000,1.0000
2012-09-12,15.2500,15.2500,15.0000,15.2000,14.1314,5000,0.0000,1.0000
2012-09-11,15.0400,15.0400,15.0400,15.0400,13.9827,0,0.0000,1.0000
2012-09-10,15.0400,15.0400,15.0400,15.0400,13.9827,0,0.0000,1.0000
2012-09-07,15.0400,15.0400,15.0400,15.0400,13.9827,100,0.0000,1.0000
2012-09-06,15.1000,15.1000,15.1000,15.1000,14.0385,300,0.0500,1.0000
2012-09-05,14.8800,15.0000,14.8800,15.0000,13.8995,2349,0.0000,1.0000
2012-09-04,14.9600,15.0000,14.9600,15.0000,13.8995,400,0.0000,1.0000
2012-08-31,14.5300,14.5300,14.5000,14.5000,13.4362,3214,0.0000,1.0000
2012-08-30,14.5000,14.5000,14.5000,14.5000,13.4362,100,0.0000,1.0000
2012-08-29,14.9700,15.0000,14.6600,14.6600,13.5844,1400,0.0000,1.0000
2012-08-28,14.5200,14.5200,14.5000,14.5000,13.4362,3000,0.0000,1.0000
2012-08-27,14.6300,14.6300,14.4800,14.6000,13.5288,6400,0.0000,1.0000
2012-08-24,14.5700,14.5700,14.5101,14.5500,13.4825,3261,0.0000,1.0000
2012-08-23,14.5000,14.5000,14.5000,14.5000,13.4362,0,0.0000,1.0000
2012-08-22,14.5000,14.5000,14.5000,14.5000,13.4362,0,0.0000,1.0000
2012-08-21,14.5000,14.5000,14.5000,14.5000,13.4362,0,0.0000,1.0000
2012-08-20,14.2500,14.5000,14.2500,14.5000,13.4362,3800,0.0000,1.0000
2012-08-17,14.2000,14.2500,14.2000,14.2500,13.2045,1600,0.0000,1.0000
2012-08-16,14.0000,14.2500,14.0000,14.2400,13.1952,10466,0.0000,1.0000
2012-08-15,13.7700,13.7700,13.7500,13.7600,12.7504,1650,0.0000,1.0000
2012-08-14,13.5900,13.5900,13.5900,13.5900,12.5929,100,0.0000,1.0000
2012-08-13,14.0800,14.1800,14.0800,14.1800,13.1396,287,0.0000,1.0000
2012-08-10,14.0000,14.0500,14.0000,14.0200,12.9914,738,0.0000,1.0000
2012-08-09,14.0000,14.0000,14.0000,14.0000,12.9728,0,0.0000,1.0000
2012-08-08,13.8900,14.0000,13.8900,14.0000,12.9728,986,0.0000,1.0000
2012-08-07,13.7100,13.7100,13.7100,13.7100,12.7041,0,0.0000,1.0000
2012-08-06,13.7100,13.7100,13.7100,13.7100,12.7041,568,0.0000,1.0000
2012-08-03,13.8000,13.8363,13.8000,13.8270,12.8125,855,0.0000,1.0000
2012-08-02,13.8000,13.8000,13.8000,13.8000,12.7875,0,0.0000,1.0000
2012-08-01,13.8000,13.8000,13.8000,13.8000,12.7875,190,0.0000,1.0000
2012-07-31,13.7500,13.7500,13.7500,13.7500,12.7412,500,0.0000,1.0000
2012-07-30,13.9000,13.9000,13.9000,13.9000,12.8802,205,0.0000,1.0000
2012-07-27,13.4999,13.7500,13.3000,13.7500,12.7412,6397,0.0000,1.0000
2012-07-26,13.7500,13.7500,13.7500,13.7500,12.7412,0,0.0000,1.0000
2012-07-25,13.4400,13.7500,13.0100,13.7500,12.7412,5348,0.0000,1.0000
2012-07-24,13.7500,13.7500,13.7500,13.7500,12.7412,300,0.0000,1.0000
2012-07-23,13.7500,13.7500,13.7500,13.7500,12.7412,100,0.0000,1.0000
2012-07-20,13.7500,13.7500,13.7500,13.7500,12.7412,200,0.0000,1.0000
2012-07-19,13.4800,13.4800,13.4800,13.4800,12.4910,0,0.0000,1.0000
2012-07-18,13.4800,13.4800,13.4800,13.4800,12.4910,0,0.0000,1.0000
2012-07-17,13.4800,13.4800,13.4800,13.4800,12.4910,0,0.0000,1.0000
2012-07-16,13.4800,13.4800,13.4800,13.4800,12.4910,0,0.0000,1.0000
2012-07-13,13.4800,13.4800,13.4800,13.4800,12.4910,100,0.0000,1.0000
2012-07-12,13.2200,13.2200,13.2200,13.2200,12.2501,0,0.0000,1.0000
2012-07-11,13.2200,13.2500,13.2000,13.2200,12.2501,2238,0.0000,1.0000
2012-07-10,13.2100,13.2100,13.2100,13.2100,12.2408,0,0.0000,1.0000
2012-07-09,13.2100,13.2100,13.2100,13.2100,12.2408,0,0.0000,1.0000
2012-07-06,13.2100,13.2100,13.2100,13.2100,12.2408,0,0.0000,1.0000
2012-07-05,13.2100,13.2100,13.2100,13.2100,12.2408,100,0.0000,1.0000
2012-07-03,13.3459,13.3459,13.3459,13.3459,12.3667,100,0.0000,1.0000
2012-07-02,13.5000,13.5000,13.5000,13.5000,12.5095,1000,0.0000,1.0000
2012-06-29,13.5000,13.5000,13.4900,13.5000,12.5095,1341,0.0000,1.0000
2012-06-28,13.4800,13.5000,13.4800,13.5000,12.5095,1695,0.0000,1.0000
2012-06-27,13.2500,13.2500,13.2500,13.2500,12.2779,0,0.0000,1.0000
2012-06-26,13.2600,13.2600,13.2500,13.2500,12.2779,552,0.0000,1.0000
2012-06-25,13.4300,13.4300,13.4100,13.4300,12.4447,2036,0.0000,1.0000
2012-06-22,13.7400,13.7400,13.2600,13.3000,12.3242,1485,0.0000,1.0000
2012-06-21,13.4500,13.7500,13.4500,13.7500,12.7412,1101,0.0000,1.0000
2012-06-20,13.6100,13.6100,13.6100,13.6100,12.6114,0,0.0000,1.0000
2012-06-19,13.6100,13.6100,13.6100,13.6100,12.6114,0,0.0000,1.0000
2012-06-18,13.6100,13.6100,13.6100,13.6100,12.6114,122,0.0000,1.0000
2012-06-15,13.7900,13.8500,13.5900,13.7500,12.7412,1200,0.0000,1.0000
2012-06-14,13.8300,13.8300,13.4000,13.4000,12.4169,386,0.0000,1.0000
2012-06-13,13.4700,13.4700,13.4700,13.4700,12.4817,0,0.0000,1.0000
2012-06-12,13.4700,13.4700,13.4700,13.4700,12.4817,0,0.0000,1.0000
2012-06-11,13.4700,13.4700,13.4700,13.4700,12.4817,103,0.0000,1.0000
2012-06-08,13.4600,13.4600,13.4600,13.4600,12.4725,0,0.0000,1.0000
2012-06-07,13.4600,13.4600,13.4600,13.4600,12.4725,0,0.0500,1.0000
2012-06-06,13.4600,13.4600,13.4600,13.4600,12.4263,100,0.0000,1.0000
2012-06-05,13.3000,13.3000,13.3000,13.3000,12.2786,100,0.0000,1.0000
2012-06-04,13.5100,13.7300,13.3001,13.3001,12.2787,4976,0.0000,1.0000
2012-06-01,13.6800,13.6800,13.6800,13.6800,12.6294,300,0.0000,1.0000
2012-05-31,13.2700,13.6500,13.2300,13.6500,12.6017,784,0.0000,1.0000
2012-05-30,13.2900,13.7500,13.2900,13.7500,12.6940,383,0.0000,1.0000
2012-05-29,13.3000,13.3000,13.3000,13.3000,12.2786,106,0.0000,1.0000
2012-05-25,13.3000,13.3200,13.3000,13.3200,12.2970,400,0.0000,1.0000
2012-05-24,13.3000,13.3000,13.2500,13.2700,12.2509,713,0.0000,1.0000
2012-05-23,13.2000,13.4500,13.0000,13.2000,12.1863,10060,0.0000,1.0000
2012-05-22,13.5300,13.5300,13.5300,13.5300,12.4909,100,0.0000,1.0000
2012-05-21,13.9000,13.9000,13.2500,13.4700,12.4355,500,0.0000,1.0000
2012-05-18,13.5500,13.5500,13.5500,13.5500,12.5094,0,0.0000,1.0000
2012-05-17,13.5600,13.5600,13.2900,13.5500,12.5094,400,0.0000,1.0000
2012-05-16,13.3000,13.3000,13.3000,13.3000,12.2786,200,0.0000,1.0000
2012-05-15,13.3300,13.3300,13.3000,13.3000,12.2786,500,0.0000,1.0000
2012-05-14,13.9800,14.0000,13.9800,14.0000,12.9248,278,0.0000,1.0000
2012-05-11,13.9300,14.0000,13.9300,14.0000,12.9248,369,0.0000,1.0000
2012-05-10,13.7500,13.7500,13.7500,13.7500,12.6940,0,0.0000,1.0000
2012-05-09,13.7500,13.7500,13.7500,13.7500,12.6940,0,0.0000,1.0000
2012-05-08,13.7500,13.7500,13.7500,13.7500,12.6940,0,0.0000,1.0000
2012-05-07,13.7500,13.7500,13.7500,13.7500,12.6940,0,0.0000,1.0000
2012-05-04,13.7000,13.7500,13.7000,13.7500,12.6940,5344,0.0000,1.0000
2012-05-03,13.7300,13.7300,13.7300,13.7300,12.6756,0,0.0000,1.0000
2012-05-02,13.7300,13.7300,13.7300,13.7300,12.6756,178,0.0000,1.0000
2012-05-01,13.7068,13.7068,13.7068,13.7068,12.6541,200,0.0000,1.0000
2012-04-30,13.8800,13.8800,13.8800,13.8800,12.8140,289,0.0000,1.0000
2012-04-27,14.1800,14.1800,14.0000,14.0000,12.9248,392,0.0000,1.0000
2012-04-26,13.9500,13.9500,13.9500,13.9500,12.8787,0,0.0000,1.0000
2012-04-25,13.9500,13.9500,13.9500,13.9500,12.8787,567,0.0000,1.0000
2012-04-24,13.9500,13.9500,13.9500,13.9500,12.8787,0,0.0000,1.0000
2012-04-23,13.9500,13.9500,13.9500,13.9500,12.8787,754,0.0000,1.0000
2012-04-20,14.0400,14.0400,14.0400,14.0400,12.9618,50,0.0000,1.0000
2012-04-19,13.9800,13.9800,13.9500,13.9500,12.8787,700,0.0000,1.0000
2012-04-18,13.9500,14.0000,13.9500,14.0000,12.9248,2240,0.0000,1.0000
2012-04-17,13.9500,13.9500,13.9500,13.9500,12.8787,0,0.0000,1.0000
2012-04-16,13.9500,13.9500,13.9500,13.9500,12.8787,0,0.0000,1.0000
2012-04-13,13.6200,14.1900,13.5900,13.9500,12.8787,1044,0.0000,1.0000
2012-04-12,13.7800,14.0000,13.7100,13.8400,12.7771,3098,0.0000,1.0000
2012-04-11,13.6300,13.6300,13.6300,13.6300,12.5832,0,0.0000,1.0000
2012-04-10,13.8401,13.8440,13.4000,13.6300,12.5832,1660,0.0000,1.0000
2012-04-09,13.9300,13.9300,13.9100,13.9100,12.8417,1131,0.0000,1.0000
2012-04-05,13.9601,14.2500,13.9601,14.0200,12.9433,7229,0.0000,1.0000
2012-04-04,13.9200,13.9200,13.9200,13.9200,12.8510,0,0.0000,1.0000
2012-04-03,13.9230,13.9230,13.9230,13.9230,12.8537,100,0.0000,1.0000
2012-04-02,13.9100,14.2460,13.9100,14.2460,13.1519,1146,0.0000,1.0000
2012-03-30,14.2300,14.2300,14.2300,14.2300,13.1372,0,0.0000,1.0000
2012-03-29,14.2300,14.2300,14.2300,14.2300,13.1372,100,0.0000,1.0000
2012-03-28,13.8600,13.8600,13.8600,13.8600,12.7956,0,0.0000,1.0000
2012-03-27,13.9000,13.9000,13.8600,13.8600,12.7956,1003,0.0000,1.0000
2012-03-26,13.9000,14.1499,13.8600,13.8600,12.7956,3143,0.0000,1.0000
2012-03-23,13.9600,13.9600,13.9600,13.9600,12.8879,0,0.0000,1.0000
2012-03-22,13.9600,13.9600,13.9600,13.9600,12.8879,0,0.0000,1.0000
2012-03-21,13.9600,13.9600,13.9600,13.9600,12.8879,1,0.0000,1.0000
2012-03-20,13.6500,13.9600,13.6500,13.9600,12.8879,1546,0.0000,1.0000
2012-03-19,13.6200,13.6200,13.6100,13.6100,12.5648,800,0.0000,1.0000
2012-03-16,14.0000,14.0000,14.0000,14.0000,12.9248,0,0.0000,1.0000
2012-03-15,14.0000,14.0000,14.0000,14.0000,12.9248,0,0.0000,1.0000
2012-03-14,13.7500,14.0000,13.7500,14.0000,12.9248,722,0.0000,1.0000
2012-03-13,13.9899,13.9900,13.9400,13.9800,12.9064,2200,0.0000,1.0000
2012-03-12,13.0800,13.0800,13.0800,13.0800,12.0755,52,0.0000,1.0000
2012-03-09,13.9999,13.9999,13.0000,13.0800,12.0755,2760,0.0000,1.0000
2012-03-08,13.6800,13.7500,13.6500,13.7000,12.6479,3902,0.0000,1.0000
2012-03-07,14.0000,14.0000,14.0000,14.0000,12.9248,197,0.0500,1.0000
2012-03-06,13.7400,13.7400,13.5001,13.7000,12.6029,2657,0.0000,1.0000
2012-03-05,14.0000,14.0000,13.7500,13.8400,12.7316,5679,0.0000,1.0000
2012-03-02,13.8400,13.8400,13.8400,13.8400,12.7316,200,0.0000,1.0000
2012-03-01,12.3550,13.8900,12.3550,13.6000,12.5109,1283,0.0000,1.0000
2012-02-29,13.1100,13.8900,12.3500,13.8800,12.7684,2655,0.0000,1.0000
2012-02-28,12.9500,13.9700,12.9500,13.8590,12.7491,971,0.0000,1.0000
2012-02-27,12.5300,12.5300,12.1300,12.2500,11.2690,1200,0.0000,1.0000
2012-02-24,14.0000,14.1500,13.9600,13.9600,12.8420,400,0.0000,1.0000
2012-02-23,12.6300,13.5100,12.4700,13.5100,12.4281,1203,0.0000,1.0000
2012-02-22,12.5000,13.0000,12.5000,13.0000,11.9589,515,0.0000,1.0000
2012-02-21,12.5000,12.5000,12.5000,12.5000,11.4990,0,0.0000,1.0000
2012-02-17,12.4900,12.5000,12.4900,12.5000,11.4990,200,0.0000,1.0000
2012-02-16,12.4500,12.4500,12.4500,12.4500,11.4530,200,0.0000,1.0000
2012-02-15,12.2500,12.2500,12.2500,12.2500,11.2690,0,0.0000,1.0000
2012-02-14,12.2200,12.2500,12.2200,12.2500,11.2690,200,0.0000,1.0000
2012-02-13,12.2000,12.2000,11.6000,12.0900,11.1218,3500,0.0000,1.0000
2012-02-10,12.2600,12.2600,12.2600,12.2600,11.2782,123,0.0000,1.0000
2012-02-09,12.4900,12.4900,12.4900,12.4900,11.4898,0,0.0000,1.0000
2012-02-08,11.8500,12.4900,11.8500,12.4900,11.4898,531,0.0000,1.0000
2012-02-07,12.5000,12.5000,12.5000,12.5000,11.4990,0,0.0000,1.0000
2012-02-06,12.5000,12.5000,12.5000,12.5000,11.4990,0,0.0000,1.0000
2012-02-03,12.5000,12.5000,12.5000,12.5000,11.4990,0,0.0000,1.0000
2012-02-02,12.4700,12.5000,12.4700,12.5000,11.4990,932,0.0000,1.0000
2012-02-01,12.5000,12.5000,12.4500,12.4500,11.4530,300,0.0000,1.0000
2012-01-31,12.5000,12.5000,12.5000,12.5000,11.4990,0,0.0000,1.0000
2012-01-30,12.0000,12.5000,11.5000,12.5000,11.4990,7796,0.0000,1.0000
2012-01-27,11.9999,12.0000,11.9999,12.0000,11.0390,400,0.0000,1.0000
2012-01-26,11.5000,11.5000,11.5000,11.5000,10.5790,0,0.0000,1.0000
2012-01-25,11.3500,11.5000,11.3000,11.5000,10.5790,2186,0.0000,1.0000
2012-01-24,11.5000,11.5000,11.5000,11.5000,10.5790,0,0.0000,1.0000
2012-01-23,11.1500,11.5200,11.1500,11.5000,10.5790,6460,0.0000,1.0000
2012-01-20,11.1500,11.1500,11.1500,11.1500,10.2571,200,0.0000,1.0000
2012-01-19,11.0000,11.0000,11.0000,11.0000,10.1191,0,0.0000,1.0000
2012-01-18,11.0000,11.0000,11.0000,11.0000,10.1191,500,0.0000,1.0000
2012-01-17,10.7501,10.7501,10.7501,10.7501,9.8892,100,0.0000,1.0000
2012-01-13,11.2200,11.2200,10.7500,10.7500,9.8891,398,0.0000,1.0000
2012-01-12,10.6800,10.6800,10.6800,10.6800,9.8247,0,0.0000,1.0000
2012-01-11,10.6800,10.6800,10.6800,10.6800,9.8247,0,0.0000,1.0000
2012-01-10,10.6800,11.1400,10.6800,11.1400,10.2479,300,0.0000,1.0000
2012-01-09,11.1000,11.1000,11.1000,11.1000,10.2111,0,0.0000,1.0000
2012-01-06,10.9200,11.1000,10.9200,11.1000,10.2111,428,0.0000,1.0000
2012-01-05,10.9000,10.9000,10.9000,10.9000,10.0271,500,0.0000,1.0000
2012-01-04,10.7500,10.7500,10.7500,10.7500,9.8891,120,0.0000,1.0000
2012-01-03,10.9000,10.9000,10.7000,10.7000,9.8431,5460,0.0000,1.0000
2011-12-30,10.6800,10.6800,10.6800,10.6800,9.8247,300,0.0000,1.0000
2011-12-29,10.5500,10.9000,10.5200,10.9000,10.0271,8433,0.0000,1.0000
2011-12-28,10.7300,10.7300,10.2500,10.2500,9.4291,6068,0.0000,1.0000
2011-12-27,10.7300,10.7300,10.7300,10.7300,9.8707,100,0.0000,1.0000
2011-12-23,10.5100,10.7300,10.5100,10.7300,9.8707,2437,0.0000,1.0000
2011-12-22,10.5400,10.5400,10.4000,10.4000,9.5671,360,0.0000,1.0000
2011-12-21,10.3099,10.6100,10.3099,10.3300,9.5027,8000,0.0000,1.0000
2011-12-20,10.5150,10.5245,10.3500,10.5000,9.6591,3299,0.0000,1.0000
2011-12-19,10.3900,10.3900,10.1000,10.1000,9.2912,200,0.0000,1.0000
2011-12-16,10.2500,10.4000,10.2400,10.2500,9.4291,16663,0.0000,1.0000
2011-12-15,10.4000,10.4000,10.2500,10.2500,9.4291,536,0.0000,1.0000
2011-12-14,10.0450,10.4000,10.0450,10.4000,9.5671,4999,0.0000,1.0000
2011-12-13,10.4700,10.4700,10.4700,10.4700,9.6315,3,0.0000,1.0000
2011-12-12,10.2900,10.6900,7.1300,10.4700,9.6315,10125,0.0000,1.0000
2011-12-09,10.3800,10.3800,10.3800,10.3800,9.5487,0,0.0000,1.0000
2011-12-08,10.3800,10.3800,10.3800,10.3800,9.5487,0,0.0000,1.0000
2011-12-07,10.4500,10.4500,10.3800,10.3800,9.5487,600,0.0300,1.0000
2011-12-06,10.4800,10.5000,10.4800,10.5000,9.6313,1738,0.0000,1.0000
2011-12-05,10.1000,10.1000,10.1000,10.1000,9.2644,0,0.0000,1.0000
2011-12-02,10.0000,10.1000,10.0000,10.1000,9.2644,287,0.0000,1.0000
2011-12-01,10.0600,10.0600,10.0600,10.0600,9.2277,0,0.0000,1.0000
2011-11-30,10.0600,10.0600,10.0600,10.0600,9.2277,100,0.0000,1.0000
2011-11-29,10.4000,10.4000,10.0000,10.0500,9.2185,1497,0.0000,1.0000
2011-11-28,9.9500,9.9500,9.9500,9.9500,9.1268,580,0.0000,1.0000
2011-11-25,9.9000,9.9000,9.9000,9.9000,9.0809,0,0.0000,1.0000
2011-11-23,9.9000,9.9000,9.9000,9.9000,9.0809,3200,0.0000,1.0000
2011-11-22,10.5900,10.5900,10.1500,10.1500,9.3102,400,0.0000,1.0000
2011-11-21,10.9000,10.9000,10.9000,10.9000,9.9982,0,0.0000,1.0000
2011-11-18,10.9000,10.9000,10.9000,10.9000,9.9982,0,0.0000,1.0000
2011-11-17,10.9000,10.9000,10.9000,10.9000,9.9982,100,0.0000,1.0000
2011-11-16,10.7600,10.7600,10.7500,10.7500,9.8606,700,0.0000,1.0000
2011-11-15,10.7501,10.7700,10.7500,10.7500,9.8606,592,0.0000,1.0000
2011-11-14,10.8200,10.8200,10.8200,10.8200,9.9248,123,0.0000,1.0000
2011-11-11,10.8500,10.8600,10.6500,10.7500,9.8606,13932,0.0000,1.0000
2011-11-10,11.2400,11.2400,10.4700,10.4999,9.6312,3055,0.0000,1.0000
2011-11-09,10.6700,10.6700,10.6700,10.6700,9.7872,0,0.0000,1.0000
2011-11-08,10.9900,10.9900,10.6700,10.6700,9.7872,528,0.0000,1.0000
2011-11-07,11.2000,11.2000,10.7500,10.7600,9.8698,700,0.0000,1.0000
2011-11-04,9.8000,9.8000,9.8000,9.8000,8.9892,500,0.0000,1.0000
2011-11-03,10.0000,10.0000,10.0000,10.0000,9.1727,0,0.0000,1.0000
2011-11-02,9.9800,10.0000,9.9500,10.0000,9.1727,2600,0.0000,1.0000
2011-11-01,9.9500,9.9500,9.9500,9.9500,9.1268,400,0.0000,1.0000
2011-10-31,10.0300,10.0300,10.0300,10.0300,9.2002,100,0.0000,1.0000
2011-10-28,9.8800,9.8800,9.8800,9.8800,9.0626,200,0.0000,1.0000
2011-10-27,10.0000,11.1400,9.9700,10.0900,9.2552,2533,0.0000,1.0000
2011-10-26,9.8400,9.8500,9.8400,9.8500,9.0351,386,0.0000,1.0000
2011-10-25,9.9900,9.9900,9.9000,9.9900,9.1635,2559,0.0000,1.0000
2011-10-24,10.0300,10.0300,9.9900,9.9900,9.1635,400,0.0000,1.0000
2011-10-21,9.9400,10.1000,9.9400,10.1000,9.2644,4391,0.0000,1.0000
2011-10-20,9.7700,9.7700,9.7500,9.7500,8.9433,753,0.0000,1.0000
2011-10-19,9.7700,9.7700,9.7700,9.7700,8.9617,300,0.0000,1.0000
2011-10-18,9.8300,9.8500,9.8300,9.8500,9.0351,2200,0.0000,1.0000
2011-10-17,9.9000,9.9000,9.9000,9.9000,9.0809,0,0.0000,1.0000
2011-10-14,9.7500,9.9000,9.7500,9.9000,9.0809,200,0.0000,1.0000
2011-10-13,9.6100,9.7500,9.5300,9.7000,8.8975,12195,0.0000,1.0000
2011-10-12,9.7800,9.8000,9.7800,9.8000,8.9892,1700,0.0000,1.0000
2011-10-11,9.8000,9.8000,9.8000,9.8000,8.9892,0,0.0000,1.0000
2011-10-10,9.8000,9.8000,9.8000,9.8000,8.9892,0,0.0000,1.0000
2011-10-07,9.8000,9.8000,9.8000,9.8000,8.9892,0,0.0000,1.0000
2011-10-06,9.8000,9.8000,9.8000,9.8000,8.9892,1100,0.0000,1.0000
2011-10-05,9.9000,9.9000,9.9000,9.9000,9.0809,1,0.0000,1.0000
2011-10-04,9.9400,9.9400,9.5700,9.9000,9.0809,1776,0.0000,1.0000
2011-10-03,9.5700,9.5700,9.5700,9.5700,8.7782,0,0.0000,1.0000
2011-09-30,9.5700,9.5700,9.5700,9.5700,8.7782,0,0.0000,1.0000
2011-09-29,9.5700,9.5700,9.5700,9.5700,8.7782,0,0.0000,1.0000
2011-09-28,9.5700,9.5700,9.5700,9.5700,8.7782,0,0.0000,1.0000
2011-09-27,9.5700,9.5700,9.5700,9.5700,8.7782,0,0.0000,1.0000
2011-09-26,9.5700,9.5700,9.5700,9.5700,8.7782,111,0.0000,1.0000
2011-09-23,9.6500,9.6500,9.6500,9.6500,8.8516,0,0.0000,1.0000
2011-09-22,9.6500,9.6500,9.6500,9.6500,8.8516,1000,0.0000,1.0000
2011-09-21,9.9500,9.9500,9.7000,9.7000,8.8975,800,0.0000,1.0000
2011-09-20,9.5500,9.5501,9.5500,9.5501,8.7600,1112,0.0000,1.0000
2011-09-19,9.5300,9.6000,9.5300,9.6000,8.8057,847,0.0000,1.0000
2011-09-16,9.3300,9.3600,9.3100,9.3100,8.5397,460,0.0000,1.0000
2011-09-15,9.5000,10.0000,9.5000,10.0000,9.1727,5061,0.0000,1.0000
2011-09-14,9.2500,9.3000,9.2500,9.3000,8.5306,655,0.0000,1.0000
2011-09-13,9.7000,9.7000,9.7000,9.7000,8.8975,0,0.0000,1.0000
2011-09-12,9.7000,9.7000,9.7000,9.7000,8.8975,0,0.0000,1.0000
2011-09-09,9.6700,9.7000,9.6700,9.7000,8.8975,2341,0.0000,1.0000
2011-09-08,9.7000,9.7000,9.7000,9.7000,8.8975,600,0.0000,1.0000
2011-09-07,10.0600,10.0600,10.0600,10.0600,9.2277,2,0.0300,1.0000
2011-09-06,10.1200,10.1200,10.0600,10.0600,9.2003,8979,0.0000,1.0000
2011-09-02,10.2000,10.2000,10.2000,10.2000,9.3283,6000,0.0000,1.0000
2011-09-01,10.3000,10.3000,10.3000,10.3000,9.4197,703,0.0000,1.0000
2011-08-31,10.4000,10.4500,10.4000,10.4500,9.5569,400,0.0000,1.0000
2011-08-30,9.8500,9.8500,9.8500,9.8500,9.0082,0,0.0000,1.0000
2011-08-29,9.9700,10.0000,9.8500,9.8500,9.0082,3221,0.0000,1.0000
2011-08-26,9.9700,9.9700,9.9700,9.9700,9.1179,239,0.0000,1.0000
2011-08-25,9.7500,9.9700,9.7500,9.9700,9.1179,200,0.0000,1.0000
2011-08-24,10.0400,10.0700,9.7500,9.8900,9.0448,1100,0.0000,1.0000
2011-08-23,9.7000,9.7000,9.7000,9.7000,8.8710,0,0.0000,1.0000
2011-08-22,9.7000,9.7000,9.7000,9.7000,8.8710,1,0.0000,1.0000
2011-08-19,10.0300,10.0300,9.7000,9.7000,8.8710,953,0.0000,1.0000
2011-08-18,10.0200,10.1000,10.0000,10.0000,9.1454,5500,0.0000,1.0000
2011-08-17,10.2200,10.2200,10.2200,10.2200,9.3466,100,0.0000,1.0000
2011-08-16,9.7700,10.0000,9.7500,10.0000,9.1454,7646,0.0000,1.0000
2011-08-15,10.0000,10.0000,10.0000,10.0000,9.1454,0,0.0000,1.0000
2011-08-12,9.7800,10.0000,9.7000,10.0000,9.1454,336,0.0000,1.0000
2011-08-11,9.7100,10.0000,9.7100,10.0000,9.1454,1388,0.0000,1.0000
2011-08-10,9.7300,9.7300,9.7000,9.7000,8.8710,352,0.0000,1.0000
2011-08-09,10.0000,10.0000,9.9900,10.0000,9.1454,6300,0.0000,1.0000
2011-08-08,10.0500,10.0900,9.9500,10.0000,9.1454,6658,0.0000,1.0000
2011-08-05,10.3200,10.4500,10.3200,10.4500,9.5569,5700,0.0000,1.0000
2011-08-04,10.3200,10.3201,10.3200,10.3201,9.4381,300,0.0000,1.0000
2011-08-03,10.4100,10.4100,10.4100,10.4100,9.5203,0,0.0000,1.0000
2011-08-02,10.5800,10.6000,10.2800,10.4100,9.5203,1098,0.0000,1.0000
2011-08-01,10.4000,10.4000,10.4000,10.4000,9.5112,0,0.0000,1.0000
2011-07-29,10.4000,10.4000,10.4000,10.4000,9.5112,5000,0.0000,1.0000
2011-07-28,10.4500,10.4500,10.4500,10.4500,9.5569,0,0.0000,1.0000
2011-07-27,10.5400,10.5500,10.4500,10.4500,9.5569,1300,0.0000,1.0000
2011-07-26,10.4000,10.5999,10.4000,10.5999,9.6940,1837,0.0000,1.0000
2011-07-25,10.2000,10.3000,10.2000,10.2000,9.3283,3997,0.0000,1.0000
2011-07-22,10.0701,10.3500,10.0701,10.2000,9.3283,7000,0.0000,1.0000
2011-07-21,9.9800,10.6100,9.9800,10.6000,9.6941,3004,0.0000,1.0000
2011-07-20,9.6300,9.6300,9.6300,9.6300,8.8070,0,0.0000,1.0000
2011-07-19,9.6300,9.6300,9.6300,9.6300,8.8070,677,0.0000,1.0000
2011-07-18,9.5900,9.5900,9.5900,9.5900,8.7704,101,0.0000,1.0000
2011-07-15,9.6900,9.6900,9.6900,9.6900,8.8619,0,0.0000,1.0000
2011-07-14,9.5800,9.6900,9.5800,9.6900,8.8619,200,0.0000,1.0000
2011-07-13,9.7500,9.7500,9.7500,9.7500,8.9167,300,0.0000,1.0000
2011-07-12,9.7500,9.7500,9.7500,9.7500,8.9167,0,0.0000,1.0000
2011-07-11,9.7500,9.7500,9.7500,9.7500,8.9167,100,0.0000,1.0000
2011-07-08,9.8502,9.8502,9.8500,9.8501,9.0083,1996,0.0000,1.0000
2011-07-07,9.9700,9.9700,9.9700,9.9700,9.1179,0,0.0000,1.0000
2011-07-06,9.9700,9.9700,9.9700,9.9700,9.1179,76,0.0000,1.0000
2011-07-05,10.0399,10.0400,9.9700,9.9700,9.1179,400,0.0000,1.0000
2011-07-01,10.0000,10.0000,10.0000,10.0000,9.1454,0,0.0000,1.0000
2011-06-30,9.5300,10.0000,9.4101,10.0000,9.1454,999,0.0000,1.0000
2011-06-29,9.5000,9.5300,9.5000,9.5300,8.7155,395,0.0000,1.0000
2011-06-28,9.7100,9.8200,9.7100,9.8200,8.9808,2735,0.0000,1.0000
2011-06-27,10.0000,10.0000,10.0000,10.0000,9.1454,433,0.0000,1.0000
2011-06-24,9.9900,9.9900,9.5000,9.5700,8.7521,1046,0.0000,1.0000
2011-06-23,9.6100,9.6100,9.3400,9.5800,8.7613,1766,0.0000,1.0000
2011-06-22,10.0100,10.0100,10.0100,10.0100,9.1545,116,0.0000,1.0000
2011-06-21,9.8599,10.1500,9.8300,9.8600,9.0173,1850,0.0000,1.0000
2011-06-20,9.7800,9.7800,9.7800,9.7800,8.9442,0,0.0000,1.0000
2011-06-17,9.4400,9.7900,9.4400,9.7800,8.9442,834,0.0000,1.0000
2011-06-16,9.8700,9.8700,9.6000,9.6000,8.7796,1200,0.0000,1.0000
2011-06-15,9.4000,9.9200,9.4000,9.9000,9.0539,1200,0.0000,1.0000
2011-06-14,9.3500,9.3900,9.3500,9.3500,8.5509,1900,0.0000,1.0000
2011-06-13,10.2000,10.2000,9.4000,9.5200,8.7064,2400,0.0000,1.0000
2011-06-10,9.3601,9.3601,9.3601,9.3601,8.5602,400,0.0000,1.0000
2011-06-09,10.1260,10.1700,9.3200,9.6000,8.7796,2458,0.0000,1.0000
2011-06-08,9.7800,9.7800,9.3500,9.3510,8.5518,3500,0.0300,1.0000
2011-06-07,9.8500,9.8500,9.8500,9.8500,8.9794,10325,0.0000,1.0000
2011-06-06,10.2000,10.2000,10.2000,10.2000,9.2985,1000,0.0000,1.0000
2011-06-03,10.1200,10.1200,10.1200,10.1200,9.2255,0,0.0000,1.0000
2011-06-02,10.1500,10.2000,10.1200,10.2000,9.2985,654,0.0000,1.0000
2011-06-01,10.4000,10.4000,10.4000,10.4000,9.4808,0,0.0000,1.0000
2011-05-31,10.3965,10.4000,10.3800,10.4000,9.4808,600,0.0000,1.0000
2011-05-27,10.3500,10.3500,10.3500,10.3500,9.4352,0,0.0000,1.0000
2011-05-26,10.3500,10.3500,10.3500,10.3500,9.4352,100,0.0000,1.0000
2011-05-25,10.3500,10.3500,10.3500,10.3500,9.4352,0,0.0000,1.0000
2011-05-24,10.3500,10.3500,10.3500,10.3500,9.4352,0,0.0000,1.0000
2011-05-23,10.8800,10.8800,10.3500,10.3500,9.4352,900,0.0000,1.0000
2011-05-20,10.4200,10.4200,10.4200,10.4200,9.4990,0,0.0000,1.0000
2011-05-19,10.3400,10.4200,10.3100,10.4200,9.4990,692,0.0000,1.0000
2011-05-18,10.3100,10.5130,10.3100,10.5130,9.5838,300,0.0000,1.0000
2011-05-17,10.5000,10.5500,10.5000,10.5500,9.6175,410,0.0000,1.0000
2011-05-16,10.5000,10.5000,10.5000,10.5000,9.5719,0,0.0000,1.0000
2011-05-13,10.9800,11.1000,10.5000,10.5000,9.5719,1712,0.0000,1.0000
2011-05-12,10.5000,10.5000,10.5000,10.5000,9.5719,104,0.0000,1.0000
2011-05-11,10.6500,10.6500,10.6500,10.6500,9.7087,0,0.0000,1.0000
2011-05-10,10.6400,10.8250,10.6400,10.6500,9.7087,1400,0.0000,1.0000
2011-05-09,10.6200,10.6200,10.6200,10.6200,9.6813,100,0.0000,1.0000
2011-05-06,10.5600,10.5600,10.5600,10.5600,9.6266,100,0.0000,1.0000
2011-05-05,10.5300,10.5300,10.3500,10.3500,9.4352,600,0.0000,1.0000
2011-05-04,10.7700,11.0000,10.7000,10.7501,9.7999,7720,0.0000,1.0000
2011-05-03,10.2900,10.9800,10.0500,10.0500,9.1617,6998,0.0000,1.0000
2011-05-02,10.0300,10.0500,10.0300,10.0500,9.1617,1100,0.0000,1.0000
2011-04-29,9.8000,9.8000,9.8000,9.8000,8.9338,100,0.0000,1.0000
2011-04-28,9.6600,9.7700,9.6500,9.7700,8.9065,907,0.0000,1.0000
2011-04-27,9.8999,9.9000,9.6500,9.7200,8.8609,843,0.0000,1.0000
2011-04-26,10.2500,10.2500,9.6300,9.9000,9.0250,1220,0.0000,1.0000
2011-04-25,9.2500,9.9199,9.2500,9.7400,8.8791,4686,0.0000,1.0000
2011-04-21,9.2800,9.3000,9.2400,9.2400,8.4233,1000,0.0000,1.0000
2011-04-20,9.0101,9.0800,9.0101,9.0300,8.2319,2600,0.0000,1.0000
2011-04-19,9.1500,9.1500,9.1500,9.1500,8.3413,0,0.0000,1.0000
2011-04-18,8.8300,9.3400,8.7000,9.1500,8.3413,17283,0.0000,1.0000
2011-04-15,8.9700,8.9700,8.9700,8.9700,8.1772,100,0.0000,1.0000
2011-04-14,8.8000,9.0100,8.8000,9.0000,8.2045,5320,0.0000,1.0000
2011-04-13,8.9900,9.2700,8.8000,9.0100,8.2136,3395,0.0000,1.0000
2011-04-12,8.8000,9.0000,8.8000,9.0000,8.2045,1201,0.0000,1.0000
2011-04-11,8.8000,8.8000,8.8000,8.8000,8.0222,587,0.0000,1.0000
2011-04-08,9.2000,9.2000,9.2000,9.2000,8.3868,900,0.0000,1.0000
2011-04-07,9.1000,9.1000,9.1000,9.1000,8.2957,0,0.0000,1.0000
2011-04-06,9.1000,9.1000,9.1000,9.1000,8.2957,550,0.0000,1.0000
2011-04-05,8.9900,9.0000,8.9900,9.0000,8.2045,700,0.0000,1.0000
2011-04-04,9.0700,9.1000,9.0400,9.0500,8.2501,1137,0.0000,1.0000
2011-04-01,9.7000,9.7000,9.0200,9.0500,8.2501,1229,0.0000,1.0000
2011-03-31,9.7500,9.7500,9.7000,9.7000,8.8426,790,0.0000,1.0000
2011-03-30,9.7200,9.7200,9.7200,9.7200,8.8609,1214,0.0000,1.0000
2011-03-29,10.0500,10.0500,10.0500,10.0500,9.1617,0,0.0000,1.0000
2011-03-28,9.6100,10.0500,9.6100,10.0500,9.1617,600,0.0000,1.0000
2011-03-25,10.0500,10.0500,10.0500,10.0500,9.1617,1410,0.0000,1.0000
2011-03-24,9.8000,9.8100,9.5500,9.5500,8.7059,667,0.0000,1.0000
2011-03-23,9.8100,9.8100,9.8100,9.8100,8.9429,1464,0.0000,1.0000
2011-03-22,11.0000,11.0000,11.0000,11.0000,10.0277,1464,0.0000,1.0000
2011-03-21,9.8000,9.9400,9.8000,9.9400,9.0614,1464,0.0000,1.0000
2011-03-18,9.6900,9.9200,9.6900,9.9200,9.0432,686,0.0000,1.0000
2011-03-17,10.1900,11.0900,10.1900,11.0900,10.1098,1200,0.0000,1.0000
2011-03-16,10.2000,10.2400,10.2000,10.2400,9.3349,800,0.0000,1.0000
2011-03-15,10.2300,10.2300,9.9100,10.2100,9.3076,1750,0.0000,1.0000
2011-03-14,10.5000,10.5000,10.4000,10.4000,9.4808,766,0.0000,1.0000
2011-03-11,10.3700,10.3700,10.3700,10.3700,9.4534,0,0.0000,1.0000
2011-03-10,10.3700,10.3700,10.3700,10.3700,9.4534,300,0.0000,1.0000
2011-03-09,10.5000,10.5000,10.5000,10.5000,9.5719,0,0.0000,1.0000
2011-03-08,10.5000,10.5000,10.5000,10.5000,9.5719,300,0.0000,1.0000
2011-03-07,10.5600,10.5600,10.5600,10.5600,9.6266,0,0.0300,1.0000
2011-03-04,10.5800,10.5800,10.5600,10.5600,9.5994,200,0.0000,1.0000
2011-03-03,10.7000,10.7000,10.7000,10.7000,9.7266,0,0.0000,1.0000
2011-03-02,10.7000,10.7000,10.7000,10.7000,9.7266,0,0.0000,1.0000
2011-03-01,10.7300,10.7500,10.7000,10.7000,9.7266,1217,0.0000,1.0000
2011-02-28,10.8100,10.8100,10.8100,10.8100,9.8266,300,0.0000,1.0000
2011-02-25,10.3200,10.8100,10.3200,10.8100,9.8266,1695,0.0000,1.0000
2011-02-24,11.2000,11.2000,11.0000,11.1500,10.1357,2025,0.0000,1.0000
2011-02-23,10.3100,10.7900,10.3000,10.7900,9.8084,447,0.0000,1.0000
2011-02-22,11.2000,11.2000,11.0000,11.0000,9.9993,520,0.0000,1.0000
2011-02-18,11.2000,11.2000,11.2000,11.2000,10.1811,0,0.0000,1.0000
2011-02-17,11.3000,11.3000,10.9501,11.2000,10.1811,1760,0.0000,1.0000
2011-02-16,10.9400,10.9600,10.9400,10.9600,9.9630,300,0.0000,1.0000
2011-02-15,10.2900,10.6000,10.2500,10.2500,9.3176,1105,0.0000,1.0000
2011-02-14,10.6000,10.6100,10.6000,10.6001,9.6358,990,0.0000,1.0000
2011-02-11,10.5400,10.5400,10.5100,10.5100,9.5539,200,0.0000,1.0000
2011-02-10,10.5450,10.5450,10.5450,10.5450,9.5857,100,0.0000,1.0000
2011-02-09,10.7000,11.0100,10.7000,11.0100,10.0084,1900,0.0000,1.0000
2011-02-08,10.7000,10.7000,10.7000,10.7000,9.7266,100,0.0000,1.0000
2011-02-07,10.7500,10.9600,10.2401,10.9250,9.9312,2397,0.0000,1.0000
2011-02-04,10.5000,10.5000,10.5000,10.5000,9.5448,0,0.0000,1.0000
2011-02-03,10.5000,10.5000,10.5000,10.5000,9.5448,6085,0.0000,1.0000
2011-02-02,10.5000,10.5000,10.0000,10.0000,9.0903,1154,0.0000,1.0000
2011-02-01,10.8000,10.9000,10.8000,10.8650,9.8766,746,0.0000,1.0000
2011-01-31,10.7150,10.7150,10.7150,10.7150,9.7403,100,0.0000,1.0000
2011-01-28,10.3600,10.3900,10.3600,10.3900,9.4448,500,0.0000,1.0000
2011-01-27,10.1000,10.3000,10.1000,10.3000,9.3630,600,0.0000,1.0000
2011-01-26,10.0550,10.0550,10.0550,10.0550,9.1403,0,0.0000,1.0000
2011-01-25,10.0550,10.0550,10.0550,10.0550,9.1403,0,0.0000,1.0000
2011-01-24,10.5800,10.5800,10.0200,10.0550,9.1403,1128,0.0000,1.0000
2011-01-21,10.5500,10.5500,10.5500,10.5500,9.5903,0,0.0000,1.0000
2011-01-20,10.5500,10.5500,10.5500,10.5500,9.5903,100,0.0000,1.0000
2011-01-19,10.5500,10.5500,10.5500,10.5500,9.5903,100,0.0000,1.0000
2011-01-18,10.0200,11.1900,10.0200,11.0000,9.9993,2750,0.0000,1.0000
2011-01-14,10.8600,10.8600,10.8600,10.8600,9.8721,100,0.0000,1.0000
2011-01-13,10.4600,10.8700,10.0500,10.8700,9.8812,400,0.0000,1.0000
2011-01-12,11.0000,11.0000,11.0000,11.0000,9.9993,0,0.0000,1.0000
2011-01-11,10.2400,11.3200,10.2400,11.0000,9.9993,3348,0.0000,1.0000
2011-01-10,10.5000,10.5000,9.5000,9.5000,8.6358,1548,0.0000,1.0000
2011-01-07,10.5000,10.5000,10.5000,10.5000,9.5448,0,0.0000,1.0000
2011-01-06,10.5000,10.5000,10.5000,10.5000,9.5448,0,0.0000,1.0000
2011-01-05,9.9550,10.5000,9.9300,10.5000,9.5448,1600,0.0000,1.0000
2011-01-04,9.3500,9.3850,9.3500,9.3850,8.5313,1706,0.0000,1.0000
2011-01-03,9.4800,9.5000,9.4800,9.5000,8.6358,272,0.0000,1.0000
2010-12-31,9.0000,9.0000,9.0000,9.0000,8.1813,353,0.0000,1.0000
2010-12-30,8.7800,8.7800,8.7800,8.7800,7.9813,0,0.0000,1.0000
2010-12-29,8.7800,8.7800,8.7800,8.7800,7.9813,232,0.0000,1.0000
2010-12-28,8.7600,8.7601,8.7600,8.7601,7.9632,1540,0.0000,1.0000
2010-12-27,8.5000,8.5000,8.5000,8.5000,7.7268,2005,0.0000,1.0000
2010-12-23,8.5000,9.0000,8.5000,8.9899,8.1721,600,0.0000,1.0000
2010-12-22,8.5500,8.5500,8.5000,8.5000,7.7268,438,0.0000,1.0000
2010-12-21,8.9600,9.0000,8.9600,9.0000,8.1813,324,0.0000,1.0000
2010-12-20,8.7900,8.7900,8.7900,8.7900,7.9904,1183,0.0000,1.0000
2010-12-17,8.4000,8.9000,8.4000,8.9000,8.0904,2220,0.0000,1.0000
2010-12-16,8.2500,8.2500,8.2500,8.2500,7.4995,0,0.0000,1.0000
2010-12-15,8.2500,8.2500,8.2500,8.2500,7.4995,160,0.0000,1.0000
2010-12-14,8.3000,8.3100,8.2200,8.3100,7.5540,5471,0.0000,1.0000
2010-12-13,8.2500,8.2500,8.2500,8.2500,7.4995,0,0.0000,1.0000
2010-12-10,8.2500,8.2500,8.2500,8.2500,7.4995,0,0.0000,1.0000
2010-12-09,8.2500,8.2500,8.2500,8.2500,7.4995,500,0.0000,1.0000
2010-12-08,8.2100,8.2100,8.2100,8.2100,7.4631,0,0.0300,1.0000
2010-12-07,8.2200,8.2200,8.2100,8.2100,7.4360,800,0.0000,1.0000
2010-12-06,8.2200,8.2200,8.2000,8.2000,7.4269,787,0.0000,1.0000
2010-12-03,8.2800,8.2800,8.1000,8.2000,7.4269,700,0.0000,1.0000
2010-12-02,8.3000,8.3400,8.2800,8.2800,7.4994,2600,0.0000,1.0000
2010-12-01,8.2800,8.2800,8.2800,8.2800,7.4994,500,0.0000,1.0000
2010-11-30,8.1500,8.1500,8.1500,8.1500,7.3816,1376,0.0000,1.0000
2010-11-29,8.1000,8.1000,8.1000,8.1000,7.3363,200,0.0000,1.0000
2010-11-26,8.0000,8.0000,8.0000,8.0000,7.2458,0,0.0000,1.0000
2010-11-24,8.0000,8.0000,8.0000,8.0000,7.2458,0,0.0000,1.0000
2010-11-23,8.1101,8.1101,8.0000,8.0000,7.2458,3542,0.0000,1.0000
2010-11-22,8.1100,8.1101,8.1100,8.1101,7.3455,294,0.0000,1.0000
2010-11-19,8.2100,8.2100,8.1900,8.2000,7.4269,2070,0.0000,1.0000
2010-11-18,8.6399,8.6399,8.2000,8.2000,7.4269,500,0.0000,1.0000
2010-11-17,8.1700,8.1700,8.1700,8.1700,7.3997,200,0.0000,1.0000
2010-11-16,8.1800,8.2500,8.1800,8.2500,7.4722,200,0.0000,1.0000
2010-11-15,8.3900,8.3900,8.3900,8.3900,7.5990,0,0.0000,1.0000
2010-11-12,8.3900,8.3900,8.3900,8.3900,7.5990,0,0.0000,1.0000
2010-11-11,8.3900,8.3900,8.3900,8.3900,7.5990,0,0.0000,1.0000
2010-11-10,8.3100,8.8700,8.1000,8.3900,7.5990,1444,0.0000,1.0000
2010-11-09,8.2400,8.2500,8.2400,8.2500,7.4722,1345,0.0000,1.0000
2010-11-08,8.5000,8.5000,8.1500,8.2500,7.4722,2947,0.0000,1.0000
2010-11-05,8.9000,8.9000,8.0300,8.1600,7.3907,3551,0.0000,1.0000
2010-11-04,8.6900,9.4600,8.6900,9.1000,8.2421,6790,0.0000,1.0000
2010-11-03,8.1800,8.1800,8.1800,8.1800,7.4088,0,0.0000,1.0000
2010-11-02,8.1800,8.1800,8.1800,8.1800,7.4088,0,0.0000,1.0000
2010-11-01,8.0400,8.1800,8.0400,8.1800,7.4088,2900,0.0000,1.0000
2010-10-29,7.7500,7.7500,7.7500,7.7500,7.0193,2919,0.0000,1.0000
2010-10-28,8.0100,8.0100,7.7500,7.7500,7.0193,7119,0.0000,1.0000
2010-10-27,7.8100,7.8100,7.8100,7.8100,7.0737,800,0.0000,1.0000
2010-10-26,7.8100,7.8100,7.8100,7.8100,7.0737,800,0.0000,1.0000
2010-10-25,7.5001,7.5001,7.5001,7.5001,6.7930,0,0.0000,1.0000
2010-10-22,7.5000,7.5001,7.5000,7.5001,6.7930,1600,0.0000,1.0000
2010-10-21,8.0200,8.0300,8.0200,8.0300,7.2729,200,0.0000,1.0000
2010-10-20,7.8500,7.8500,7.8500,7.8500,7.1099,0,0.0000,1.0000
2010-10-19,7.8500,7.8500,7.8500,7.8500,7.1099,109,0.0000,1.0000
2010-10-18,8.0000,8.1100,7.8500,7.8500,7.1099,747,0.0000,1.0000
2010-10-15,8.0400,8.0400,8.0400,8.0400,7.2820,0,0.0000,1.0000
2010-10-14,8.0400,8.0400,8.0400,8.0400,7.2820,0,0.0000,1.0000
2010-10-13,8.0400,8.0400,8.0400,8.0400,7.2820,0,0.0000,1.0000
2010-10-12,8.0400,8.0400,8.0400,8.0400,7.2820,0,0.0000,1.0000
2010-10-11,8.2600,8.6900,8.0400,8.0400,7.2820,928,0.0000,1.0000
2010-10-08,7.4900,8.8000,7.4900,8.8000,7.9703,3994,0.0000,1.0000
2010-10-07,7.1500,7.1500,7.1500,7.1500,6.4759,0,0.0000,1.0000
2010-10-06,7.1500,7.1500,7.1500,7.1500,6.4759,720,0.0000,1.0000
2010-10-05,7.1600,7.1800,7.1200,7.1500,6.4759,2080,0.0000,1.0000
2010-10-04,7.4800,7.4800,7.4800,7.4800,6.7748,0,0.0000,1.0000
2010-10-01,7.4800,7.4800,7.4800,7.4800,6.7748,184,0.0000,1.0000
2010-09-30,7.1500,7.1500,7.1200,7.1400,6.4668,688,0.0000,1.0000
2010-09-29,7.1000,7.1000,7.1000,7.1000,6.4306,244,0.0000,1.0000
2010-09-28,7.2600,7.2600,7.1000,7.1000,6.4306,660,0.0000,1.0000
2010-09-27,7.6400,7.6400,7.6400,7.6400,6.9197,0,0.0000,1.0000
2010-09-24,7.6400,7.6400,7.6400,7.6400,6.9197,491,0.0000,1.0000
2010-09-23,7.6400,7.6400,7.6400,7.6400,6.9197,0,0.0000,1.0000
2010-09-22,7.6400,7.6400,7.6400,7.6400,6.9197,0,0.0000,1.0000
2010-09-21,7.5000,7.6400,7.0500,7.6400,6.9197,1173,0.0000,1.0000
2010-09-20,7.6400,7.6400,7.6400,7.6400,6.9197,1464,0.0000,1.0000
2010-09-17,7.2500,7.2500,7.1800,7.1800,6.5031,1449,0.0000,1.0000
2010-09-16,7.2500,7.2500,7.2500,7.2500,6.5665,300,0.0000,1.0000
2010-09-15,7.0000,7.0000,7.0000,7.0000,6.3400,0,0.0000,1.0000
2010-09-14,7.0000,7.0000,7.0000,7.0000,6.3400,332,0.0000,1.0000
2010-09-13,7.2300,7.2300,7.2300,7.2300,6.5484,1000,0.0000,1.0000
2010-09-10,7.0000,7.2450,7.0000,7.2300,6.5484,1897,0.0000,1.0000
2010-09-09,7.0600,7.0600,7.0000,7.0000,6.3400,1436,0.0000,1.0000
2010-09-08,7.0000,7.0000,7.0000,7.0000,6.3400,0,0.0300,1.0000
2010-09-07,7.0000,7.0000,7.0000,7.0000,6.3130,0,0.0000,1.0000
2010-09-03,7.2985,7.2985,7.0000,7.0000,6.3130,700,0.0000,1.0000
2010-09-02,7.3400,7.3400,7.3400,7.3400,6.6196,100,0.0000,1.0000
2010-09-01,7.0500,7.0500,7.0000,7.0000,6.3130,300,0.0000,1.0000
2010-08-31,7.0500,7.0500,7.0000,7.0000,6.3130,519,0.0000,1.0000
2010-08-30,7.1000,7.1300,7.0500,7.0500,6.3581,364,0.0000,1.0000
2010-08-27,7.0500,7.0500,7.0000,7.0500,6.3581,3937,0.0000,1.0000
2010-08-26,7.0175,7.0500,7.0000,7.0500,6.3581,630,0.0000,1.0000
2010-08-25,7.0600,7.0600,7.0600,7.0600,6.3671,168,0.0000,1.0000
2010-08-24,7.0100,7.0700,7.0000,7.0600,6.3671,3882,0.0000,1.0000
2010-08-23,7.0300,7.0300,7.0300,7.0300,6.3400,100,0.0000,1.0000
2010-08-20,7.0000,7.0000,7.0000,7.0000,6.3130,302,0.0000,1.0000
2010-08-19,7.0100,7.0100,7.0000,7.0000,6.3130,2587,0.0000,1.0000
2010-08-18,7.0000,7.0000,7.0000,7.0000,6.3130,0,0.0000,1.0000
2010-08-17,7.0000,7.0000,7.0000,7.0000,6.3130,2100,0.0000,1.0000
2010-08-16,7.0000,7.0000,7.0000,7.0000,6.3130,100,0.0000,1.0000
2010-08-13,6.9300,7.0000,6.9300,7.0000,6.3130,1065,0.0000,1.0000
2010-08-12,6.8800,6.8800,6.8800,6.8800,6.2048,6589,0.0000,1.0000
2010-08-11,6.9300,6.9300,6.9000,6.9000,6.2228,1500,0.0000,1.0000
2010-08-10,6.8000,6.8000,6.8000,6.8000,6.1326,100,0.0000,1.0000
2010-08-09,6.9200,6.9200,6.8200,6.9200,6.2408,1669,0.0000,1.0000
2010-08-06,6.9500,6.9500,6.9500,6.9500,6.2679,0,0.0000,1.0000
2010-08-05,6.9500,6.9500,6.9500,6.9500,6.2679,807,0.0000,1.0000
2010-08-04,6.9600,6.9600,6.9600,6.9600,6.2769,221,0.0000,1.0000
2010-08-03,6.9500,6.9500,6.9500,6.9500,6.2679,1182,0.0000,1.0000
2010-08-02,6.9300,6.9300,6.9200,6.9200,6.2408,450,0.0000,1.0000
2010-07-30,6.8100,6.8100,6.8100,6.8100,6.1416,0,0.0000,1.0000
2010-07-29,6.8100,6.8100,6.8100,6.8100,6.1416,0,0.0000,1.0000
2010-07-28,6.8100,6.8100,6.8100,6.8100,6.1416,0,0.0000,1.0000
2010-07-27,6.8100,6.8100,6.8100,6.8100,6.1416,0,0.0000,1.0000
2010-07-26,6.8100,6.8100,6.8100,6.8100,6.1416,106,0.0000,1.0000
2010-07-23,6.7900,6.7900,6.7600,6.7600,6.0965,530,0.0000,1.0000
2010-07-22,7.4700,7.4700,7.4700,7.4700,6.7369,0,0.0000,1.0000
2010-07-21,7.2000,7.5000,7.2000,7.4700,6.7369,4361,0.0000,1.0000
2010-07-20,7.2500,7.2500,7.2500,7.2500,6.5385,0,0.0000,1.0000
2010-07-19,6.8500,7.2500,6.8500,7.2500,6.5385,600,0.0000,1.0000
2010-07-16,6.8500,6.8500,6.8500,6.8500,6.1777,0,0.0000,1.0000
2010-07-15,6.8500,6.8500,6.8500,6.8500,6.1777,0,0.0000,1.0000
2010-07-14,7.0300,7.0300,6.8500,6.8500,6.1777,1024,0.0000,1.0000
2010-07-13,7.0000,7.0300,7.0000,7.0300,6.3400,200,0.0000,1.0000
2010-07-12,6.9500,6.9900,6.8500,6.9900,6.3040,2949,0.0000,1.0000
2010-07-09,6.9000,6.9000,6.9000,6.9000,6.2228,0,0.0000,1.0000
2010-07-08,6.9000,6.9000,6.9000,6.9000,6.2228,730,0.0000,1.0000
2010-07-07,6.8500,6.8500,6.8500,6.8500,6.1777,0,0.0000,1.0000
2010-07-06,6.8500,6.8500,6.8500,6.8500,6.1777,0,0.0000,1.0000
2010-07-02,6.7600,6.8500,6.7500,6.8500,6.1777,2787,0.0000,1.0000
2010-07-01,6.7500,6.7500,6.7500,6.7500,6.0875,671,0.0000,1.0000
2010-06-30,6.9800,6.9800,6.9800,6.9800,6.2950,0,0.0000,1.0000
2010-06-29,6.9500,6.9800,6.9500,6.9800,6.2950,600,0.0000,1.0000
2010-06-28,6.8500,6.9900,6.6690,6.9900,6.3040,2208,0.0000,1.0000
2010-06-25,6.8500,6.8500,6.8500,6.8500,6.1777,280,0.0000,1.0000
2010-06-24,6.8500,6.8501,6.8500,6.8500,6.1777,900,0.0000,1.0000
2010-06-23,6.7500,6.8200,6.7500,6.8200,6.1507,823,0.0000,1.0000
2010-06-22,6.9800,6.9900,6.7000,6.7000,6.0424,1840,0.0000,1.0000
2010-06-21,6.7600,6.7600,6.7600,6.7600,6.0965,100,0.0000,1.0000
2010-06-18,6.9700,6.9700,6.7100,6.8100,6.1416,659,0.0000,1.0000
2010-06-17,7.0000,7.0000,6.7000,6.7000,6.0424,1048,0.0000,1.0000
2010-06-16,7.0000,7.0000,7.0000,7.0000,6.3130,769,0.0000,1.0000
2010-06-15,7.2800,7.2800,7.2800,7.2800,6.5655,0,0.0000,1.0000
2010-06-14,7.2800,7.2800,7.2800,7.2800,6.5655,0,0.0000,1.0000
2010-06-11,7.2800,7.2800,7.2800,7.2800,6.5655,0,0.0000,1.0000
2010-06-10,6.7900,7.2800,6.7900,7.2800,6.5655,697,0.0000,1.0000
2010-06-09,6.5800,6.5800,6.5800,6.5800,5.9342,289,0.0000,1.0000
2010-06-08,6.6100,6.6100,6.6100,6.6100,5.9613,0,0.0300,1.0000
2010-06-07,6.6500,6.6500,6.6100,6.6100,5.9343,200,0.0000,1.0000
2010-06-04,6.6800,6.6800,6.6200,6.6800,5.9972,1500,0.0000,1.0000
2010-06-03,7.2400,7.3500,7.2400,7.3500,6.5987,712,0.0000,1.0000
2010-06-02,7.3000,7.3000,7.3000,7.3000,6.5538,0,0.0000,1.0000
2010-06-01,7.2500,7.3500,7.2500,7.3000,6.5538,800,0.0000,1.0000
2010-05-28,7.1200,7.1400,6.4000,6.6200,5.9433,2842,0.0000,1.0000
2010-05-27,6.7500,7.1500,6.7500,7.0500,6.3294,1070,0.0000,1.0000
2010-05-26,6.5700,6.5700,6.5700,6.5700,5.8984,0,0.0000,1.0000
2010-05-25,6.5100,6.6400,6.4600,6.5700,5.8984,652,0.0000,1.0000
2010-05-24,6.9800,7.4100,6.6300,6.6500,5.9702,6929,0.0000,1.0000
2010-05-21,6.5000,6.5000,6.5000,6.5000,5.8356,1328,0.0000,1.0000
2010-05-20,6.6000,6.6000,6.6000,6.6000,5.9254,100,0.0000,1.0000
2010-05-19,6.6000,6.6500,6.6000,6.6000,5.9254,1245,0.0000,1.0000
2010-05-18,6.9100,7.2000,6.9100,7.2000,6.4640,222,0.0000,1.0000
2010-05-17,6.8200,7.0000,6.8000,6.9400,6.2306,5137,0.0000,1.0000
2010-05-14,6.7100,7.0000,6.7100,7.0000,6.2845,9222,0.0000,1.0000
2010-05-13,7.5000,7.5000,7.5000,7.5000,6.7334,0,0.0000,1.0000
2010-05-12,7.5000,7.5000,7.5000,7.5000,6.7334,0,0.0000,1.0000
2010-05-11,7.5000,7.5000,7.5000,7.5000,6.7334,100,0.0000,1.0000
2010-05-10,7.2700,7.4000,7.0400,7.0660,6.3437,961,0.0000,1.0000
2010-05-07,6.9000,6.9000,6.9000,6.9000,6.1947,0,0.0000,1.0000
2010-05-06,7.0000,7.0300,6.9000,6.9000,6.1947,5662,0.0000,1.0000
2010-05-05,6.9800,7.0000,6.9000,7.0000,6.2845,3129,0.0000,1.0000
2010-05-04,6.8100,7.1100,6.8100,7.0600,6.3383,17741,0.0000,1.0000
2010-05-03,7.0400,7.0400,7.0000,7.0000,6.2845,1350,0.0000,1.0000
2010-04-30,7.4494,7.4495,7.2500,7.2500,6.5089,1515,0.0000,1.0000
2010-04-29,7.2500,7.2500,7.2500,7.2500,6.5089,4960,0.0000,1.0000
2010-04-28,7.0300,7.5000,7.0300,7.4100,6.6526,3346,0.0000,1.0000
2010-04-27,6.7900,6.7900,6.7900,6.7900,6.0959,0,0.0000,1.0000
2010-04-26,6.5900,6.9499,6.5900,6.7900,6.0959,1040,0.0000,1.0000
2010-04-23,6.6100,6.6100,6.6100,6.6100,5.9343,100,0.0000,1.0000
2010-04-22,6.9250,6.9250,6.9250,6.9250,6.2171,0,0.0000,1.0000
2010-04-21,6.9250,6.9250,6.9250,6.9250,6.2171,0,0.0000,1.0000
2010-04-20,6.7500,6.9250,6.7500,6.9250,6.2171,500,0.0000,1.0000
2010-04-19,6.9900,6.9900,6.9900,6.9900,6.2755,300,0.0000,1.0000
2010-04-16,6.8500,6.8500,6.7800,6.8500,6.1498,1533,0.0000,1.0000
2010-04-15,6.7300,6.7300,6.7300,6.7300,6.0421,598,0.0000,1.0000
2010-04-14,6.3900,6.3900,6.3900,6.3900,5.7368,100,0.0000,1.0000
2010-04-13,6.7799,6.7799,6.7300,6.7300,6.0421,250,0.0000,1.0000
2010-04-12,6.4999,6.4999,6.4999,6.4999,5.8355,230,0.0000,1.0000
2010-04-09,6.0400,6.8100,5.2900,6.6300,5.9523,50638,0.0000,1.0000
2010-04-08,5.3350,5.3350,5.3350,5.3350,4.7897,0,0.0000,1.0000
2010-04-07,6.0800,6.1000,5.3350,5.3350,4.7897,1969,0.0000,1.0000
2010-04-06,5.3800,5.3800,5.3800,5.3800,4.8301,0,0.0000,1.0000
2010-04-05,5.3100,5.4000,5.2600,5.3800,4.8301,1700,0.0000,1.0000
2010-04-01,6.0600,6.0600,5.5000,5.5000,4.9378,1969,0.0000,1.0000
2010-03-31,5.2500,5.2500,5.1300,5.1500,4.6236,4519,0.0000,1.0000
2010-03-30,5.5900,5.5900,5.1500,5.2300,4.6954,4308,0.0000,1.0000
2010-03-29,5.5600,5.5600,5.5600,5.5600,4.9917,0,0.0000,1.0000
2010-03-26,5.6000,5.6000,5.5600,5.5600,4.9917,300,0.0000,1.0000
2010-03-25,6.0500,6.1500,6.0500,6.1000,5.4765,3224,0.0000,1.0000
2010-03-24,6.1900,6.2000,6.1100,6.1100,5.4854,1728,0.0000,1.0000
2010-03-23,5.7100,6.2300,5.7100,5.7515,5.1636,843,0.0000,1.0000
2010-03-22,5.3500,5.6000,5.3300,5.4500,4.8929,6124,0.0000,1.0000
2010-03-19,5.3500,5.3500,5.3500,5.3500,4.8031,0,0.0000,1.0000
2010-03-18,5.3000,5.4400,5.3000,5.3500,4.8031,1126,0.0000,1.0000
2010-03-17,5.5700,5.6000,5.3020,5.3020,4.7600,1032,0.0000,1.0000
2010-03-16,5.7400,5.7400,5.2500,5.2500,4.7134,2912,0.0000,1.0000
2010-03-15,5.2600,5.8200,5.2600,5.4000,4.8480,3300,0.0000,1.0000
2010-03-12,5.5500,5.5500,4.8000,5.4400,4.8839,12900,0.0000,1.0000
2010-03-11,5.7000,5.7000,5.7000,5.7000,5.1174,338,0.0000,1.0000
2010-03-10,5.7000,5.7000,5.7000,5.7000,5.1174,0,0.0000,1.0000
2010-03-09,5.7000,5.7000,5.7000,5.7000,5.1174,0,0.0000,1.0000
2010-03-08,5.7500,5.7700,5.7000,5.7000,5.1174,1084,0.0300,1.0000
2010-03-05,5.7500,5.7500,5.7499,5.7499,5.1351,619,0.0000,1.0000
2010-03-04,5.5501,5.5501,5.5501,5.5501,4.9567,0,0.0000,1.0000
2010-03-03,5.5501,5.5501,5.5501,5.5501,4.9567,0,0.0000,1.0000
2010-03-02,5.6100,5.6101,5.5500,5.5501,4.9567,7543,0.0000,1.0000
2010-03-01,5.5000,5.5000,5.5000,5.5000,4.9119,0,0.0000,1.0000
2010-02-26,5.5000,5.5000,5.5000,5.5000,4.9119,0,0.0000,1.0000
2010-02-25,5.5000,5.5000,5.5000,5.5000,4.9119,0,0.0000,1.0000
2010-02-24,5.5100,5.5100,5.5000,5.5000,4.9119,300,0.0000,1.0000
2010-02-23,5.7500,5.7500,5.7500,5.7500,5.1352,0,0.0000,1.0000
2010-02-22,5.7501,5.7501,5.7450,5.7500,5.1352,2517,0.0000,1.0000
2010-02-19,6.0000,6.0000,6.0000,6.0000,5.3585,149,0.0000,1.0000
2010-02-18,6.1700,6.1700,6.1700,6.1700,5.5103,0,0.0000,1.0000
2010-02-17,6.1700,6.1700,6.1700,6.1700,5.5103,109,0.0000,1.0000
2010-02-16,5.5000,5.5000,5.5000,5.5000,4.9119,0,0.0000,1.0000
2010-02-12,6.3500,6.3500,5.1350,5.5000,4.9119,700,0.0000,1.0000
2010-02-11,5.9700,5.9760,5.9700,5.9760,5.3371,700,0.0000,1.0000
2010-02-10,5.2500,5.2500,4.5200,4.6900,4.1886,2000,0.0000,1.0000
2010-02-09,6.0000,6.0000,5.5000,5.5100,4.9209,2989,0.0000,1.0000
2010-02-08,6.0000,6.0000,6.0000,6.0000,5.3585,0,0.0000,1.0000
2010-02-05,6.0000,6.0000,6.0000,6.0000,5.3585,0,0.0000,1.0000
2010-02-04,5.7900,6.0000,5.7000,6.0000,5.3585,2310,0.0000,1.0000
2010-02-03,6.5000,6.5000,6.5000,6.5000,5.8050,0,0.0000,1.0000
2010-02-02,6.4300,6.5000,6.4300,6.5000,5.8050,1100,0.0000,1.0000
2010-02-01,5.8100,6.4900,5.5000,6.4900,5.7961,1900,0.0000,1.0000
2010-01-29,6.4800,6.5000,6.3000,6.5000,5.8050,1400,0.0000,1.0000
2010-01-28,6.5000,6.5000,6.5000,6.5000,5.8050,0,0.0000,1.0000
2010-01-27,6.5000,6.5000,6.5000,6.5000,5.8050,300,0.0000,1.0000
2010-01-26,6.3200,6.5000,6.3200,6.5000,5.8050,2923,0.0000,1.0000
2010-01-25,6.2700,6.3300,6.2700,6.3300,5.6532,228,0.0000,1.0000
2010-01-22,5.8000,5.8000,5.8000,5.8000,5.1799,0,0.0000,1.0000
2010-01-21,5.8000,5.8000,5.8000,5.8000,5.1799,0,0.0000,1.0000
2010-01-20,5.9000,5.9000,5.7500,5.8000,5.1799,1227,0.0000,1.0000
2010-01-19,6.3100,6.3100,5.8700,5.8700,5.2424,666,0.0000,1.0000
2010-01-15,5.9300,5.9300,5.9300,5.9300,5.2960,0,0.0000,1.0000
2010-01-14,5.9300,5.9300,5.9300,5.9300,5.2960,0,0.0000,1.0000
2010-01-13,5.9300,5.9300,5.9300,5.9300,5.2960,0,0.0000,1.0000
2010-01-12,6.0100,6.3800,5.8700,5.9300,5.2960,1190,0.0000,1.0000
2010-01-11,6.3900,6.3900,6.3900,6.3900,5.7068,0,0.0000,1.0000
2010-01-08,6.3800,6.3900,6.3800,6.3900,5.7068,500,0.0000,1.0000
2010-01-07,6.0900,6.0950,6.0800,6.0900,5.4389,1178,0.0000,1.0000
2010-01-06,6.0800,6.0800,6.0800,6.0800,5.4299,0,0.0000,1.0000
2010-01-05,6.0800,6.0800,6.0800,6.0800,5.4299,248,0.0000,1.0000
2010-01-04,6.0500,6.3500,6.0100,6.3500,5.6711,605,0.0000,1.0000
2009-12-31,6.0600,6.1500,6.0100,6.1500,5.4924,1160,0.0000,1.0000
2009-12-30,6.0100,6.3400,6.0100,6.3400,5.6621,4328,0.0000,1.0000
2009-12-29,6.0200,6.4000,6.0100,6.0900,5.4389,1800,0.0000,1.0000
2009-12-28,6.0500,6.3500,6.0100,6.0100,5.3674,1200,0.0000,1.0000
2009-12-24,6.4999,6.4999,6.4999,6.4999,5.8049,300,0.0000,1.0000
2009-12-23,6.1300,6.4199,5.9600,6.0300,5.3853,9298,0.0000,1.0000
2009-12-22,7.0000,7.0000,6.1100,6.4300,5.7425,2856,0.0000,1.0000
2009-12-21,6.9800,6.9800,6.9800,6.9800,6.2337,200,0.0000,1.0000
2009-12-18,6.1200,6.1200,6.1200,6.1200,5.4657,200,0.0000,1.0000
2009-12-17,7.0000,7.0000,7.0000,7.0000,6.2516,200,0.0000,1.0000
2009-12-16,7.0000,7.0000,7.0000,7.0000,6.2516,0,0.0000,1.0000
2009-12-15,7.0000,7.0000,7.0000,7.0000,6.2516,0,0.0000,1.0000
2009-12-14,6.4900,7.0000,6.4900,7.0000,6.2516,558,0.0000,1.0000
2009-12-11,6.5000,6.5000,6.5000,6.5000,5.8050,0,0.0000,1.0000
2009-12-10,6.5000,6.5000,6.5000,6.5000,5.8050,0,0.0000,1.0000
2009-12-09,6.5000,6.5000,6.5000,6.5000,5.8050,0,0.0000,1.0000
2009-12-08,6.5000,6.5000,6.5000,6.5000,5.8050,212,0.0300,1.0000
2009-12-07,6.5000,6.5000,6.5000,6.5000,5.7784,100,0.0000,1.0000
2009-12-04,6.5000,6.5000,6.5000,6.5000,5.7784,2600,0.0000,1.0000
2009-12-03,7.0000,7.0000,7.0000,7.0000,6.2228,100,0.0000,1.0000
2009-12-02,7.2800,7.2800,7.2800,7.2800,6.4718,0,0.0000,1.0000
2009-12-01,7.2800,7.2800,7.2800,7.2800,6.4718,0,0.0000,1.0000
2009-11-30,7.2800,7.2800,7.2800,7.2800,6.4718,100,0.0000,1.0000
2009-11-27,7.0400,7.5000,7.0400,7.5000,6.6673,1233,0.0000,1.0000
2009-11-25,6.1100,6.1100,6.1100,6.1100,5.4317,0,0.0000,1.0000
2009-11-24,6.2500,6.2500,6.1100,6.1100,5.4317,286,0.0000,1.0000
2009-11-23,6.2200,6.5000,6.1100,6.1100,5.4317,3240,0.0000,1.0000
2009-11-20,6.1500,6.5600,6.1100,6.5600,5.8317,1088,0.0000,1.0000
2009-11-19,6.7500,6.7500,6.2500,6.2800,5.5828,500,0.0000,1.0000
2009-11-18,7.0100,7.0100,7.0100,7.0100,6.2317,0,0.0000,1.0000
2009-11-17,6.9800,7.0100,6.9800,7.0100,6.2317,600,0.0000,1.0000
2009-11-16,6.9800,6.9999,6.9800,6.9999,6.2228,500,0.0000,1.0000
2009-11-13,6.6500,6.6500,6.6000,6.6000,5.8673,513,0.0000,1.0000
2009-11-12,6.9200,6.9700,6.7500,6.7500,6.0006,700,0.0000,1.0000
2009-11-11,6.1100,6.1400,6.1100,6.1100,5.4317,4183,0.0000,1.0000
2009-11-10,6.1500,6.1500,6.1200,6.1200,5.4405,200,0.0000,1.0000
2009-11-09,5.9100,5.9100,5.9100,5.9100,5.2539,0,0.0000,1.0000
2009-11-06,6.9400,6.9400,5.9100,5.9100,5.2539,250,0.0000,1.0000
2009-11-05,5.9600,5.9600,5.9100,5.9100,5.2539,310,0.0000,1.0000
2009-11-04,6.1000,6.2650,6.0900,6.1100,5.4317,3460,0.0000,1.0000
2009-11-03,6.2500,6.2500,5.9100,5.9100,5.2539,545,0.0000,1.0000
2009-11-02,6.2500,6.2500,6.2500,6.2500,5.5561,0,0.0000,1.0000
2009-10-30,6.2500,6.2500,6.2500,6.2500,5.5561,0,0.0000,1.0000
2009-10-29,6.3000,6.3000,6.2500,6.2500,5.5561,200,0.0000,1.0000
2009-10-28,6.2500,6.2800,6.2500,6.2800,5.5828,500,0.0000,1.0000
2009-10-27,6.2800,6.2800,6.2800,6.2800,5.5828,135,0.0000,1.0000
2009-10-26,6.2500,6.3000,6.2500,6.2500,5.5561,1200,0.0000,1.0000
2009-10-23,6.2700,6.2700,6.2700,6.2700,5.5739,0,0.0000,1.0000
2009-10-22,6.2700,6.2700,6.2700,6.2700,5.5739,0,0.0000,1.0000
2009-10-21,6.2700,6.2700,6.2700,6.2700,5.5739,0,0.0000,1.0000
2009-10-20,6.2700,6.2700,6.2700,6.2700,5.5739,0,0.0000,1.0000
2009-10-19,6.2700,6.2700,6.2700,6.2700,5.5739,255,0.0000,1.0000
2009-10-16,6.8000,6.8000,6.8000,6.8000,6.0451,0,0.0000,1.0000
2009-10-15,6.8000,6.8000,6.8000,6.8000,6.0451,300,0.0000,1.0000
2009-10-14,6.2800,6.2800,6.0600,6.0600,5.3872,800,0.0000,1.0000
2009-10-13,7.4800,7.4800,7.4800,7.4800,6.6496,0,0.0000,1.0000
2009-10-12,7.4800,7.4800,7.4800,7.4800,6.6496,0,0.0000,1.0000
2009-10-09,7.4800,7.4800,7.4800,7.4800,6.6496,300,0.0000,1.0000
2009-10-08,6.5000,7.5000,6.5000,7.0000,6.2228,7331,0.0000,1.0000
2009-10-07,6.5000,6.5000,6.5000,6.5000,5.7784,0,0.0000,1.0000
2009-10-06,6.5000,6.5000,6.5000,6.5000,5.7784,0,0.0000,1.0000
2009-10-05,6.5000,6.5000,6.5000,6.5000,5.7784,400,0.0000,1.0000
2009-10-02,6.4850,6.5000,6.4850,6.5000,5.7784,400,0.0000,1.0000
2009-10-01,6.4900,6.4900,6.4900,6.4900,5.7695,100,0.0000,1.0000
2009-09-30,6.4500,6.5000,6.4500,6.5000,5.7784,2862,0.0000,1.0000
2009-09-29,5.8600,6.7399,5.8300,6.4400,5.7250,1000,0.0000,1.0000
2009-09-28,5.8500,6.7997,5.8000,6.7997,6.0448,900,0.0000,1.0000
2009-09-25,6.9000,6.9000,6.9000,6.9000,6.1339,2627,0.0000,1.0000
2009-09-24,6.9500,6.9500,6.9500,6.9500,6.1784,0,0.0000,1.0000
2009-09-23,6.9500,6.9500,6.9500,6.9500,6.1784,3,0.0000,1.0000
2009-09-22,6.0500,6.9500,5.8000,6.9500,6.1784,1786,0.0000,1.0000
2009-09-21,6.0150,6.0150,6.0150,6.0150,5.3472,100,0.0000,1.0000
2009-09-18,6.0001,6.5000,6.0000,6.5000,5.7784,1000,0.0000,1.0000
2009-09-17,6.0400,6.0400,6.0400,6.0400,5.3694,0,0.0000,1.0000
2009-09-16,6.4500,6.4999,6.0300,6.0400,5.3694,790,0.0000,1.0000
2009-09-15,7.2500,7.2500,5.7500,5.8000,5.1561,6117,0.0000,1.0000
2009-09-14,7.0000,7.0000,7.0000,7.0000,6.2228,0,0.0000,1.0000
2009-09-11,7.0000,7.0000,7.0000,7.0000,6.2228,0,0.0000,1.0000
2009-09-10,7.0000,7.0000,7.0000,7.0000,6.2228,0,0.0000,1.0000
2009-09-09,7.0000,7.0000,7.0000,7.0000,6.2228,0,0.0000,1.0000
2009-09-08,7.0000,7.0000,7.0000,7.0000,6.2228,0,0.0650,1.0000
2009-09-04,7.1000,7.1000,7.0000,7.0000,6.1656,8648,0.0000,1.0000
2009-09-03,7.1900,7.2000,7.0000,7.0000,6.1656,499,0.0000,1.0000
2009-09-02,7.5600,7.5600,7.1500,7.1501,6.2978,1807,0.0000,1.0000
2009-09-01,7.2500,7.8500,7.2500,7.8490,6.9134,1485,0.0000,1.0000
2009-08-31,7.1500,7.1500,7.1500,7.1500,6.2977,107,0.0000,1.0000
2009-08-28,7.3500,7.3500,7.3500,7.3500,6.4739,0,0.0000,1.0000
2009-08-27,7.3500,7.3500,7.3500,7.3500,6.4739,0,0.0000,1.0000
2009-08-26,7.3500,7.3500,7.3500,7.3500,6.4739,0,0.0000,1.0000
2009-08-25,7.1500,7.1500,7.1500,7.1500,6.2977,200,0.0000,1.0000
2009-08-24,7.1500,7.1500,7.1500,7.1500,6.2977,192,0.0000,1.0000
2009-08-21,7.1500,7.1500,7.1500,7.1500,6.2977,0,0.0000,1.0000
2009-08-20,7.1500,7.1500,7.1500,7.1500,6.2977,2500,0.0000,1.0000
2009-08-19,7.1500,7.1500,7.1500,7.1500,6.2977,0,0.0000,1.0000
2009-08-18,7.1500,7.1501,7.1500,7.1500,6.2977,2485,0.0000,1.0000
2009-08-17,7.2000,7.2000,7.2000,7.2000,6.3418,0,0.0000,1.0000
2009-08-14,7.2000,7.2000,7.2000,7.2000,6.3418,0,0.0000,1.0000
2009-08-13,7.2500,7.2500,7.1700,7.2000,6.3418,4452,0.0000,1.0000
2009-08-12,7.3500,7.3500,7.3500,7.3500,6.4739,0,0.0000,1.0000
2009-08-11,7.3500,7.3500,7.3500,7.3500,6.4739,212,0.0000,1.0000
2009-08-10,7.5500,7.5500,7.5500,7.5500,6.6500,0,0.0000,1.0000
2009-08-07,7.5500,7.5500,7.5500,7.5500,6.6500,0,0.0000,1.0000
2009-08-06,7.5500,7.5500,7.5500,7.5500,6.6500,121,0.0000,1.0000
2009-08-05,7.5250,7.5250,7.5250,7.5250,6.6280,0,0.0000,1.0000
2009-08-04,7.5250,7.5250,7.5250,7.5250,6.6280,0,0.0000,1.0000
2009-08-03,7.5250,7.5250,7.5250,7.5250,6.6280,200,0.0000,1.0000
2009-07-31,7.5000,7.5000,7.5000,7.5000,6.6060,0,0.0000,1.0000
2009-07-30,7.5000,7.5000,7.5000,7.5000,6.6060,0,0.0000,1.0000
2009-07-29,7.5000,7.5000,7.5000,7.5000,6.6060,0,0.0000,1.0000
2009-07-28,7.5000,7.5000,7.5000,7.5000,6.6060,0,0.0000,1.0000
2009-07-27,7.5000,7.5000,7.5000,7.5000,6.6060,0,0.0000,1.0000
2009-07-24,7.5100,7.5100,7.5000,7.5000,6.6060,700,0.0000,1.0000
2009-07-23,8.0000,8.5000,7.5000,7.5000,6.6060,1797,0.0000,1.0000
2009-07-22,8.5000,8.5000,8.5000,8.5000,7.4868,0,0.0000,1.0000
2009-07-21,8.5000,8.5000,8.5000,8.5000,7.4868,0,0.0000,1.0000
2009-07-20,8.5000,8.5000,8.5000,8.5000,7.4868,0,0.0000,1.0000
2009-07-17,8.5000,8.5000,8.5000,8.5000,7.4868,0,0.0000,1.0000
2009-07-16,8.5000,8.5000,8.5000,8.5000,7.4868,0,0.0000,1.0000
2009-07-15,8.5000,8.5000,8.5000,8.5000,7.4868,0,0.0000,1.0000
2009-07-14,8.5000,8.5000,8.5000,8.5000,7.4868,0,0.0000,1.0000
2009-07-13,8.5000,8.5000,8.5000,8.5000,7.4868,0,0.0000,1.0000
2009-07-10,8.5000,8.5000,8.5000,8.5000,7.4868,0,0.0000,1.0000
2009-07-09,8.5000,8.5000,8.5000,8.5000,7.4868,0,0.0000,1.0000
2009-07-08,8.5000,8.5000,8.5000,8.5000,7.4868,0,0.0000,1.0000
2009-07-07,8.5000,8.5000,8.5000,8.5000,7.4868,0,0.0000,1.0000
2009-07-06,8.5000,8.5000,8.5000,8.5000,7.4868,100,0.0000,1.0000
2009-07-02,7.5000,7.5000,7.5000,7.5000,6.6060,200,0.0000,1.0000
2009-07-01,7.5500,7.5500,7.5500,7.5500,6.6500,0,0.0000,1.0000
2009-06-30,7.5520,7.5520,7.5520,7.5520,6.6518,200,0.0000,1.0000
2009-06-29,8.6000,8.6000,8.6000,8.6000,7.5749,0,0.0000,1.0000
2009-06-26,8.6000,8.6000,8.6000,8.6000,7.5749,100,0.0000,1.0000
2009-06-25,8.0500,8.5000,8.0500,8.5000,7.4868,2265,0.0000,1.0000
2009-06-24,7.5500,7.5500,7.5000,7.5000,6.6060,645,0.0000,1.0000
2009-06-23,8.2000,8.2000,7.5000,7.5000,6.6060,2241,0.0000,1.0000
2009-06-22,7.5501,7.5501,7.5501,7.5501,6.6501,200,0.0000,1.0000
2009-06-19,8.0400,8.0400,8.0400,8.0400,7.0816,0,0.0000,1.0000
2009-06-18,8.0400,8.0400,8.0400,8.0400,7.0816,0,0.0000,1.0000
2009-06-17,8.1700,8.1700,8.0400,8.0400,7.0816,220,0.0000,1.0000
2009-06-16,8.2899,8.2899,7.5000,7.5000,6.6060,668,0.0000,1.0000
2009-06-15,8.1000,8.1000,8.1000,8.1000,7.1345,0,0.0000,1.0000
2009-06-12,8.1000,8.1000,8.1000,8.1000,7.1345,0,0.0000,1.0000
2009-06-11,8.1000,8.1000,8.1000,8.1000,7.1345,0,0.0000,1.0000
2009-06-10,8.4999,8.4999,8.0001,8.1000,7.1345,2918,0.0000,1.0000
2009-06-09,8.0000,8.0000,8.0000,8.0000,7.0464,550,0.0000,1.0000
2009-06-08,8.0000,8.0000,8.0000,8.0000,7.0464,399,0.0650,1.0000
2009-06-05,7.2500,8.3500,7.2500,8.3500,7.2954,4945,0.0000,1.0000
2009-06-04,7.2500,7.2500,7.2500,7.2500,6.3343,0,0.0000,1.0000
2009-06-03,7.2600,7.2600,7.2500,7.2500,6.3343,833,0.0000,1.0000
2009-06-02,8.3900,8.3900,8.3900,8.3900,7.3303,0,0.0000,1.0000
2009-06-01,8.7200,8.7600,7.5200,8.3900,7.3303,3248,0.0000,1.0000
2009-05-29,9.8500,9.9000,7.5000,7.5000,6.5528,5113,0.0000,1.0000
2009-05-28,9.7500,9.7500,9.7500,9.7500,8.5186,0,0.0000,1.0000
2009-05-27,9.9000,9.9000,9.7500,9.7500,8.5186,200,0.0000,1.0000
2009-05-26,9.4999,9.9000,9.4999,9.9000,8.6496,1191,0.0000,1.0000
2009-05-22,9.9500,9.9500,9.9500,9.9500,8.6933,0,0.0000,1.0000
2009-05-21,9.9500,9.9500,9.9500,9.9500,8.6933,0,0.0000,1.0000
2009-05-20,9.9500,9.9500,9.9500,9.9500,8.6933,100,0.0000,1.0000
2009-05-19,8.5100,9.9499,7.7500,9.9499,8.6932,1443,0.0000,1.0000
2009-05-18,8.9900,10.0000,8.9900,10.0000,8.7370,4815,0.0000,1.0000
2009-05-15,7.7800,7.7800,7.7800,7.7800,6.7974,1,0.0000,1.0000
2009-05-14,7.7800,7.7800,7.7800,7.7800,6.7974,9,0.0000,1.0000
2009-05-13,7.7800,7.7800,7.7800,7.7800,6.7974,0,0.0000,1.0000
2009-05-12,7.7700,7.7800,7.7700,7.7800,6.7974,214,0.0000,1.0000
2009-05-11,9.5000,9.5000,9.5000,9.5000,8.3002,0,0.0000,1.0000
2009-05-08,9.5000,9.5000,9.5000,9.5000,8.3002,100,0.0000,1.0000
2009-05-07,8.0400,8.0400,7.9660,7.9999,6.9895,350,0.0000,1.0000
2009-05-06,7.0000,7.0000,7.0000,7.0000,6.1159,0,0.0000,1.0000
2009-05-05,7.0000,7.0000,7.0000,7.0000,6.1159,1190,0.0000,1.0000
2009-05-04,8.5500,8.7500,8.5500,8.7500,7.6449,951,0.0000,1.0000
2009-05-01,6.7600,6.7600,6.7600,6.7600,5.9062,0,0.0000,1.0000
2009-04-30,6.7600,6.7600,6.7600,6.7600,5.9062,0,0.0000,1.0000
2009-04-29,6.7600,6.7600,6.7600,6.7600,5.9062,0,0.0000,1.0000
2009-04-28,6.7600,6.7600,6.7600,6.7600,5.9062,50,0.0000,1.0000
2009-04-27,8.5100,8.5100,6.7600,6.7600,5.9062,300,0.0000,1.0000
2009-04-24,8.7200,8.7200,8.7200,8.7200,7.6187,0,0.0000,1.0000
2009-04-23,8.7200,8.7200,8.7200,8.7200,7.6187,0,0.0000,1.0000
2009-04-22,8.7200,8.7200,8.7200,8.7200,7.6187,0,0.0000,1.0000
2009-04-21,8.5400,8.7200,8.5200,8.7200,7.6187,951,0.0000,1.0000
2009-04-20,9.5000,9.5000,9.5000,9.5000,8.3002,200,0.0000,1.0000
2009-04-17,8.5700,10.0000,8.5700,10.0000,8.7370,1296,0.0000,1.0000
2009-04-16,7.9900,9.0000,7.9900,9.0000,7.8633,800,0.0000,1.0000
2009-04-15,8.0500,8.4900,8.0500,8.4900,7.4177,442,0.0000,1.0000
2009-04-14,8.0000,8.0000,8.0000,8.0000,6.9896,200,0.0000,1.0000
2009-04-13,8.0000,8.0500,7.9900,8.0500,7.0333,4521,0.0000,1.0000
2009-04-09,7.0000,7.0000,7.0000,7.0000,6.1159,0,0.0000,1.0000
2009-04-08,7.0000,7.0000,7.0000,7.0000,6.1159,100,0.0000,1.0000
2009-04-07,7.8200,7.8200,7.8200,7.8200,6.8323,0,0.0000,1.0000
2009-04-06,7.8200,7.8200,7.8200,7.8200,6.8323,200,0.0000,1.0000
2009-04-03,7.7300,7.7300,7.2800,7.2800,6.3605,200,0.0000,1.0000
2009-04-02,7.5200,7.5200,7.5200,7.5200,6.5702,0,0.0000,1.0000
2009-04-01,7.5200,7.5200,7.5200,7.5200,6.5702,0,0.0000,1.0000
2009-03-31,7.5200,7.5200,7.5200,7.5200,6.5702,0,0.0000,1.0000
2009-03-30,7.5200,7.5200,7.5200,7.5200,6.5702,0,0.0000,1.0000
2009-03-27,7.5200,7.5200,7.5200,7.5200,6.5702,141,0.0000,1.0000
2009-03-26,6.9000,6.9000,6.9000,6.9000,6.0285,498,0.0000,1.0000
2009-03-25,6.9150,6.9150,6.9150,6.9150,6.0416,0,0.0000,1.0000
2009-03-24,7.6700,7.6700,6.8500,6.9150,6.0416,1864,0.0000,1.0000
2009-03-23,6.8500,6.8500,6.8500,6.8500,5.9848,100,0.0000,1.0000
2009-03-20,6.7700,6.7700,6.7700,6.7700,5.9150,0,0.0000,1.0000
2009-03-19,6.7700,6.7700,6.7700,6.7700,5.9150,0,0.0000,1.0000
2009-03-18,7.5500,7.5500,6.7600,6.7700,5.9150,1036,0.0000,1.0000
2009-03-17,7.9800,8.0000,7.0500,7.0500,6.1596,627,0.0000,1.0000
2009-03-16,7.7500,7.7500,6.8100,7.6550,6.6882,1683,0.0000,1.0000
2009-03-13,7.9900,8.0000,7.9900,8.0000,6.9896,1269,0.0000,1.0000
2009-03-12,6.8300,7.9900,6.8300,7.9900,6.9809,1000,0.0000,1.0000
2009-03-11,5.4500,5.8000,5.4500,5.8000,5.0675,561,0.0000,1.0000
2009-03-10,7.9300,8.2100,5.0800,5.3730,4.6944,6758,0.0000,1.0000
2009-03-09,4.7500,4.7500,4.7500,4.7500,4.1501,0,0.0000,1.0000
2009-03-06,5.2201,6.6200,4.7500,4.7500,4.1501,3438,0.0650,1.0000
2009-03-05,5.3000,6.6700,5.3000,6.3500,5.4731,5400,0.0000,1.0000
2009-03-04,4.8500,4.9900,4.7500,4.9900,4.3009,5635,0.0000,1.0000
2009-03-03,4.8200,4.8200,4.8200,4.8200,4.1544,100,0.0000,1.0000
2009-03-02,5.2500,5.2500,4.7500,4.8200,4.1544,710,0.0000,1.0000
2009-02-27,4.7500,4.7500,4.7500,4.7500,4.0941,1100,0.0000,1.0000
2009-02-26,5.0400,5.0400,5.0400,5.0400,4.3440,0,0.0000,1.0000
2009-02-25,5.0400,5.0400,4.7300,5.0400,4.3440,500,0.0000,1.0000
2009-02-24,4.7500,4.7500,4.7500,4.7500,4.0941,300,0.0000,1.0000
2009-02-23,5.2900,5.2900,5.2100,5.2100,4.4905,300,0.0000,1.0000
2009-02-20,5.2500,5.2500,4.1500,4.1500,3.5769,3694,0.0000,1.0000
2009-02-19,5.1500,5.1500,5.1500,5.1500,4.4388,266,0.0000,1.0000
2009-02-18,5.1500,5.5700,5.1500,5.5700,4.8008,2100,0.0000,1.0000
2009-02-17,5.7600,5.7700,5.1500,5.1500,4.4388,2816,0.0000,1.0000
2009-02-13,5.7600,5.7600,5.7600,5.7600,4.9646,3700,0.0000,1.0000
2009-02-12,5.8000,5.8200,5.7900,5.7900,4.9904,990,0.0000,1.0000
2009-02-11,5.6800,5.6800,5.6800,5.6800,4.8956,100,0.0000,1.0000
2009-02-10,5.1500,5.7000,5.1500,5.6800,4.8956,2899,0.0000,1.0000
2009-02-09,5.8000,5.8000,5.8000,5.8000,4.9991,0,0.0000,1.0000
2009-02-06,5.8000,5.8000,5.8000,5.8000,4.9991,200,0.0000,1.0000
2009-02-05,5.6500,5.7000,5.6500,5.6900,4.9042,610,0.0000,1.0000
2009-02-04,5.7400,5.7400,5.7400,5.7400,4.9473,200,0.0000,1.0000
2009-02-03,5.8400,5.8400,5.8000,5.8000,4.9991,600,0.0000,1.0000
2009-02-02,5.9500,5.9500,5.5500,5.5500,4.7836,2903,0.0000,1.0000
2009-01-30,6.5000,6.5000,5.1000,5.9900,5.1628,4800,0.0000,1.0000
2009-01-29,6.0900,6.0900,5.7600,5.8000,4.9991,2803,0.0000,1.0000
2009-01-28,6.7500,6.7500,6.7500,6.7500,5.8179,580,0.0000,1.0000
2009-01-27,6.7500,6.7500,6.0000,6.5000,5.6024,2667,0.0000,1.0000
2009-01-26,6.8000,6.8100,6.8000,6.8100,5.8696,700,0.0000,1.0000
2009-01-23,5.7600,6.8400,5.7600,6.8400,5.8954,566,0.0000,1.0000
2009-01-22,6.0000,6.3300,6.0000,6.3300,5.4559,300,0.0000,1.0000
2009-01-21,5.5100,7.2500,5.5100,6.8500,5.9041,600,0.0000,1.0000
2009-01-20,7.9000,7.9000,7.9000,7.9000,6.8091,0,0.0000,1.0000
2009-01-16,7.9000,7.9000,7.9000,7.9000,6.8091,100,0.0000,1.0000
2009-01-15,7.2500,7.2500,7.2500,7.2500,6.2488,581,0.0000,1.0000
2009-01-14,7.9500,7.9500,7.9500,7.9500,6.8522,0,0.0000,1.0000
2009-01-13,7.9500,7.9500,7.9500,7.9500,6.8522,0,0.0000,1.0000
2009-01-12,7.9500,7.9500,7.9500,7.9500,6.8522,500,0.0000,1.0000
2009-01-09,8.0500,8.4000,7.8000,7.8000,6.7229,8150,0.0000,1.0000
2009-01-08,8.4000,8.4000,8.4000,8.4000,7.2400,525,0.0000,1.0000
2009-01-07,8.0500,8.0500,8.0500,8.0500,6.9383,115,0.0000,1.0000
2009-01-06,8.0500,8.0500,8.0500,8.0500,6.9383,300,0.0000,1.0000
2009-01-05,8.0500,8.5000,8.0500,8.5000,7.3262,1488,0.0000,1.0000
2009-01-02,8.0500,8.0500,8.0500,8.0500,6.9383,1116,0.0000,1.0000
2008-12-31,8.0500,9.2000,8.0500,9.2000,7.9295,4781,0.0000,1.0000
2008-12-30,8.5000,8.5000,8.0500,8.5000,7.3262,1732,0.0000,1.0000
2008-12-29,8.0000,8.0000,8.0000,8.0000,6.8952,550,0.0000,1.0000
2008-12-26,8.1000,8.1000,8.0000,8.0000,6.8952,2900,0.0000,1.0000
2008-12-24,10.0000,10.0000,9.9900,10.0000,8.6191,820,0.0650,1.0000
2008-12-23,9.0000,9.2700,8.5500,9.2700,7.9383,3856,0.0000,1.0000
2008-12-22,9.0000,9.0000,9.0000,9.0000,7.7071,0,0.0000,1.0000
2008-12-19,9.0000,9.0000,9.0000,9.0000,7.7071,222,0.0000,1.0000
2008-12-18,9.0500,9.0500,9.0500,9.0500,7.7499,100,0.0000,1.0000
2008-12-17,9.2500,9.2500,9.2500,9.2500,7.9211,815,0.0000,1.0000
2008-12-16,10.9500,10.9500,10.9500,10.9500,9.3769,0,0.0000,1.0000
2008-12-15,10.9500,10.9500,10.9500,10.9500,9.3769,0,0.0000,1.0000
2008-12-12,10.9500,10.9500,10.9500,10.9500,9.3769,132,0.0000,1.0000
2008-12-11,9.2500,9.2500,9.2500,9.2500,7.9211,0,0.0000,1.0000
2008-12-10,9.2500,9.2500,9.2500,9.2500,7.9211,522,0.0000,1.0000
2008-12-09,10.9500,10.9500,9.0400,9.0400,7.7413,1842,0.0000,1.0000
2008-12-08,9.0400,10.3000,9.0400,10.3000,8.8203,1696,0.0000,1.0000
2008-12-05,10.0000,10.0000,10.0000,10.0000,8.5634,0,0.0000,1.0000
2008-12-04,10.0000,10.0000,10.0000,10.0000,8.5634,0,0.0000,1.0000
2008-12-03,10.0000,10.0000,10.0000,10.0000,8.5634,360,0.0000,1.0000
2008-12-02,10.0000,10.0000,10.0000,10.0000,8.5634,100,0.0000,1.0000
2008-12-01,10.0000,10.0000,10.0000,10.0000,8.5634,0,0.0000,1.0000
2008-11-28,10.0000,10.0000,10.0000,10.0000,8.5634,0,0.0000,1.0000
2008-11-26,10.0500,10.0500,10.0000,10.0000,8.5634,1487,0.0000,1.0000
2008-11-25,10.0500,10.0500,10.0500,10.0500,8.6062,0,0.0000,1.0000
2008-11-24,10.3500,10.3500,10.0500,10.0500,8.6062,1278,0.0000,1.0000
2008-11-21,10.8200,10.8200,10.8200,10.8200,9.2656,0,0.0000,1.0000
2008-11-20,10.8200,10.8200,10.8200,10.8200,9.2656,0,0.0000,1.0000
2008-11-19,10.5000,10.8200,10.5000,10.8200,9.2656,6056,0.0000,1.0000
2008-11-18,10.5000,10.5000,10.5000,10.5000,8.9916,500,0.0000,1.0000
2008-11-17,10.3000,10.3000,10.0500,10.0500,8.6062,1205,0.0000,1.0000
2008-11-14,10.5000,10.5000,10.5000,10.5000,8.9916,285,0.0000,1.0000
2008-11-13,10.5000,10.5000,10.5000,10.5000,8.9916,300,0.0000,1.0000
2008-11-12,10.5000,10.5000,10.5000,10.5000,8.9916,0,0.0000,1.0000
2008-11-11,10.5000,10.5000,10.5000,10.5000,8.9916,0,0.0000,1.0000
2008-11-10,10.5000,10.5000,10.5000,10.5000,8.9916,0,0.0000,1.0000
2008-11-07,10.5000,10.5000,10.5000,10.5000,8.9916,105,0.0000,1.0000
2008-11-06,10.5000,10.5000,10.5000,10.5000,8.9916,0,0.0000,1.0000
2008-11-05,10.5000,10.5000,10.5000,10.5000,8.9916,0,0.0000,1.0000
2008-11-04,10.5000,10.5000,10.5000,10.5000,8.9916,0,0.0000,1.0000
2008-11-03,10.5000,10.5000,10.5000,10.5000,8.9916,0,0.0000,1.0000
2008-10-31,10.5000,10.5000,10.5000,10.5000,8.9916,0,0.0000,1.0000
2008-10-30,10.5000,10.5000,10.5000,10.5000,8.9916,218,0.0000,1.0000
2008-10-29,10.5000,10.5000,10.5000,10.5000,8.9916,243,0.0000,1.0000
2008-10-28,10.5000,10.5000,10.5000,10.5000,8.9916,0,0.0000,1.0000
2008-10-27,10.5000,10.5000,10.5000,10.5000,8.9916,100,0.0000,1.0000
2008-10-24,11.2400,11.2400,11.2400,11.2400,9.6253,0,0.0000,1.0000
2008-10-23,11.2400,11.2400,11.2400,11.2400,9.6253,415,0.0000,1.0000
2008-10-22,10.7600,10.7600,10.7600,10.7600,9.2142,0,0.0000,1.0000
2008-10-21,10.7600,10.7600,10.7600,10.7600,9.2142,0,0.0000,1.0000
2008-10-20,11.2400,11.2500,10.7500,10.7600,9.2142,1175,0.0000,1.0000
2008-10-17,10.7500,10.7500,10.7500,10.7500,9.2057,2205,0.0000,1.0000
2008-10-16,11.2500,11.2500,11.2400,11.2400,9.6253,200,0.0000,1.0000
2008-10-15,10.7500,10.7500,10.7500,10.7500,9.2057,0,0.0000,1.0000
2008-10-14,10.7500,10.7500,10.7500,10.7500,9.2057,0,0.0000,1.0000
2008-10-13,11.2500,11.2500,10.7500,10.7500,9.2057,762,0.0000,1.0000
2008-10-10,11.2500,11.2500,11.2500,11.2500,9.6338,2849,0.0000,1.0000
2008-10-09,10.7500,10.7500,10.7500,10.7500,9.2057,609,0.0000,1.0000
2008-10-08,10.8000,10.8000,10.7500,10.7500,9.2057,1003,0.0000,1.0000
2008-10-07,10.8000,10.8000,10.8000,10.8000,9.2485,0,0.0000,1.0000
2008-10-06,10.8000,10.8000,10.8000,10.8000,9.2485,600,0.0000,1.0000
2008-10-03,11.0000,11.0000,11.0000,11.0000,9.4197,0,0.0000,1.0000
2008-10-02,11.0000,11.0000,11.0000,11.0000,9.4197,0,0.0000,1.0000
2008-10-01,11.5000,11.5000,11.0000,11.0000,9.4197,2114,0.0000,1.0000
2008-09-30,10.8000,10.8000,10.8000,10.8000,9.2485,0,0.0000,1.0000
2008-09-29,10.8000,10.8000,10.8000,10.8000,9.2485,341,0.0000,1.0000
2008-09-26,10.8000,12.5000,10.8000,12.5000,10.7042,2956,0.0000,1.0000
2008-09-25,10.8000,10.8000,10.8000,10.8000,9.2485,0,0.0000,1.0000
2008-09-24,14.4500,14.4500,10.8000,10.8000,9.2485,900,0.0000,1.0000
2008-09-23,10.7500,13.7500,10.7500,13.7500,11.7747,958,0.0000,1.0000
2008-09-22,10.7500,11.2500,10.7500,11.2500,9.6338,694,0.0000,1.0000
2008-09-19,10.5500,10.5500,10.5500,10.5500,9.0344,0,0.0000,1.0000
2008-09-18,11.2500,11.2500,10.5500,10.5500,9.0344,563,0.0000,1.0000
2008-09-17,10.7500,11.2500,10.7500,11.2500,9.6338,315,0.0000,1.0000
2008-09-16,11.5000,11.5000,11.0000,11.2500,9.6338,4245,0.0000,1.0000
2008-09-15,11.5500,11.5500,11.5000,11.5000,9.8479,600,0.0000,1.0000
2008-09-12,12.5000,12.5000,12.5000,12.5000,10.7042,290,0.0000,1.0000
2008-09-11,12.3500,12.5000,11.7500,12.5000,10.7042,3456,0.0000,1.0000
2008-09-10,13.2800,13.2800,13.2800,13.2800,11.3722,0,0.0000,1.0000
2008-09-09,13.2800,13.2800,13.2800,13.2800,11.3722,700,0.0000,1.0000
2008-09-08,12.2500,12.2500,12.2500,12.2500,10.4902,250,0.1300,1.0000
2008-09-05,13.5000,13.5000,13.5000,13.5000,11.4392,120,0.0000,1.0000
2008-09-04,13.5000,13.5000,13.5000,13.5000,11.4392,0,0.0000,1.0000
2008-09-03,13.5000,13.5000,13.5000,13.5000,11.4392,0,0.0000,1.0000
2008-09-02,13.5000,13.5000,13.5000,13.5000,11.4392,200,0.0000,1.0000
2008-08-29,12.2500,12.2500,12.2500,12.2500,10.3800,300,0.0000,1.0000
2008-08-28,12.0500,13.5000,11.7500,13.5000,11.4392,1898,0.0000,1.0000
2008-08-27,12.7500,12.7500,12.7500,12.7500,10.8037,200,0.0000,1.0000
2008-08-26,13.7500,13.7500,13.7500,13.7500,11.6510,200,0.0000,1.0000
2008-08-25,14.5000,14.8000,14.5000,14.5000,12.2865,1947,0.0000,1.0000
2008-08-22,13.5000,14.0000,13.5000,14.0000,11.8629,2231,0.0000,1.0000
2008-08-21,12.7500,13.5000,12.7500,13.5000,11.4392,3752,0.0000,1.0000
2008-08-20,12.2500,12.7500,12.2500,12.7500,10.8037,600,0.0000,1.0000
2008-08-19,12.0000,12.0000,12.0000,12.0000,10.1682,400,0.0000,1.0000
2008-08-18,12.0000,12.0000,12.0000,12.0000,10.1682,0,0.0000,1.0000
2008-08-15,12.0000,12.0000,12.0000,12.0000,10.1682,0,0.0000,1.0000
2008-08-14,11.7500,12.0000,11.7500,12.0000,10.1682,2090,0.0000,1.0000
2008-08-13,12.6000,12.6000,11.7500,11.7500,9.9563,3690,0.0000,1.0000
2008-08-12,13.4500,13.4500,13.4500,13.4500,11.3968,0,0.0000,1.0000
2008-08-11,12.7500,13.4500,12.5000,13.4500,11.3968,1164,0.0000,1.0000
2008-08-08,12.7500,12.7500,12.7500,12.7500,10.8037,0,0.0000,1.0000
2008-08-07,13.0000,13.0000,12.7500,12.7500,10.8037,539,0.0000,1.0000
2008-08-06,13.0000,13.0000,13.0000,13.0000,11.0155,0,0.0000,1.0000
2008-08-05,13.0000,13.0000,13.0000,13.0000,11.0155,212,0.0000,1.0000
2008-08-04,13.0000,13.0000,13.0000,13.0000,11.0155,0,0.0000,1.0000
2008-08-01,13.0000,13.0000,13.0000,13.0000,11.0155,0,0.0000,1.0000
2008-07-31,13.0000,13.0000,13.0000,13.0000,11.0155,0,0.0000,1.0000
2008-07-30,13.0000,13.0000,13.0000,13.0000,11.0155,0,0.0000,1.0000
2008-07-29,13.0000,13.0000,13.0000,13.0000,11.0155,775,0.0000,1.0000
2008-07-28,13.0000,13.0000,13.0000,13.0000,11.0155,0,0.0000,1.0000
2008-07-25,13.0000,13.0000,13.0000,13.0000,11.0155,0,0.0000,1.0000
2008-07-24,13.0000,13.0000,13.0000,13.0000,11.0155,0,0.0000,1.0000
2008-07-23,13.0000,13.0000,13.0000,13.0000,11.0155,663,0.0000,1.0000
2008-07-22,13.0000,13.0000,13.0000,13.0000,11.0155,115,0.0000,1.0000
2008-07-21,13.0000,13.0000,13.0000,13.0000,11.0155,0,0.0000,1.0000
2008-07-18,13.0000,13.0000,13.0000,13.0000,11.0155,0,0.0000,1.0000
2008-07-17,13.0000,13.0000,13.0000,13.0000,11.0155,0,0.0000,1.0000
2008-07-16,13.0000,13.0000,13.0000,13.0000,11.0155,0,0.0000,1.0000
2008-07-15,13.0000,13.0000,13.0000,13.0000,11.0155,1329,0.0000,1.0000
2008-07-14,13.0000,13.0000,13.0000,13.0000,11.0155,0,0.0000,1.0000
2008-07-11,13.0000,13.0000,13.0000,13.0000,11.0155,0,0.0000,1.0000
2008-07-10,13.0000,13.0000,13.0000,13.0000,11.0155,200,0.0000,1.0000
2008-07-09,13.2500,13.2500,13.2500,13.2500,11.2274,306,0.0000,1.0000
2008-07-08,13.5500,13.5500,13.5000,13.5000,11.4392,400,0.0000,1.0000
2008-07-07,13.8500,14.3500,13.8500,14.3500,12.1594,3080,0.0000,1.0000
2008-07-03,13.8000,13.8000,13.8000,13.8000,11.6934,0,0.0000,1.0000
2008-07-02,13.8000,13.8000,13.8000,13.8000,11.6934,0,0.0000,1.0000
2008-07-01,13.8000,13.8000,13.8000,13.8000,11.6934,258,0.0000,1.0000
2008-06-30,14.0000,14.0000,14.0000,14.0000,11.8629,449,0.0000,1.0000
2008-06-27,14.0000,14.0000,14.0000,14.0000,11.8629,4820,0.0000,1.0000
2008-06-26,14.0000,14.0000,14.0000,14.0000,11.8629,1061,0.0000,1.0000
2008-06-25,14.5000,14.5000,14.5000,14.5000,12.2865,2200,0.0000,1.0000
2008-06-24,14.2500,14.2500,14.2500,14.2500,12.0747,114,0.0000,1.0000
2008-06-23,15.0000,15.0000,15.0000,15.0000,12.7102,0,0.0000,1.0000
2008-06-20,15.0000,15.0000,14.0000,15.0000,12.7102,4881,0.0000,1.0000
2008-06-19,14.0000,14.0000,14.0000,14.0000,11.8629,1000,0.0000,1.0000
2008-06-18,14.0000,14.0000,14.0000,14.0000,11.8629,1000,0.0000,1.0000
2008-06-17,14.0000,14.0000,14.0000,14.0000,11.8629,0,0.0000,1.0000
2008-06-16,14.0000,14.0000,14.0000,14.0000,11.8629,0,0.0000,1.0000
2008-06-13,14.0000,14.0000,14.0000,14.0000,11.8629,1832,0.0000,1.0000
2008-06-12,14.1700,14.1700,14.1700,14.1700,12.0069,125,0.0000,1.0000
2008-06-11,14.0000,14.0000,14.0000,14.0000,11.8629,606,0.0000,1.0000
2008-06-10,14.0000,14.0000,14.0000,14.0000,11.8629,0,0.0000,1.0000
2008-06-09,14.0000,14.0000,14.0000,14.0000,11.8629,699,0.0000,1.0000
2008-06-06,14.0000,14.0000,14.0000,14.0000,11.8629,299,0.1300,1.0000
2008-06-05,14.3500,14.3500,14.3500,14.3500,12.0476,0,0.0000,1.0000
2008-06-04,14.3500,14.3500,14.3500,14.3500,12.0476,0,0.0000,1.0000
2008-06-03,14.3500,14.3500,14.3500,14.3500,12.0476,0,0.0000,1.0000
2008-06-02,14.3500,14.3500,14.3500,14.3500,12.0476,0,0.0000,1.0000
2008-05-30,14.3500,14.3500,14.3500,14.3500,12.0476,200,0.0000,1.0000
2008-05-29,14.0000,14.0000,14.0000,14.0000,11.7537,0,0.0000,1.0000
2008-05-28,14.0000,14.0000,14.0000,14.0000,11.7537,0,0.0000,1.0000
2008-05-27,14.0000,14.0000,14.0000,14.0000,11.7537,0,0.0000,1.0000
2008-05-23,14.0000,14.0000,14.0000,14.0000,11.7537,0,0.0000,1.0000
2008-05-22,14.0000,14.0000,14.0000,14.0000,11.7537,784,0.0000,1.0000
2008-05-21,14.0000,14.0000,14.0000,14.0000,11.7537,0,0.0000,1.0000
2008-05-20,14.0000,14.0000,14.0000,14.0000,11.7537,0,0.0000,1.0000
2008-05-19,14.0500,14.0500,14.0000,14.0000,11.7537,1100,0.0000,1.0000
2008-05-16,14.0500,14.0500,14.0500,14.0500,11.7957,0,0.0000,1.0000
2008-05-15,14.0500,14.0500,14.0500,14.0500,11.7957,0,0.0000,1.0000
2008-05-14,14.0500,14.0500,14.0500,14.0500,11.7957,185,0.0000,1.0000
2008-05-13,14.0000,14.0000,14.0000,14.0000,11.7537,9196,0.0000,1.0000
2008-05-12,14.0000,14.0000,14.0000,14.0000,11.7537,0,0.0000,1.0000
2008-05-09,14.0000,14.0000,14.0000,14.0000,11.7537,0,0.0000,1.0000
2008-05-08,14.0000,14.0000,14.0000,14.0000,11.7537,0,0.0000,1.0000
2008-05-07,14.0000,14.0000,14.0000,14.0000,11.7537,200,0.0000,1.0000
2008-05-06,14.9000,14.9000,14.9000,14.9000,12.5093,0,0.0000,1.0000
2008-05-05,14.9000,14.9000,14.9000,14.9000,12.5093,0,0.0000,1.0000
2008-05-02,14.9000,14.9000,14.9000,14.9000,12.5093,1300,0.0000,1.0000
2008-05-01,14.0000,14.8000,14.0000,14.8000,12.4254,367,0.0000,1.0000
2008-04-30,14.2500,14.8000,13.7500,14.8000,12.4254,1020,0.0000,1.0000
2008-04-29,14.9900,14.9900,14.5000,14.8000,12.4254,7988,0.0000,1.0000
2008-04-28,13.7500,14.9900,13.7500,14.9900,12.5849,454,0.0000,1.0000
2008-04-25,14.9900,14.9900,14.9900,14.9900,12.5849,200,0.0000,1.0000
2008-04-24,14.9900,14.9900,14.9900,14.9900,12.5849,200,0.0000,1.0000
2008-04-23,14.9900,14.9900,13.7500,13.7500,11.5438,600,0.0000,1.0000
2008-04-22,14.5000,14.5000,14.5000,14.5000,12.1735,200,0.0000,1.0000
2008-04-21,14.3500,14.3500,14.3000,14.3500,12.0476,1008,0.0000,1.0000
2008-04-18,14.9900,14.9900,14.9900,14.9900,12.5849,0,0.0000,1.0000
2008-04-17,14.9900,14.9900,14.9900,14.9900,12.5849,200,0.0000,1.0000
2008-04-16,14.9900,14.9900,14.9900,14.9900,12.5849,200,0.0000,1.0000
2008-04-15,14.2500,14.2500,14.2500,14.2500,11.9636,0,0.0000,1.0000
2008-04-14,14.2500,14.2500,14.2500,14.2500,11.9636,200,0.0000,1.0000
2008-04-11,14.0000,14.2500,13.8500,13.8500,11.6278,2037,0.0000,1.0000
2008-04-10,13.8000,14.0000,13.6500,14.0000,11.7537,1824,0.0000,1.0000
2008-04-09,13.8000,13.8000,13.8000,13.8000,11.5858,0,0.0000,1.0000
2008-04-08,13.8000,13.8000,13.8000,13.8000,11.5858,600,0.0000,1.0000
2008-04-07,13.8000,13.8000,13.8000,13.8000,11.5858,300,0.0000,1.0000
2008-04-04,13.8000,14.0000,13.8000,14.0000,11.7537,1089,0.0000,1.0000
2008-04-03,14.0000,14.0000,14.0000,14.0000,11.7537,0,0.0000,1.0000
2008-04-02,14.0000,14.0000,14.0000,14.0000,11.7537,935,0.0000,1.0000
2008-04-01,13.8500,14.0000,13.8500,14.0000,11.7537,315,0.0000,1.0000
2008-03-31,14.2500,14.2500,13.8500,13.8500,11.6278,2582,0.0000,1.0000
2008-03-28,14.0000,14.2500,13.8500,14.2500,11.9636,5804,0.0000,1.0000
2008-03-27,14.2500,14.2500,14.2500,14.2500,11.9636,0,0.0000,1.0000
2008-03-26,14.2500,14.2500,14.2500,14.2500,11.9636,200,0.0000,1.0000
2008-03-25,14.5500,14.5500,14.5500,14.5500,12.2155,0,0.0000,1.0000
2008-03-24,14.5500,14.5500,14.5500,14.5500,12.2155,0,0.0000,1.0000
2008-03-20,14.5500,14.5500,14.5500,14.5500,12.2155,0,0.0000,1.0000
2008-03-19,14.5500,14.5500,14.5500,14.5500,12.2155,0,0.0000,1.0000
2008-03-18,14.5500,14.5500,14.5500,14.5500,12.2155,200,0.0000,1.0000
2008-03-17,13.8000,13.8500,13.8000,13.8500,11.6278,4257,0.0000,1.0000
2008-03-14,13.8000,13.8000,13.8000,13.8000,11.5858,200,0.0000,1.0000
2008-03-13,13.8000,13.8000,13.8000,13.8000,11.5858,200,0.0000,1.0000
2008-03-12,14.0000,14.2400,14.0000,14.0000,11.7537,1700,0.0000,1.0000
2008-03-11,14.2500,14.2500,13.2500,13.3100,11.1744,6966,0.1300,1.0000
2008-03-10,14.6000,14.6000,14.2500,14.2500,11.8479,2700,0.0000,1.0000
2008-03-07,15.0000,15.0000,15.0000,15.0000,12.4715,0,0.0000,1.0000
2008-03-06,15.0000,15.0000,15.0000,15.0000,12.4715,0,0.0000,1.0000
2008-03-05,15.0000,15.0000,15.0000,15.0000,12.4715,0,0.0000,1.0000
2008-03-04,15.0000,15.0000,15.0000,15.0000,12.4715,0,0.0000,1.0000
2008-03-03,15.0000,15.0000,15.0000,15.0000,12.4715,200,0.0000,1.0000
2008-02-29,15.0000,15.0000,14.6000,14.6000,12.1389,3098,0.0000,1.0000
2008-02-28,14.8000,14.8000,14.6000,14.6000,12.1389,1400,0.0000,1.0000
2008-02-27,15.0000,15.0000,15.0000,15.0000,12.4715,1121,0.0000,1.0000
2008-02-26,15.2500,15.2500,15.2500,15.2500,12.6793,0,0.0000,1.0000
2008-02-25,15.2500,15.2500,15.2500,15.2500,12.6793,0,0.0000,1.0000
2008-02-22,15.2500,15.2500,15.2500,15.2500,12.6793,200,0.0000,1.0000
2008-02-21,15.2500,15.2500,15.2500,15.2500,12.6793,0,0.0000,1.0000
2008-02-20,15.2500,15.2500,15.2500,15.2500,12.6793,0,0.0000,1.0000
2008-02-19,15.0000,15.2500,15.0000,15.2500,12.6793,1685,0.0000,1.0000
2008-02-15,15.2500,15.2500,15.2500,15.2500,12.6793,0,0.0000,1.0000
2008-02-14,15.2500,15.2500,14.8000,15.2500,12.6793,1079,0.0000,1.0000
2008-02-13,15.2500,15.6000,15.2500,15.6000,12.9703,200,0.0000,1.0000
2008-02-12,15.9500,15.9500,15.9500,15.9500,13.2613,200,0.0000,1.0000
2008-02-11,15.2500,15.5000,15.2500,15.5000,12.8872,858,0.0000,1.0000
2008-02-08,15.2500,15.2500,15.2500,15.2500,12.6793,0,0.0000,1.0000
2008-02-07,15.2500,15.2500,15.2500,15.2500,12.6793,0,0.0000,1.0000
2008-02-06,15.2500,15.2500,15.2500,15.2500,12.6793,200,0.0000,1.0000
2008-02-05,14.7500,14.7500,14.7500,14.7500,12.2636,0,0.0000,1.0000
2008-02-04,14.7500,14.7500,14.7500,14.7500,12.2636,200,0.0000,1.0000
2008-02-01,14.5000,14.5000,14.5000,14.5000,12.0557,123,0.0000,1.0000
2008-01-31,14.5000,14.5000,14.5000,14.5000,12.0557,215,0.0000,1.0000
2008-01-30,14.5000,14.5000,14.5000,14.5000,12.0557,3000,0.0000,1.0000
2008-01-29,15.0000,15.0000,14.0000,14.0000,11.6400,4492,0.0000,1.0000
2008-01-28,15.0500,15.0500,15.0000,15.0000,12.4715,600,0.0000,1.0000
2008-01-25,15.9500,15.9500,15.9500,15.9500,13.2613,302,0.0000,1.0000
2008-01-24,16.2000,16.2000,16.2000,16.2000,13.4692,200,0.0000,1.0000
2008-01-23,16.2400,16.2400,16.2400,16.2400,13.5024,500,0.0000,1.0000
2008-01-22,16.0000,16.0000,16.0000,16.0000,13.3029,0,0.0000,1.0000
2008-01-18,16.0000,16.0000,16.0000,16.0000,13.3029,237,0.0000,1.0000
2008-01-17,18.0000,18.0000,18.0000,18.0000,14.9658,200,0.0000,1.0000
2008-01-16,16.7500,18.0000,16.0000,16.0000,13.3029,2043,0.0000,1.0000
2008-01-15,18.0000,18.0000,18.0000,18.0000,14.9658,0,0.0000,1.0000
2008-01-14,18.8000,18.8000,18.0000,18.0000,14.9658,1400,0.0000,1.0000
2008-01-11,17.0000,17.0000,16.0000,16.0000,13.3029,800,0.0000,1.0000
2008-01-10,16.8000,16.8000,16.8000,16.8000,13.9680,390,0.0000,1.0000
2008-01-09,15.0000,16.8000,15.0000,16.8000,13.9680,410,0.0000,1.0000
2008-01-08,15.0000,16.2500,15.0000,16.2500,13.5108,719,0.0000,1.0000
2008-01-07,15.3500,16.0000,15.1500,16.0000,13.3029,7098,0.0000,1.0000
2008-01-04,16.0000,16.0000,16.0000,16.0000,13.3029,0,0.0000,1.0000
2008-01-03,16.0000,16.0000,16.0000,16.0000,13.3029,0,0.0000,1.0000
2008-01-02,16.0000,16.0000,16.0000,16.0000,13.3029,0,0.0000,1.0000
2007-12-31,16.0000,16.0000,16.0000,16.0000,13.3029,300,0.0000,1.0000
2007-12-28,15.0500,16.0000,15.0500,16.0000,13.3029,2740,0.0000,1.0000
2007-12-27,16.0000,16.0000,14.8000,15.2500,12.6793,2445,0.0000,1.0000
2007-12-26,15.1000,15.1500,14.5000,15.0000,12.4715,4609,0.0000,1.0000
2007-12-24,15.7500,16.0000,15.7500,16.0000,13.3029,886,0.0000,1.0000
2007-12-21,16.0000,16.0000,16.0000,16.0000,13.3029,500,0.0000,1.0000
2007-12-20,16.0000,16.2500,16.0000,16.2500,13.5108,1944,0.0000,1.0000
2007-12-19,15.8500,16.0000,15.7500,16.0000,13.3029,3690,0.0000,1.0000
2007-12-18,15.8000,15.8600,15.8000,15.8600,13.1865,500,0.0000,1.0000
2007-12-17,15.8000,17.7500,15.8000,17.7500,14.7579,1704,0.0000,1.0000
2007-12-14,17.7500,17.7500,17.7500,17.7500,14.7579,0,0.0000,1.0000
2007-12-13,17.7500,17.7500,17.7500,17.7500,14.7579,200,0.0000,1.0500
2007-12-12,16.5500,17.1500,16.5500,17.1500,13.5800,1658,0.0000,1.0000
2007-12-11,17.5000,17.5000,17.5000,17.5000,13.8572,0,0.0000,1.0000
2007-12-10,17.5000,17.5000,17.5000,17.5000,13.8572,200,0.0000,1.0000
2007-12-07,18.0000,18.0000,18.0000,18.0000,14.2531,200,0.0000,1.0000
2007-12-06,18.0000,18.0000,18.0000,18.0000,14.2531,200,0.1300,1.0000
2007-12-05,17.0000,17.5000,17.0000,17.5000,13.7578,1144,0.0000,1.0000
2007-12-04,17.0000,17.0000,17.0000,17.0000,13.3647,200,0.0000,1.0000
2007-12-03,16.5500,16.5500,16.5500,16.5500,13.0110,113,0.0000,1.0000
2007-11-30,16.5500,17.0000,16.5500,17.0000,13.3647,856,0.0000,1.0000
2007-11-29,16.9000,17.0000,16.9000,17.0000,13.3647,2209,0.0000,1.0000
2007-11-28,17.8000,17.9000,17.0000,17.0000,13.3647,4512,0.0000,1.0000
2007-11-27,19.0500,19.0500,19.0500,19.0500,14.9764,0,0.0000,1.0000
2007-11-26,19.0500,19.0500,19.0500,19.0500,14.9764,0,0.0000,1.0000
2007-11-23,19.0500,19.0500,19.0500,19.0500,14.9764,0,0.0000,1.0000
2007-11-21,19.0500,19.0500,19.0500,19.0500,14.9764,200,0.0000,1.0000
2007-11-20,17.8000,17.8000,17.8000,17.8000,13.9937,0,0.0000,1.0000
2007-11-19,17.8000,17.8000,17.8000,17.8000,13.9937,0,0.0000,1.0000
2007-11-16,17.8000,17.8000,17.8000,17.8000,13.9937,218,0.0000,1.0000
2007-11-15,18.1000,18.1000,18.1000,18.1000,14.2295,0,0.0000,1.0000
2007-11-14,18.1000,18.1000,18.1000,18.1000,14.2295,0,0.0000,1.0000
2007-11-13,18.1000,18.1000,18.1000,18.1000,14.2295,0,0.0000,1.0000
2007-11-12,18.1000,18.1000,18.1000,18.1000,14.2295,0,0.0000,1.0000
2007-11-09,18.1000,18.1000,18.1000,18.1000,14.2295,0,0.0000,1.0000
2007-11-08,18.1000,18.1000,18.1000,18.1000,14.2295,0,0.0000,1.0000
2007-11-07,18.1000,18.1000,18.1000,18.1000,14.2295,0,0.0000,1.0000
2007-11-06,18.1000,18.1000,18.1000,18.1000,14.2295,0,0.0000,1.0000
2007-11-05,18.1000,18.1000,18.1000,18.1000,14.2295,0,0.0000,1.0000
2007-11-02,18.1000,18.1000,18.1000,18.1000,14.2295,955,0.0000,1.0000
2007-11-01,19.0000,19.0000,19.0000,19.0000,14.9371,0,0.0000,1.0000
2007-10-31,18.7500,19.0000,18.7500,19.0000,14.9371,407,0.0000,1.0000
2007-10-30,18.7500,18.7500,18.7500,18.7500,14.7405,0,0.0000,1.0000
2007-10-29,18.7500,18.7500,18.7500,18.7500,14.7405,0,0.0000,1.0000
2007-10-26,18.7500,18.7500,18.7500,18.7500,14.7405,0,0.0000,1.0000
2007-10-25,18.7500,18.7500,18.7500,18.7500,14.7405,0,0.0000,1.0000
2007-10-24,18.7500,18.7500,18.7500,18.7500,14.7405,0,0.0000,1.0000
2007-10-23,18.1000,18.7500,18.1000,18.7500,14.7405,550,0.0000,1.0000
2007-10-22,19.0000,19.0000,19.0000,19.0000,14.9371,0,0.0000,1.0000
2007-10-19,19.0000,19.0000,19.0000,19.0000,14.9371,0,0.0000,1.0000
2007-10-18,19.0000,19.0000,19.0000,19.0000,14.9371,1302,0.0000,1.0000
2007-10-17,19.0000,19.0000,19.0000,19.0000,14.9371,400,0.0000,1.0000
2007-10-16,19.0000,19.0000,19.0000,19.0000,14.9371,200,0.0000,1.0000
2007-10-15,18.5000,18.8500,18.5000,18.8500,14.8191,5400,0.0000,1.0000
2007-10-12,19.0000,19.0000,19.0000,19.0000,14.9371,0,0.0000,1.0000
2007-10-11,19.0000,19.0000,19.0000,19.0000,14.9371,0,0.0000,1.0000
2007-10-10,19.0000,19.0000,19.0000,19.0000,14.9371,0,0.0000,1.0000
2007-10-09,19.0000,19.0000,19.0000,19.0000,14.9371,0,0.0000,1.0000
2007-10-08,19.0000,19.0000,19.0000,19.0000,14.9371,0,0.0000,1.0000
2007-10-05,19.0000,19.0000,19.0000,19.0000,14.9371,0,0.0000,1.0000
2007-10-04,19.0000,19.0000,19.0000,19.0000,14.9371,916,0.0000,1.0000
2007-10-03,19.0000,19.0000,19.0000,19.0000,14.9371,525,0.0000,1.0000
2007-10-02,19.5000,19.5000,19.5000,19.5000,15.3301,0,0.0000,1.0000
2007-10-01,19.5000,19.5000,19.5000,19.5000,15.3301,0,0.0000,1.0000
2007-09-28,19.0000,19.5000,19.0000,19.5000,15.3301,4279,0.0000,1.0000
2007-09-27,19.0000,19.0000,19.0000,19.0000,14.9371,0,0.0000,1.0000
2007-09-26,19.0000,19.0000,19.0000,19.0000,14.9371,520,0.0000,1.0000
2007-09-25,19.0000,19.0000,19.0000,19.0000,14.9371,0,0.0000,1.0000
2007-09-24,19.0000,19.0000,19.0000,19.0000,14.9371,0,0.0000,1.0000
2007-09-21,19.0000,19.0000,19.0000,19.0000,14.9371,0,0.0000,1.0000
2007-09-20,19.0000,19.0000,19.0000,19.0000,14.9371,0,0.0000,1.0000
2007-09-19,19.0000,19.0000,19.0000,19.0000,14.9371,0,0.0000,1.0000
2007-09-18,19.0000,19.0000,19.0000,19.0000,14.9371,200,0.0000,1.0000
2007-09-17,18.9900,18.9900,18.9900,18.9900,14.9292,0,0.0000,1.0000
2007-09-14,18.9900,18.9900,18.9900,18.9900,14.9292,354,0.0000,1.0000
2007-09-13,18.9900,18.9900,18.9900,18.9900,14.9292,0,0.0000,1.0000
2007-09-12,18.9900,18.9900,18.9900,18.9900,14.9292,200,0.0000,1.0000
2007-09-11,17.7500,17.7500,17.7500,17.7500,13.9544,0,0.0000,1.0000
2007-09-10,17.7600,17.7600,17.7500,17.7500,13.9544,900,0.0000,1.0000
2007-09-07,17.5000,17.7800,17.5000,17.7600,13.9622,800,0.0000,1.0000
2007-09-06,17.8000,17.9000,17.5000,17.9000,14.0723,2200,0.1300,1.0000
2007-09-05,17.8000,17.8000,17.8000,17.8000,13.8928,295,0.0000,1.0000
2007-09-04,18.0000,18.0000,18.0000,18.0000,14.0489,0,0.0000,1.0000
2007-08-31,18.0000,18.0000,18.0000,18.0000,14.0489,333,0.0000,1.0000
2007-08-30,18.0000,18.0000,18.0000,18.0000,14.0489,0,0.0000,1.0000
2007-08-29,18.0000,18.0100,18.0000,18.0000,14.0489,1806,0.0000,1.0000
2007-08-28,17.0100,19.0000,17.0000,19.0000,14.8294,6614,0.0000,1.0000
2007-08-27,18.5000,18.5000,17.1200,17.1200,13.3620,8333,0.0000,1.0000
2007-08-24,19.2400,19.2400,19.2400,19.2400,15.0167,0,0.0000,1.0000
2007-08-23,19.4000,19.4000,19.0000,19.2400,15.0167,1306,0.0000,1.0000
2007-08-22,19.3000,19.3000,18.4100,18.4100,14.3689,3670,0.0000,1.0000
2007-08-21,19.3500,19.6500,19.3500,19.6500,15.3367,1311,0.0000,1.0000
2007-08-20,19.5000,19.5000,19.5000,19.5000,15.2196,1400,0.0000,1.0000
2007-08-17,19.6500,19.7400,19.6500,19.7400,15.4069,10000,0.0000,1.0000
2007-08-16,19.7500,19.7500,19.7500,19.7500,15.4147,0,0.0000,1.0000
2007-08-15,19.7500,19.7500,19.7500,19.7500,15.4147,0,0.0000,1.0000
2007-08-14,19.7500,19.7500,19.7500,19.7500,15.4147,400,0.0000,1.0000
2007-08-13,19.5000,19.5000,19.5000,19.5000,15.2196,300,0.0000,1.0000
2007-08-10,19.7000,19.7000,19.7000,19.7000,15.3757,0,0.0000,1.0000
2007-08-09,19.7000,19.7000,19.7000,19.7000,15.3757,200,0.0000,1.0000
2007-08-08,19.7000,19.7000,19.7000,19.7000,15.3757,0,0.0000,1.0000
2007-08-07,19.7000,19.7000,19.7000,19.7000,15.3757,400,0.0000,1.0000
2007-08-06,19.7500,19.7500,19.7500,19.7500,15.4147,0,0.0000,1.0000
2007-08-03,19.7500,19.7500,19.7500,19.7500,15.4147,5883,0.0000,1.0000
2007-08-02,19.9500,19.9500,19.9500,19.9500,15.5708,1000,0.0000,1.0000
2007-08-01,19.9500,19.9500,19.9500,19.9500,15.5708,700,0.0000,1.0000
2007-07-31,19.9500,19.9500,19.7500,19.7500,15.4147,336,0.0000,1.0000
2007-07-30,19.7500,19.7500,19.7500,19.7500,15.4147,1400,0.0000,1.0000
2007-07-27,19.7500,19.7500,19.7000,19.7000,15.3757,6470,0.0000,1.0000
2007-07-26,19.7500,19.7500,19.7500,19.7500,15.4147,0,0.0000,1.0000
2007-07-25,19.7500,19.7500,19.7500,19.7500,15.4147,700,0.0000,1.0000
2007-07-24,19.8500,19.8500,19.7500,19.7500,15.4147,13708,0.0000,1.0000
2007-07-23,19.8500,19.8500,19.8500,19.8500,15.4928,0,0.0000,1.0000
2007-07-20,19.8500,19.8500,19.8500,19.8500,15.4928,0,0.0000,1.0000
2007-07-19,19.8500,19.8500,19.8500,19.8500,15.4928,0,0.0000,1.0000
2007-07-18,19.8500,19.8500,19.8500,19.8500,15.4928,729,0.0000,1.0000
2007-07-17,19.9500,19.9500,19.9500,19.9500,15.5708,0,0.0000,1.0000
2007-07-16,19.9500,19.9500,19.9500,19.9500,15.5708,0,0.0000,1.0000
2007-07-13,19.9500,19.9500,19.9500,19.9500,15.5708,0,0.0000,1.0000
2007-07-12,19.9500,19.9500,19.9500,19.9500,15.5708,0,0.0000,1.0000
2007-07-11,19.9300,19.9500,19.9300,19.9500,15.5708,1000,0.0000,1.0000
2007-07-10,19.7600,19.9600,19.7600,19.9600,15.5786,22172,0.0000,1.0000
2007-07-09,19.7600,19.7600,19.7600,19.7600,15.4225,130,0.0000,1.0000
2007-07-06,20.0000,20.0000,20.0000,20.0000,15.6099,0,0.0000,1.0000
2007-07-05,20.0000,20.0000,20.0000,20.0000,15.6099,0,0.0000,1.0000
2007-07-03,20.0000,20.0000,20.0000,20.0000,15.6099,0,0.0000,1.0000
2007-07-02,20.0000,20.0000,20.0000,20.0000,15.6099,0,0.0000,1.0000
2007-06-29,20.0000,20.0000,20.0000,20.0000,15.6099,675,0.0000,1.0000
2007-06-28,19.7500,19.7500,19.7500,19.7500,15.4147,0,0.0000,1.0000
2007-06-27,19.7500,19.7500,19.7500,19.7500,15.4147,200,0.0000,1.0000
2007-06-26,19.7500,19.7500,19.7500,19.7500,15.4147,1400,0.0000,1.0000
2007-06-25,19.8500,19.8500,19.8500,19.8500,15.4928,550,0.0000,1.0000
2007-06-22,19.7500,19.7500,19.7500,19.7500,15.4147,500,0.0000,1.0000
2007-06-21,19.7000,19.8500,19.7000,19.7000,15.3757,20600,0.0000,1.0000
2007-06-20,19.7500,19.7500,19.6300,19.6300,15.3211,7496,0.0000,1.0000
2007-06-19,19.7500,19.7500,19.7500,19.7500,15.4147,1053,0.0000,1.0000
2007-06-18,19.7500,19.7500,19.7500,19.7500,15.4147,1100,0.0000,1.0000
2007-06-15,19.7500,19.7500,19.7500,19.7500,15.4147,0,0.0000,1.0000
2007-06-14,19.7500,19.7500,19.7500,19.7500,15.4147,0,0.0000,1.0000
2007-06-13,19.7500,19.7500,19.7500,19.7500,15.4147,0,0.0000,1.0000
2007-06-12,19.9000,19.9000,19.7500,19.7500,15.4147,3600,0.0000,1.0000
2007-06-11,20.0000,20.0000,20.0000,20.0000,15.6099,20912,0.0000,1.0000
2007-06-08,20.0000,20.0000,20.0000,20.0000,15.6099,0,0.0000,1.0000
2007-06-07,20.0000,20.0000,20.0000,20.0000,15.6099,0,0.0000,1.0000
2007-06-06,20.0000,20.0000,20.0000,20.0000,15.6099,0,0.1300,1.0000
2007-06-05,20.0000,20.0000,20.0000,20.0000,15.5090,0,0.0000,1.0000
2007-06-04,20.0000,20.0000,20.0000,20.0000,15.5090,0,0.0000,1.0000
2007-06-01,20.0000,20.0000,20.0000,20.0000,15.5090,500,0.0000,1.0000
2007-05-31,20.2500,20.2500,20.2500,20.2500,15.7029,213,0.0000,1.0000
2007-05-30,20.0000,20.2500,20.0000,20.2500,15.7029,439,0.0000,1.0000
2007-05-29,20.0000,20.0000,20.0000,20.0000,15.5090,1311,0.0000,1.0000
2007-05-25,20.0000,20.0000,20.0000,20.0000,15.5090,0,0.0000,1.0000
2007-05-24,20.0000,20.0000,20.0000,20.0000,15.5090,2791,0.0000,1.0000
2007-05-23,20.2500,20.2500,20.0000,20.0000,15.5090,2444,0.0000,1.0000
2007-05-22,20.1200,20.1500,20.0000,20.1500,15.6254,3134,0.0000,1.0000
2007-05-21,20.1500,20.1500,20.1500,20.1500,15.6254,0,0.0000,1.0000
2007-05-18,20.1500,20.1500,20.1500,20.1500,15.6254,200,0.0000,1.0000
2007-05-17,20.1200,20.1200,20.1200,20.1200,15.6021,0,0.0000,1.0000
2007-05-16,20.1200,20.1200,20.1200,20.1200,15.6021,200,0.0000,1.0000
2007-05-15,20.1200,20.1200,20.1200,20.1200,15.6021,12000,0.0000,1.0000
2007-05-14,20.0500,20.0500,20.0500,20.0500,15.5478,400,0.0000,1.0000
2007-05-11,20.3500,20.3500,20.3500,20.3500,15.7805,0,0.0000,1.0000
2007-05-10,20.1500,20.3500,20.1500,20.3500,15.7805,4104,0.0000,1.0000
2007-05-09,20.0500,20.0500,20.0500,20.0500,15.5478,148,0.0000,1.0000
2007-05-08,20.0500,20.0500,20.0500,20.0500,15.5478,228,0.0000,1.0000
2007-05-07,20.3500,20.3500,20.3500,20.3500,15.7805,0,0.0000,1.0000
2007-05-04,20.3500,20.3500,20.3500,20.3500,15.7805,0,0.0000,1.0000
2007-05-03,20.3500,20.3500,20.3500,20.3500,15.7805,0,0.0000,1.0000
2007-05-02,20.0500,20.3500,20.0500,20.3500,15.7805,10617,0.0000,1.0000
2007-05-01,20.3500,20.3500,20.3500,20.3500,15.7805,3900,0.0000,1.0000
2007-04-30,20.0100,20.0200,20.0100,20.0100,15.5168,2712,0.0000,1.0000
2007-04-27,20.0100,20.0100,20.0100,20.0100,15.5168,0,0.0000,1.0000
2007-04-26,20.0100,20.0100,20.0100,20.0100,15.5168,572,0.0000,1.0000
2007-04-25,20.0100,20.1000,20.0100,20.0100,15.5168,5024,0.0000,1.0000
2007-04-24,20.1000,20.2500,20.0100,20.2500,15.7029,1600,0.0000,1.0000
2007-04-23,20.3000,20.3000,20.3000,20.3000,15.7417,0,0.0000,1.0000
2007-04-20,20.3000,20.3000,20.3000,20.3000,15.7417,300,0.0000,1.0000
2007-04-19,20.1000,20.1000,20.1000,20.1000,15.5866,440,0.0000,1.0000
2007-04-18,20.2500,20.2500,20.2500,20.2500,15.7029,300,0.0000,1.0000
2007-04-17,20.0500,20.0500,20.0500,20.0500,15.5478,0,0.0000,1.0000
2007-04-16,20.0500,20.0500,20.0500,20.0500,15.5478,100,0.0000,1.0000
2007-04-13,20.1000,20.3000,20.1000,20.3000,15.7417,600,0.0000,1.0000
2007-04-12,20.5000,20.5000,20.1000,20.1000,15.5866,1802,0.0000,1.0000
2007-04-11,20.5000,20.5000,20.5000,20.5000,15.8968,0,0.0000,1.0000
2007-04-10,20.5000,20.5000,20.5000,20.5000,15.8968,300,0.0000,1.0000
2007-04-09,20.1000,20.1000,20.1000,20.1000,15.5866,110,0.0000,1.0000
2007-04-05,20.1000,20.1000,20.1000,20.1000,15.5866,869,0.0000,1.0000
2007-04-04,20.0000,20.0000,20.0000,20.0000,15.5090,0,0.0000,1.0000
2007-04-03,20.0000,20.0000,20.0000,20.0000,15.5090,0,0.0000,1.0000
2007-04-02,20.0000,20.0000,20.0000,20.0000,15.5090,0,0.0000,1.0000
2007-03-30,20.5000,20.5000,20.0000,20.0000,15.5090,3586,0.0000,1.0000
2007-03-29,20.0500,20.0500,20.0500,20.0500,15.5478,0,0.0000,1.0000
2007-03-28,20.0500,20.0500,20.0500,20.0500,15.5478,0,0.0000,1.0000
2007-03-27,19.8500,20.0500,19.8500,20.0500,15.5478,2053,0.0000,1.0000
2007-03-26,19.8500,19.8500,19.8500,19.8500,15.3927,200,0.0000,1.0000
2007-03-23,19.8500,19.8500,19.8500,19.8500,15.3927,488,0.0000,1.0000
2007-03-22,19.7500,19.7500,19.7500,19.7500,15.3152,1053,0.0000,1.0000
2007-03-21,19.7500,19.7500,19.7500,19.7500,15.3152,0,0.0000,1.0000
2007-03-20,20.4000,20.4700,19.7500,19.7500,15.3152,21955,0.0000,1.0000
2007-03-19,20.2500,20.2500,20.2500,20.2500,15.7029,0,0.0000,1.0000
2007-03-16,20.2500,20.2500,20.2500,20.2500,15.7029,0,0.0000,1.0000
2007-03-15,20.2500,20.2500,20.2500,20.2500,15.7029,300,0.0000,1.0000
2007-03-14,20.2000,20.3000,20.2000,20.2500,15.7029,2067,0.0000,1.0000
2007-03-13,20.0000,20.0000,20.0000,20.0000,15.5090,115,0.0000,1.0000
2007-03-12,20.0000,20.0000,20.0000,20.0000,15.5090,815,0.0000,1.0000
2007-03-09,20.2000,20.2000,20.2000,20.2000,15.6641,450,0.0000,1.0000
2007-03-08,20.0000,20.0000,20.0000,20.0000,15.5090,0,0.0000,1.0000
2007-03-07,20.0000,20.0000,20.0000,20.0000,15.5090,1050,0.1300,1.0000
2007-03-06,19.8500,19.9500,19.8500,19.9000,15.3318,3254,0.0000,1.0000
2007-03-05,19.6100,19.6100,19.6100,19.6100,15.1084,871,0.0000,1.0000
2007-03-02,20.5000,20.5000,20.5000,20.5000,15.7941,0,0.0000,1.0000
2007-03-01,20.5000,20.5000,20.5000,20.5000,15.7941,0,0.0000,1.0000
2007-02-28,19.9000,20.5000,19.9000,20.5000,15.7941,1742,0.0000,1.0000
2007-02-27,19.6100,19.7000,19.6100,19.7000,15.1778,520,0.0000,1.0000
2007-02-26,19.6100,19.6100,19.6100,19.6100,15.1084,0,0.0000,1.0000
2007-02-23,19.6100,19.6100,19.6100,19.6100,15.1084,0,0.0000,1.0000
2007-02-22,19.2500,19.6100,19.1000,19.6100,15.1084,11115,0.0000,1.0000
2007-02-21,19.2500,19.2500,19.2500,19.2500,14.8311,1204,0.0000,1.0000
2007-02-20,19.8000,19.8000,19.8000,19.8000,15.2548,0,0.0000,1.0000
2007-02-16,19.8000,19.8000,19.8000,19.8000,15.2548,593,0.0000,1.0000
2007-02-15,19.9000,19.9000,19.9000,19.9000,15.3318,0,0.0000,1.0000
2007-02-14,19.9000,19.9000,19.9000,19.9000,15.3318,0,0.0000,1.0000
2007-02-13,19.9000,19.9000,19.9000,19.9000,15.3318,100,0.0000,1.0000
2007-02-12,19.9000,19.9000,19.9000,19.9000,15.3318,0,0.0000,1.0000
2007-02-09,19.8000,19.9000,19.8000,19.9000,15.3318,2160,0.0000,1.0000
2007-02-08,19.9000,19.9000,19.9000,19.9000,15.3318,214,0.0000,1.0000
2007-02-07,19.8000,19.8000,19.8000,19.8000,15.2548,0,0.0000,1.0000
2007-02-06,19.8000,19.8000,19.8000,19.8000,15.2548,737,0.0000,1.0000
2007-02-05,19.8200,19.8200,19.8200,19.8200,15.2702,0,0.0000,1.0000
2007-02-02,19.8200,19.8200,19.8200,19.8200,15.2702,0,0.0000,1.0000
2007-02-01,19.8200,19.8200,19.8200,19.8200,15.2702,200,0.0000,1.0000
2007-01-31,19.8500,19.8500,19.8200,19.8200,15.2702,1200,0.0000,1.0000
2007-01-30,19.8000,19.8000,19.8000,19.8000,15.2548,0,0.0000,1.0000
2007-01-29,19.8000,19.8000,19.8000,19.8000,15.2548,0,0.0000,1.0000
2007-01-26,19.8000,19.8000,19.8000,19.8000,15.2548,0,0.0000,1.0000
2007-01-25,19.8000,19.8000,19.8000,19.8000,15.2548,111,0.0000,1.0000
2007-01-24,19.9000,19.9000,19.9000,19.9000,15.3318,0,0.0000,1.0000
2007-01-23,19.9000,19.9000,19.9000,19.9000,15.3318,0,0.0000,1.0000
2007-01-22,19.9000,19.9000,19.9000,19.9000,15.3318,170,0.0000,1.0000
2007-01-19,19.8200,19.8200,19.8200,19.8200,15.2702,3000,0.0000,1.0000
2007-01-18,19.8000,19.8000,19.8000,19.8000,15.2548,4580,0.0000,1.0000
2007-01-17,19.8000,19.8000,19.8000,19.8000,15.2548,0,0.0000,1.0000
2007-01-16,19.8000,19.8000,19.8000,19.8000,15.2548,1628,0.0000,1.0000
2007-01-12,19.8000,19.8000,19.8000,19.8000,15.2548,400,0.0000,1.0000
2007-01-11,20.0000,20.0000,20.0000,20.0000,15.4089,0,0.0000,1.0000
2007-01-10,20.0000,20.0000,20.0000,20.0000,15.4089,200,0.0000,1.0000
2007-01-09,19.8000,19.8000,19.8000,19.8000,15.2548,1337,0.0000,1.0000
2007-01-08,19.8000,19.8000,19.8000,19.8000,15.2548,2565,0.0000,1.0000
2007-01-05,19.8000,20.0000,19.8000,20.0000,15.4089,5260,0.0000,1.0000
2007-01-04,20.0000,20.0000,19.8000,19.8000,15.2548,3094,0.0000,1.0000
2007-01-03,19.8000,19.8000,19.8000,19.8000,15.2548,178,0.0000,1.0000
2006-12-29,19.8000,20.0000,19.8000,20.0000,15.4089,762,0.0000,1.0000
2006-12-28,19.8000,19.8000,19.8000,19.8000,15.2548,191,0.0000,1.0000
2006-12-27,19.8000,19.8000,19.8000,19.8000,15.2548,400,0.0000,1.0000
2006-12-26,20.0000,20.0000,20.0000,20.0000,15.4089,0,0.0000,1.0000
2006-12-22,19.8000,20.0000,19.8000,20.0000,15.4089,900,0.0000,1.0000
2006-12-21,19.8000,19.8000,19.8000,19.8000,15.2548,2285,0.0000,1.0000
2006-12-20,20.5500,20.5500,19.8000,20.0000,15.4089,9116,0.0000,1.0000
2006-12-19,20.0000,20.0000,20.0000,20.0000,15.4089,100,0.0000,1.0000
2006-12-18,20.2500,20.2500,20.2500,20.2500,15.6015,0,0.0000,1.0000
2006-12-15,20.2500,20.2500,20.2500,20.2500,15.6015,0,0.0000,1.0000
2006-12-14,20.7000,20.7000,20.2500,20.2500,15.6015,5600,0.0000,1.0000
2006-12-13,21.0000,21.0000,21.0000,21.0000,16.1793,0,0.0000,1.0000
2006-12-12,21.0000,21.0000,21.0000,21.0000,16.1793,1200,0.0000,1.0000
2006-12-11,21.0000,21.0000,21.0000,21.0000,16.1793,0,0.0000,1.0000
2006-12-08,21.0000,21.0000,21.0000,21.0000,16.1793,0,0.0000,1.0000
2006-12-07,21.0000,21.0000,21.0000,21.0000,16.1793,100,0.1300,1.0000
2006-12-06,21.0000,21.0000,21.0000,21.0000,16.0798,300,0.0000,1.0000
2006-12-05,20.8700,20.8700,20.8700,20.8700,15.9803,0,0.0000,1.0000
2006-12-04,20.8700,20.8700,20.8700,20.8700,15.9803,483,0.0000,1.0000
2006-12-01,20.8700,20.8700,20.8700,20.8700,15.9803,500,0.0000,1.0000
2006-11-30,20.8700,20.8700,20.8700,20.8700,15.9803,0,0.0000,1.0000
2006-11-29,20.8700,20.8700,20.8700,20.8700,15.9803,0,0.0000,1.0000
2006-11-28,20.8700,20.8700,20.8700,20.8700,15.9803,0,0.0000,1.0000
2006-11-27,20.8700,20.8700,20.8700,20.8700,15.9803,0,0.0000,1.0000
2006-11-24,20.8700,20.8700,20.8700,20.8700,15.9803,0,0.0000,1.0000
2006-11-22,20.8700,20.8700,20.8700,20.8700,15.9803,1100,0.0000,1.0000
2006-11-21,20.8700,20.8700,20.8700,20.8700,15.9803,1353,0.0000,1.0000
2006-11-20,20.8700,20.8700,20.8700,20.8700,15.9803,0,0.0000,1.0000
2006-11-17,20.8700,20.8700,20.8700,20.8700,15.9803,0,0.0000,1.0000
2006-11-16,20.8700,20.8700,20.8700,20.8700,15.9803,0,0.0000,1.0000
2006-11-15,20.8700,20.8700,20.8700,20.8700,15.9803,0,0.0000,1.0000
2006-11-14,20.9000,20.9000,20.8700,20.8700,15.9803,1200,0.0000,1.0000
2006-11-13,20.8700,20.8700,20.8700,20.8700,15.9803,4937,0.0000,1.0000
2006-11-10,21.0000,21.0000,20.8700,20.8700,15.9803,4703,0.0000,1.0000
2006-11-09,21.0000,21.0000,21.0000,21.0000,16.0798,300,0.0000,1.0000
2006-11-08,21.1500,21.1500,21.1500,21.1500,16.1946,1000,0.0000,1.0000
2006-11-07,21.0000,21.0000,21.0000,21.0000,16.0798,1190,0.0000,1.0000
2006-11-06,21.0000,21.0000,21.0000,21.0000,16.0798,0,0.0000,1.0000
2006-11-03,21.0000,21.0000,21.0000,21.0000,16.0798,100,0.0000,1.0000
2006-11-02,21.0000,21.0000,21.0000,21.0000,16.0798,0,0.0000,1.0000
2006-11-01,21.0000,21.0000,21.0000,21.0000,16.0798,0,0.0000,1.0000
2006-10-31,21.0000,21.0000,21.0000,21.0000,16.0798,630,0.0000,1.0000
2006-10-30,21.0000,21.0000,21.0000,21.0000,16.0798,200,0.0000,1.0000
2006-10-27,21.0000,21.0000,21.0000,21.0000,16.0798,1614,0.0000,1.0000
2006-10-26,21.0000,21.0000,21.0000,21.0000,16.0798,0,0.0000,1.0000
2006-10-25,21.0000,21.0000,21.0000,21.0000,16.0798,0,0.0000,1.0000
2006-10-24,21.0000,21.0000,21.0000,21.0000,16.0798,0,0.0000,1.0000
2006-10-23,21.0000,21.0000,21.0000,21.0000,16.0798,931,0.0000,1.0000
2006-10-20,21.0000,21.0000,21.0000,21.0000,16.0798,0,0.0000,1.0000
2006-10-19,21.0000,21.0000,21.0000,21.0000,16.0798,0,0.0000,1.0000
2006-10-18,21.0000,21.0000,21.0000,21.0000,16.0798,500,0.0000,1.0000
2006-10-17,21.0000,21.0000,21.0000,21.0000,16.0798,0,0.0000,1.0000
2006-10-16,21.0000,21.0000,21.0000,21.0000,16.0798,0,0.0000,1.0000
2006-10-13,21.0000,21.0000,21.0000,21.0000,16.0798,400,0.0000,1.0000
2006-10-12,21.4500,21.4500,21.4500,21.4500,16.4244,200,0.0000,1.0000
2006-10-11,21.4500,21.4500,21.4500,21.4500,16.4244,650,0.0000,1.0000
2006-10-10,21.1000,21.4000,21.1000,21.1000,16.1564,1000,0.0000,1.0000
2006-10-09,21.0000,21.1000,21.0000,21.0000,16.0798,800,0.0000,1.0000
2006-10-06,21.4000,21.4000,21.4000,21.4000,16.3861,0,0.0000,1.0000
2006-10-05,21.4000,21.4000,21.4000,21.4000,16.3861,0,0.0000,1.0000
2006-10-04,21.3500,21.4000,21.3500,21.4000,16.3861,414,0.0000,1.0000
2006-10-03,21.0000,21.4000,21.0000,21.2000,16.2329,1475,0.0000,1.0000
2006-10-02,21.4500,21.4500,21.4500,21.4500,16.4244,0,0.0000,1.0000
2006-09-29,21.4500,21.4500,21.4500,21.4500,16.4244,0,0.0000,1.0000
2006-09-28,21.4500,21.4500,21.4500,21.4500,16.4244,1000,0.0000,1.0000
2006-09-27,21.2500,21.2500,21.0000,21.0000,16.0798,1814,0.0000,1.0000
2006-09-26,21.7500,21.7500,21.7500,21.7500,16.6541,0,0.0000,1.0000
2006-09-25,21.7500,21.7500,21.7500,21.7500,16.6541,0,0.0000,1.0000
2006-09-22,21.7500,21.7500,21.7500,21.7500,16.6541,0,0.0000,1.0000
2006-09-21,21.7500,21.7500,21.7500,21.7500,16.6541,0,0.0000,1.0000
2006-09-20,20.9000,21.7500,20.9000,21.7500,16.6541,2200,0.0000,1.0000
2006-09-19,21.1500,21.1500,20.8500,20.8500,15.9649,700,0.0000,1.0000
2006-09-18,21.0000,21.0000,20.8500,20.8500,15.9649,5889,0.0000,1.0000
2006-09-15,20.8500,20.8500,20.8500,20.8500,15.9649,0,0.0000,1.0000
2006-09-14,20.8500,20.8500,20.8500,20.8500,15.9649,112,0.0000,1.0000
2006-09-13,20.8500,20.8500,20.8500,20.8500,15.9649,126,0.0000,1.0000
2006-09-12,20.8500,20.8500,20.8500,20.8500,15.9649,500,0.0000,1.0000
2006-09-11,21.1500,21.1500,21.1500,21.1500,16.1946,0,0.0000,1.0000
2006-09-08,21.1500,21.1500,21.1500,21.1500,16.1946,200,0.0000,1.0000
2006-09-07,20.8500,20.8500,20.8500,20.8500,15.9649,0,0.0000,1.0000
2006-09-06,20.8500,20.8500,20.8500,20.8500,15.9649,217,0.1300,1.0000
2006-09-05,21.0000,21.0000,21.0000,21.0000,15.9802,200,0.0000,1.0000
2006-09-01,21.0000,21.0000,21.0000,21.0000,15.9802,0,0.0000,1.0000
2006-08-31,21.0000,21.0000,21.0000,21.0000,15.9802,5038,0.0000,1.0000
2006-08-30,21.0000,21.0000,21.0000,21.0000,15.9802,0,0.0000,1.0000
2006-08-29,21.0000,21.0000,21.0000,21.0000,15.9802,110,0.0000,1.0000
2006-08-28,21.1500,21.1500,21.1500,21.1500,16.0943,0,0.0000,1.0000
2006-08-25,21.1500,21.1500,21.1500,21.1500,16.0943,0,0.0000,1.0000
2006-08-24,21.1500,21.1500,21.1500,21.1500,16.0943,0,0.0000,1.0000
2006-08-23,21.0000,21.1500,21.0000,21.1500,16.0943,431,0.0000,1.0000
2006-08-22,21.0000,21.0000,21.0000,21.0000,15.9802,0,0.0000,1.0000
2006-08-21,21.0000,21.0000,21.0000,21.0000,15.9802,700,0.0000,1.0000
2006-08-18,21.0000,21.0000,21.0000,21.0000,15.9802,0,0.0000,1.0000
2006-08-17,21.0000,21.0000,21.0000,21.0000,15.9802,0,0.0000,1.0000
2006-08-16,21.0000,21.0000,21.0000,21.0000,15.9802,0,0.0000,1.0000
2006-08-15,21.0000,21.0000,21.0000,21.0000,15.9802,0,0.0000,1.0000
2006-08-14,21.0000,21.0000,21.0000,21.0000,15.9802,0,0.0000,1.0000
2006-08-11,21.0000,21.0000,21.0000,21.0000,15.9802,0,0.0000,1.0000
2006-08-10,21.0000,21.0000,21.0000,21.0000,15.9802,0,0.0000,1.0000
2006-08-09,21.0000,21.0000,21.0000,21.0000,15.9802,121,0.0000,1.0000
2006-08-08,21.1500,21.1500,21.0000,21.0000,15.9802,3035,0.0000,1.0000
2006-08-07,21.0000,21.0000,21.0000,21.0000,15.9802,325,0.0000,1.0000
2006-08-04,21.0000,21.0000,21.0000,21.0000,15.9802,0,0.0000,1.0000
2006-08-03,21.0000,21.0000,21.0000,21.0000,15.9802,300,0.0000,1.0000
2006-08-02,21.0000,21.0000,21.0000,21.0000,15.9802,0,0.0000,1.0000
2006-08-01,21.0000,21.0000,21.0000,21.0000,15.9802,0,0.0000,1.0000
2006-07-31,21.0000,21.0000,21.0000,21.0000,15.9802,5216,0.0000,1.0000
2006-07-28,21.1500,21.1500,21.1500,21.1500,16.0943,500,0.0000,1.0000
2006-07-27,21.0000,21.0000,21.0000,21.0000,15.9802,300,0.0000,1.0000
2006-07-26,21.0000,21.0000,21.0000,21.0000,15.9802,2840,0.0000,1.0000
2006-07-25,21.0000,21.0000,21.0000,21.0000,15.9802,2200,0.0000,1.0000
2006-07-24,21.0000,21.2500,21.0000,21.2500,16.1704,3700,0.0000,1.0000
2006-07-21,21.3000,21.3000,21.3000,21.3000,16.2084,0,0.0000,1.0000
2006-07-20,21.3000,21.3000,21.3000,21.3000,16.2084,0,0.0000,1.0000
2006-07-19,21.3000,21.3000,21.3000,21.3000,16.2084,0,0.0000,1.0000
2006-07-18,21.3000,21.3000,21.3000,21.3000,16.2084,6400,0.0000,1.0000
2006-07-17,21.0000,21.0000,21.0000,21.0000,15.9802,735,0.0000,1.0000
2006-07-14,21.0000,21.0000,21.0000,21.0000,15.9802,758,0.0000,1.0000
2006-07-13,21.0000,21.0000,21.0000,21.0000,15.9802,0,0.0000,1.0000
2006-07-12,21.0000,21.0000,21.0000,21.0000,15.9802,0,0.0000,1.0000
2006-07-11,21.0000,21.0000,21.0000,21.0000,15.9802,0,0.0000,1.0000
2006-07-10,21.0000,21.0000,21.0000,21.0000,15.9802,3500,0.0000,1.0000
2006-07-07,21.1000,21.1000,21.1000,21.1000,16.0563,2000,0.0000,1.0000
2006-07-06,21.0000,21.0000,21.0000,21.0000,15.9802,0,0.0000,1.0000
2006-07-05,21.1000,21.1000,21.0000,21.0000,15.9802,14500,0.0000,1.0000
2006-07-03,21.0000,21.0000,21.0000,21.0000,15.9802,0,0.0000,1.0000
2006-06-30,21.0000,21.0000,21.0000,21.0000,15.9802,0,0.0000,1.0000
2006-06-29,21.0000,21.0000,21.0000,21.0000,15.9802,0,0.0000,1.0000
2006-06-28,21.0000,21.0000,21.0000,21.0000,15.9802,600,0.0000,1.0000
2006-06-27,21.0000,21.0000,21.0000,21.0000,15.9802,0,0.0000,1.0000
2006-06-26,21.0000,21.0000,21.0000,21.0000,15.9802,300,0.0000,1.0000
2006-06-23,21.4000,21.4000,21.4000,21.4000,16.2845,0,0.0000,1.0000
2006-06-22,21.4000,21.4000,21.4000,21.4000,16.2845,0,0.0000,1.0000
2006-06-21,21.4000,21.4000,21.4000,21.4000,16.2845,0,0.0000,1.0000
2006-06-20,21.4000,21.4000,21.4000,21.4000,16.2845,1004,0.0000,1.0000
2006-06-19,21.0000,21.0000,21.0000,21.0000,15.9802,400,0.0000,1.0000
2006-06-16,21.0000,21.0000,21.0000,21.0000,15.9802,0,0.0000,1.0000
2006-06-15,21.0000,21.0000,21.0000,21.0000,15.9802,0,0.0000,1.0000
2006-06-14,21.0000,21.0000,21.0000,21.0000,15.9802,0,0.0000,1.0000
2006-06-13,21.0000,21.0000,21.0000,21.0000,15.9802,1435,0.0000,1.0000
2006-06-12,21.0500,21.0500,21.0000,21.0000,15.9802,960,0.0000,1.0000
2006-06-09,21.1500,21.1500,21.1500,21.1500,16.0943,0,0.0000,1.0000
2006-06-08,21.1500,21.1500,21.1500,21.1500,16.0943,0,0.0000,1.0000
2006-06-07,21.1500,21.1500,21.1500,21.1500,16.0943,0,0.1300,1.0000
2006-06-06,21.1500,21.1500,21.1500,21.1500,15.9960,400,0.0000,1.0000
2006-06-05,21.0500,21.0500,21.0500,21.0500,15.9203,443,0.0000,1.0000
2006-06-02,21.0500,21.0500,21.0500,21.0500,15.9203,0,0.0000,1.0000
2006-06-01,21.0500,21.0500,21.0500,21.0500,15.9203,0,0.0000,1.0000
2006-05-31,21.0500,21.0500,21.0500,21.0500,15.9203,0,0.0000,1.0000
2006-05-30,21.0500,21.0500,21.0500,21.0500,15.9203,0,0.0000,1.0000
2006-05-26,21.0500,21.0500,21.0500,21.0500,15.9203,0,0.0000,1.0000
2006-05-25,21.0500,21.0500,21.0500,21.0500,15.9203,0,0.0000,1.0000
2006-05-24,21.0500,21.0500,21.0500,21.0500,15.9203,0,0.0000,1.0000
2006-05-23,21.0500,21.0500,21.0500,21.0500,15.9203,1365,0.0000,1.0000
2006-05-22,21.0500,21.0500,21.0500,21.0500,15.9203,500,0.0000,1.0000
2006-05-19,21.1000,21.1000,21.1000,21.1000,15.9582,0,0.0000,1.0000
2006-05-18,21.1000,21.1000,21.1000,21.1000,15.9582,4091,0.0000,1.0000
2006-05-17,21.4000,21.4000,21.4000,21.4000,16.1851,1000,0.0000,1.0000
2006-05-16,21.0500,21.0500,21.0500,21.0500,15.9203,0,0.0000,1.0000
2006-05-15,21.0500,21.0500,21.0500,21.0500,15.9203,0,0.0000,1.0000
2006-05-12,21.0500,21.0500,21.0500,21.0500,15.9203,463,0.0000,1.0000
2006-05-11,21.0500,21.0500,21.0500,21.0500,15.9203,285,0.0000,1.0000
2006-05-10,21.0500,21.0500,21.0500,21.0500,15.9203,285,0.0000,1.0000
2006-05-09,21.0500,21.0500,21.0500,21.0500,15.9203,0,0.0000,1.0000
2006-05-08,21.0500,21.0500,21.0500,21.0500,15.9203,0,0.0000,1.0000
2006-05-05,21.0500,21.0500,21.0500,21.0500,15.9203,0,0.0000,1.0000
2006-05-04,21.0500,21.0500,21.0500,21.0500,15.9203,200,0.0000,1.0000
2006-05-03,21.1000,21.1000,21.0500,21.0500,15.9203,1764,0.0000,1.0000
2006-05-02,21.0500,21.4500,21.0500,21.4500,16.2229,821,0.0000,1.0000
2006-05-01,21.0500,21.0500,21.0500,21.0500,15.9203,217,0.0000,1.0000
2006-04-28,21.3000,21.3000,21.3000,21.3000,16.1094,0,0.0000,1.0000
2006-04-27,21.3000,21.3000,21.3000,21.3000,16.1094,200,0.0000,1.0000
2006-04-26,21.2000,21.2000,21.2000,21.2000,16.0338,255,0.0000,1.0000
2006-04-25,21.3000,21.3200,21.2000,21.3000,16.1094,5553,0.0000,1.0000
2006-04-24,21.3000,21.3200,21.3000,21.3000,16.1094,1642,0.0000,1.0000
2006-04-21,21.3000,21.3000,21.3000,21.3000,16.1094,300,0.0000,1.0000
2006-04-20,21.0000,21.0000,21.0000,21.0000,15.8825,341,0.0000,1.0000
2006-04-19,21.3000,21.3000,21.0000,21.0000,15.8825,1295,0.0000,1.0000
2006-04-18,21.2500,21.2500,21.2500,21.2500,16.0716,0,0.0000,1.0000
2006-04-17,21.2500,21.2500,21.2500,21.2500,16.0716,0,0.0000,1.0000
2006-04-13,21.2500,21.2500,21.2500,21.2500,16.0716,0,0.0000,1.0000
2006-04-12,21.2500,21.2500,21.2500,21.2500,16.0716,0,0.0000,1.0000
2006-04-11,21.2500,21.2500,21.2500,21.2500,16.0716,0,0.0000,1.0000
2006-04-10,21.2500,21.2500,21.2500,21.2500,16.0716,750,0.0000,1.0000
2006-04-07,21.0000,21.0000,21.0000,21.0000,15.8825,2582,0.0000,1.0000
2006-04-06,21.3000,21.3000,21.3000,21.3000,16.1094,1000,0.0000,1.0000
2006-04-05,21.0000,21.0000,21.0000,21.0000,15.8825,5087,0.0000,1.0000
2006-04-04,21.2500,21.2500,21.0000,21.0000,15.8825,473,0.0000,1.0000
2006-04-03,21.6000,21.6000,21.0000,21.5000,16.2607,7948,0.0000,1.0000
2006-03-31,22.0000,22.0000,22.0000,22.0000,16.6388,0,0.0000,1.0000
2006-03-30,22.0000,22.0000,22.0000,22.0000,16.6388,0,0.0000,1.0000
2006-03-29,22.0000,22.0000,22.0000,22.0000,16.6388,0,0.0000,1.0000
2006-03-28,21.6000,22.0000,21.6000,22.0000,16.6388,734,0.0000,1.0000
2006-03-27,21.6000,21.6000,21.6000,21.6000,16.3363,200,0.0000,1.0000
2006-03-24,21.6000,21.6000,21.6000,21.6000,16.3363,0,0.0000,1.0000
2006-03-23,21.6000,21.6000,21.6000,21.6000,16.3363,1502,0.0000,1.0000
2006-03-22,21.6100,21.6100,21.6100,21.6100,16.3439,0,0.0000,1.0000
2006-03-21,21.7500,21.7500,21.6100,21.6100,16.3439,2480,0.0000,1.0000
2006-03-20,22.5000,22.5000,22.5000,22.5000,17.0170,1500,0.0000,1.0000
2006-03-17,21.4500,21.4500,21.4500,21.4500,16.2229,0,0.0000,1.0000
2006-03-16,21.4500,21.4500,21.4500,21.4500,16.2229,0,0.0000,1.0000
2006-03-15,21.6000,21.6000,21.4500,21.4500,16.2229,600,0.0000,1.0000
2006-03-14,22.0000,22.0000,21.6000,21.6000,16.3363,1240,0.0000,1.0000
2006-03-13,21.6000,21.6000,21.6000,21.6000,16.3363,0,0.0000,1.0000
2006-03-10,21.6000,21.6000,21.6000,21.6000,16.3363,200,0.0000,1.0000
2006-03-09,22.5000,22.5000,22.5000,22.5000,17.0170,0,0.0000,1.0000
2006-03-08,22.5000,22.5000,22.5000,22.5000,17.0170,600,0.1300,1.0000
2006-03-07,21.5000,21.5000,21.5000,21.5000,16.1673,0,0.0000,1.0000
2006-03-06,21.5000,21.5000,21.5000,21.5000,16.1673,200,0.0000,1.0000
2006-03-03,21.0000,21.0000,21.0000,21.0000,15.7913,0,0.0000,1.0000
2006-03-02,21.0000,21.0000,21.0000,21.0000,15.7913,366,0.0000,1.0000
2006-03-01,21.0000,21.0000,21.0000,21.0000,15.7913,220,0.0000,1.0000
2006-02-28,20.5000,20.5000,20.5000,20.5000,15.4153,0,0.0000,1.0000
2006-02-27,20.5000,20.5000,20.5000,20.5000,15.4153,0,0.0000,1.0000
2006-02-24,20.5000,20.5000,20.5000,20.5000,15.4153,400,0.0000,1.0000
2006-02-23,21.0000,21.0000,20.2500,20.5000,15.4153,1382,0.0000,1.0000
2006-02-22,20.2500,20.2500,20.2500,20.2500,15.2273,439,0.0000,1.0000
2006-02-21,20.1500,20.9500,20.0000,20.2500,15.2273,5953,0.0000,1.0000
2006-02-17,20.1500,20.1500,20.1500,20.1500,15.1521,0,0.0000,1.0000
2006-02-16,20.1500,20.1500,20.1500,20.1500,15.1521,223,0.0000,1.0000
2006-02-15,20.7500,20.8500,20.7500,20.8500,15.6785,625,0.0000,1.0000
2006-02-14,20.1500,20.1500,20.1500,20.1500,15.1521,0,0.0000,1.0000
2006-02-13,20.1500,20.1500,20.1500,20.1500,15.1521,0,0.0000,1.0000
2006-02-10,20.1500,20.1500,20.1500,20.1500,15.1521,392,0.0000,1.0000
2006-02-09,20.3500,20.3500,20.1500,20.1500,15.1521,1392,0.0000,1.0000
2006-02-08,20.1000,20.1000,20.1000,20.1000,15.1145,426,0.0000,1.0000
2006-02-07,20.0000,20.0000,20.0000,20.0000,15.0393,0,0.0000,1.0000
2006-02-06,20.0000,20.0000,20.0000,20.0000,15.0393,0,0.0000,1.0000
2006-02-03,20.0000,20.0000,20.0000,20.0000,15.0393,0,0.0000,1.0000
2006-02-02,20.0000,20.0000,20.0000,20.0000,15.0393,362,0.0000,1.0000
2006-02-01,20.0000,20.0000,20.0000,20.0000,15.0393,2462,0.0000,1.0000
2006-01-31,20.0000,20.0000,20.0000,20.0000,15.0393,342,0.0000,1.0000
2006-01-30,20.0000,20.0000,20.0000,20.0000,15.0393,183,0.0000,1.0000
2006-01-27,20.5000,20.5000,20.0000,20.0000,15.0393,636,0.0000,1.0000
2006-01-26,20.0000,20.0000,20.0000,20.0000,15.0393,0,0.0000,1.0000
2006-01-25,20.0000,20.0000,20.0000,20.0000,15.0393,4700,0.0000,1.0000
2006-01-24,19.9500,19.9500,19.8000,19.8000,14.8889,1100,0.0000,1.0000
2006-01-23,19.8000,19.8000,19.8000,19.8000,14.8889,400,0.0000,1.0000
2006-01-20,19.8500,19.8500,19.8500,19.8500,14.9265,0,0.0000,1.0000
2006-01-19,19.8500,19.8500,19.8500,19.8500,14.9265,0,0.0000,1.0000
2006-01-18,19.8500,19.8500,19.8500,19.8500,14.9265,100,0.0000,1.0000
2006-01-17,19.8000,19.8000,19.8000,19.8000,14.8889,200,0.0000,1.0000
2006-01-13,19.7500,19.7500,19.7500,19.7500,14.8513,2200,0.0000,1.0000
2006-01-12,19.9500,19.9500,19.9500,19.9500,15.0017,500,0.0000,1.0000
2006-01-11,19.8500,19.8500,19.8500,19.8500,14.9265,500,0.0000,1.0000
2006-01-10,19.7000,19.7000,19.7000,19.7000,14.8137,0,0.0000,1.0000
2006-01-09,19.7000,19.7000,19.7000,19.7000,14.8137,500,0.0000,1.0000
2006-01-06,20.0000,20.0000,20.0000,20.0000,15.0393,0,0.0000,1.0000
2006-01-05,19.7500,20.0000,19.7500,20.0000,15.0393,2500,0.0000,1.0000
2006-01-04,19.7500,19.7500,19.4000,19.4000,14.5881,400,0.0000,1.0000
2006-01-03,19.7500,19.7500,19.7500,19.7500,14.8513,0,0.0000,1.0000
2005-12-30,19.4000,19.7500,19.2500,19.7500,14.8513,3400,0.0000,1.0000
2005-12-29,19.2500,19.2500,19.2500,19.2500,14.4754,500,0.0000,1.0000
2005-12-28,19.2500,19.3500,19.2500,19.3500,14.5505,5500,0.0000,1.0000
2005-12-27,19.2500,19.2500,19.2500,19.2500,14.4754,600,0.0000,1.0000
2005-12-23,20.0000,20.0000,19.2500,19.2500,14.4754,300,0.0000,1.0000
2005-12-22,19.3000,19.5000,19.3000,19.5000,14.6633,3400,0.0000,1.0000
2005-12-21,19.2000,19.2000,19.2000,19.2000,14.4378,0,0.0000,1.0000
2005-12-20,19.2000,19.2000,19.2000,19.2000,14.4378,600,0.0000,1.0000
2005-12-19,19.2000,19.2000,19.2000,19.2000,14.4378,300,0.0000,1.0000
2005-12-16,20.0000,20.0000,19.2000,19.2000,14.4378,1400,0.0000,1.0000
2005-12-15,19.0000,19.0000,19.0000,19.0000,14.2874,0,0.0000,1.0000
2005-12-14,19.7500,19.7500,19.0000,19.0000,14.2874,800,0.0000,1.0000
2005-12-13,20.8700,20.8700,20.8700,20.8700,15.6935,0,0.0000,1.0000
2005-12-12,20.8700,20.8700,20.8700,20.8700,15.6935,300,0.0000,1.0000
2005-12-09,21.0500,21.0500,20.8700,20.8700,15.6935,1400,0.0000,1.0000
2005-12-08,21.2500,21.2500,21.2500,21.2500,15.9793,0,0.0000,1.0000
2005-12-07,21.2500,21.2500,21.2500,21.2500,15.9793,0,0.1300,1.0000
2005-12-06,21.2500,21.2500,21.2500,21.2500,15.8821,0,0.0000,1.0000
2005-12-05,21.2500,21.5000,21.2500,21.2500,15.8821,1300,0.0000,1.0000
2005-12-02,21.0000,21.3000,21.0000,21.3000,15.9195,3900,0.0000,1.0000
2005-12-01,21.1000,21.1000,21.0000,21.0000,15.6953,500,0.0000,1.0000
2005-11-30,21.2500,21.2500,21.1000,21.1000,15.7700,500,0.0000,1.0000
2005-11-29,21.5000,21.5000,21.5000,21.5000,16.0690,0,0.0000,1.0000
2005-11-28,21.5000,21.5000,21.5000,21.5000,16.0690,0,0.0000,1.0000
2005-11-25,21.5000,21.5000,21.5000,21.5000,16.0690,0,0.0000,1.0000
2005-11-23,21.5000,21.5000,21.5000,21.5000,16.0690,0,0.0000,1.0000
2005-11-22,21.5000,21.5000,21.5000,21.5000,16.0690,0,0.0000,1.0000
2005-11-21,21.5000,21.5000,21.5000,21.5000,16.0690,0,0.0000,1.0000
2005-11-18,21.5000,21.5000,21.5000,21.5000,16.0690,0,0.0000,1.0000
2005-11-17,21.5000,21.5000,21.5000,21.5000,16.0690,400,0.0000,1.0000
2005-11-16,21.2500,21.5000,21.0500,21.5000,16.0690,4000,0.0000,1.0000
2005-11-15,22.7500,22.7500,21.2500,21.2500,15.8821,200,0.0000,1.0000
2005-11-14,21.2500,21.5000,21.2500,21.5000,16.0690,1200,0.0000,1.0000
2005-11-11,21.2500,21.2500,21.2500,21.2500,15.8821,100,0.0000,1.0000
2005-11-10,20.9000,23.0000,20.9000,21.0500,15.7326,2600,0.0000,1.0000
2005-11-09,20.5000,20.5000,20.5000,20.5000,15.3216,2200,0.0000,1.0000
2005-11-08,20.5000,20.5000,20.5000,20.5000,15.3216,3700,0.0000,1.0000
2005-11-07,20.5000,20.5000,19.8000,19.9000,14.8731,7500,0.0000,1.0000
2005-11-04,20.5000,20.5000,20.2500,20.3000,15.1721,2200,0.0000,1.0000
2005-11-03,20.5000,20.5000,20.5000,20.5000,15.3216,0,0.0000,1.0000
2005-11-02,20.5000,20.5000,20.5000,20.5000,15.3216,0,0.0000,1.0000
2005-11-01,20.5000,20.5000,20.5000,20.5000,15.3216,600,0.0000,1.0000
2005-10-31,20.5000,20.5000,20.5000,20.5000,15.3216,0,0.0000,1.0000
2005-10-28,20.5000,20.5000,20.5000,20.5000,15.3216,1000,0.0000,1.0000
2005-10-27,20.5000,21.7500,20.5000,21.7500,16.2558,1300,0.0000,1.0000
2005-10-26,20.5000,20.5000,20.5000,20.5000,15.3216,200,0.0000,1.0000
2005-10-25,21.0000,21.0000,21.0000,21.0000,15.6953,0,0.0000,1.0000
2005-10-24,21.0000,21.0000,21.0000,21.0000,15.6953,100,0.0000,1.0000
2005-10-21,21.0500,21.0500,21.0500,21.0500,15.7326,0,0.0000,1.0000
2005-10-20,21.0500,21.0500,21.0500,21.0500,15.7326,0,0.0000,1.0000
2005-10-19,21.0500,21.0500,21.0500,21.0500,15.7326,0,0.0000,1.0000
2005-10-18,20.7500,21.0500,20.7500,21.0500,15.7326,1100,0.0000,1.0000
2005-10-17,21.0000,22.0000,20.5000,21.0000,15.6953,2000,0.0000,1.0000
2005-10-14,20.0500,21.0000,20.0500,21.0000,15.6953,700,0.0000,1.0000
2005-10-13,20.7500,20.7500,20.0500,20.0500,14.9853,1000,0.0000,1.0000
2005-10-12,23.0000,23.0000,21.0000,21.0000,15.6953,3800,0.0000,1.0000
2005-10-11,22.7500,22.7500,22.7500,22.7500,17.0032,0,0.0000,1.0000
2005-10-10,22.7500,22.7500,22.7500,22.7500,17.0032,0,0.0000,1.0000
2005-10-07,22.7500,22.7500,22.7500,22.7500,17.0032,0,0.0000,1.0000
2005-10-06,22.7500,22.7500,22.7500,22.7500,17.0032,0,0.0000,1.0000
2005-10-05,23.2500,23.2500,22.7500,22.7500,17.0032,400,0.0000,1.0000
2005-10-04,23.2500,23.2500,23.0000,23.0000,17.1901,1200,0.0000,1.0000
2005-10-03,23.2500,23.2500,23.2500,23.2500,17.3769,200,0.0000,1.0000
2005-09-30,23.5000,23.5000,23.5000,23.5000,17.5638,0,0.0000,1.0000
2005-09-29,23.6500,23.6500,23.5000,23.5000,17.5638,800,0.0000,1.0000
2005-09-28,23.6000,23.6000,23.6000,23.6000,17.6385,500,0.0000,1.0000
2005-09-27,23.6500,23.6500,23.6500,23.6500,17.6759,200,0.0000,1.0000
2005-09-26,23.6500,23.6500,23.6500,23.6500,17.6759,0,0.0000,1.0000
2005-09-23,23.6500,23.6500,23.6500,23.6500,17.6759,0,0.0000,1.0000
2005-09-22,23.6500,23.6500,23.6500,23.6500,17.6759,0,0.0000,1.0000
2005-09-21,23.6500,23.6500,23.6500,23.6500,17.6759,0,0.0000,1.0000
2005-09-20,23.6500,23.6500,23.6500,23.6500,17.6759,0,0.0000,1.0000
2005-09-19,23.6500,23.6500,23.6500,23.6500,17.6759,0,0.0000,1.0000
2005-09-16,23.6500,23.6500,23.6500,23.6500,17.6759,0,0.0000,1.0000
2005-09-15,23.6500,23.6500,23.6500,23.6500,17.6759,0,0.0000,1.0000
2005-09-14,23.6500,23.6500,23.6500,23.6500,17.6759,0,0.0000,1.0000
2005-09-13,23.6000,23.6500,23.6000,23.6500,17.6759,4000,0.0000,1.0000
2005-09-12,23.6500,24.0000,23.6500,24.0000,17.9375,800,0.0000,1.0000
2005-09-09,23.6000,23.6000,23.6000,23.6000,17.6385,0,0.0000,1.0000
2005-09-08,23.6000,23.6000,23.6000,23.6000,17.6385,100,0.0000,1.0000
2005-09-07,23.7500,23.7500,23.7500,23.7500,17.7506,0,0.1300,1.0000
2005-09-06,23.7500,23.9000,23.7500,23.7500,17.6540,900,0.0000,1.0000
2005-09-02,23.7500,23.7500,23.7500,23.7500,17.6540,200,0.0000,1.0000
2005-09-01,23.7500,23.7500,23.7500,23.7500,17.6540,0,0.0000,1.0000
2005-08-31,23.7500,23.7500,23.7500,23.7500,17.6540,0,0.0000,1.0000
2005-08-30,23.7500,23.7500,23.7500,23.7500,17.6540,200,0.0000,1.0000
2005-08-29,23.7500,23.7500,23.7500,23.7500,17.6540,0,0.0000,1.0000
2005-08-26,23.9000,23.9000,23.7500,23.7500,17.6540,300,0.0000,1.0000
2005-08-25,24.0500,24.0500,24.0000,24.0000,17.8398,4700,0.0000,1.0000
2005-08-24,24.0500,24.0500,24.0500,24.0500,17.8770,0,0.0000,1.0000
2005-08-23,24.0500,24.0500,24.0500,24.0500,17.8770,0,0.0000,1.0000
2005-08-22,24.0500,24.0500,24.0500,24.0500,17.8770,0,0.0000,1.0000
2005-08-19,24.5000,24.5000,24.0500,24.0500,17.8770,1000,0.0000,1.0000
2005-08-18,24.0500,24.0500,24.0500,24.0500,17.8770,0,0.0000,1.0000
2005-08-17,24.6000,24.6000,24.0500,24.0500,17.8770,900,0.0000,1.0000
2005-08-16,24.6000,24.6000,24.6000,24.6000,18.2858,200,0.0000,1.0000
2005-08-15,25.0000,25.0000,25.0000,25.0000,18.5831,0,0.0000,1.0000
2005-08-12,25.0000,25.0000,25.0000,25.0000,18.5831,0,0.0000,1.0000
2005-08-11,25.0000,25.0000,25.0000,25.0000,18.5831,0,0.0000,1.0000
2005-08-10,25.0000,25.0000,25.0000,25.0000,18.5831,0,0.0000,1.0000
2005-08-09,25.0000,25.0000,25.0000,25.0000,18.5831,500,0.0000,1.0000
2005-08-08,25.0000,25.0000,24.8000,25.0000,18.5831,1300,0.0000,1.0000
2005-08-05,25.2500,25.2500,25.2500,25.2500,18.7690,300,0.0000,1.0000
2005-08-04,25.0000,25.0000,25.0000,25.0000,18.5831,0,0.0000,1.0000
2005-08-03,25.1000,25.1000,25.0000,25.0000,18.5831,1000,0.0000,1.0000
2005-08-02,25.2500,25.2500,25.2500,25.2500,18.7690,0,0.0000,1.0000
2005-08-01,25.2500,25.2500,25.2500,25.2500,18.7690,0,0.0000,1.0000
2005-07-29,25.1000,25.2500,25.1000,25.2500,18.7690,1200,0.0000,1.0000
2005-07-28,25.1000,25.1000,25.1000,25.1000,18.6575,0,0.0000,1.0000
2005-07-27,25.1000,25.1000,25.1000,25.1000,18.6575,200,0.0000,1.0000
2005-07-26,25.1000,25.1000,25.1000,25.1000,18.6575,0,0.0000,1.0000
2005-07-25,25.1000,25.1000,25.1000,25.1000,18.6575,0,0.0000,1.0000
2005-07-22,25.6000,25.6000,25.1000,25.1000,18.6575,2200,0.0000,1.0000
2005-07-21,25.7500,25.7500,25.7500,25.7500,19.1406,0,0.0000,1.0000
2005-07-20,25.7500,25.7500,25.7500,25.7500,19.1406,0,0.0000,1.0000
2005-07-19,25.7500,25.7500,25.7000,25.7500,19.1406,3500,0.0000,1.0000
2005-07-18,26.0000,26.0000,26.0000,26.0000,19.3265,500,0.0000,1.0000
2005-07-15,26.0000,26.0000,26.0000,26.0000,19.3265,500,0.0000,1.0000
2005-07-14,25.7500,25.7500,25.7500,25.7500,19.1406,200,0.0000,1.0000
2005-07-13,25.8500,25.8500,25.8500,25.8500,19.2150,2000,0.0000,1.0000
2005-07-12,25.8500,25.8500,25.8500,25.8500,19.2150,6500,0.0000,1.0000
2005-07-11,26.0000,26.0000,26.0000,26.0000,19.3265,0,0.0000,1.0000
2005-07-08,26.0000,26.0000,26.0000,26.0000,19.3265,600,0.0000,1.0000
2005-07-07,26.2500,26.2500,26.2500,26.2500,19.5123,0,0.0000,1.0000
2005-07-06,26.2500,26.2500,26.2500,26.2500,19.5123,0,0.0000,1.0000
2005-07-05,26.7000,26.7000,26.2500,26.2500,19.5123,1900,0.0000,1.0000
2005-07-01,26.7000,26.7000,26.7000,26.7000,19.8468,0,0.0000,1.0000
2005-06-30,26.7000,26.7000,26.7000,26.7000,19.8468,1200,0.0000,1.0000
2005-06-29,27.0000,27.0000,27.0000,27.0000,20.0698,2800,0.0000,1.0000
2005-06-28,27.0000,27.0000,26.8500,26.8500,19.9583,2300,0.0000,1.0000
2005-06-27,26.5500,26.5500,26.5500,26.5500,19.7353,0,0.0000,1.0000
2005-06-24,26.5500,26.5500,26.5500,26.5500,19.7353,200,0.0000,1.0000
2005-06-23,26.9500,26.9500,26.9500,26.9500,20.0326,400,0.0000,1.0000
2005-06-22,27.0000,27.0000,27.0000,27.0000,20.0698,200,0.0000,1.0000
2005-06-21,27.0000,27.0000,27.0000,27.0000,20.0698,0,0.0000,1.0000
2005-06-20,27.0000,27.0000,27.0000,27.0000,20.0698,0,0.0000,1.0000
2005-06-17,27.0000,27.0000,27.0000,27.0000,20.0698,0,0.0000,1.0000
2005-06-16,27.0000,27.0000,27.0000,27.0000,20.0698,1800,0.0000,1.0000
2005-06-15,27.0000,27.0000,27.0000,27.0000,20.0698,200,0.0000,1.0000
2005-06-14,27.4000,27.4000,27.2000,27.2000,20.2184,1200,0.0000,1.0000
2005-06-13,27.4000,27.4000,27.4000,27.4000,20.3671,300,0.0000,1.0000
2005-06-10,27.7500,27.7500,27.7500,27.7500,20.6273,0,0.0000,1.0000
2005-06-09,27.7500,27.7500,27.7500,27.7500,20.6273,0,0.0000,1.0000
2005-06-08,27.7500,27.7500,27.7500,27.7500,20.6273,0,0.1300,1.0000
2005-06-07,27.7500,27.7500,27.7500,27.7500,20.5311,0,0.0000,1.0000
2005-06-06,27.7500,27.7500,27.7500,27.7500,20.5311,0,0.0000,1.0000
2005-06-03,27.7500,27.7500,27.7500,27.7500,20.5311,100,0.0000,1.0000
2005-06-02,27.4000,27.4000,27.4000,27.4000,20.2721,600,0.0000,1.0000
2005-06-01,27.4000,27.4000,27.4000,27.4000,20.2721,2400,0.0000,1.0000
2005-05-31,27.4000,27.4000,27.4000,27.4000,20.2721,1000,0.0000,1.0000
2005-05-27,27.4000,27.4000,27.4000,27.4000,20.2721,100,0.0000,1.0000
2005-05-26,27.4300,27.4300,27.4300,27.4300,20.2943,0,0.0000,1.0000
2005-05-25,27.4000,27.4300,27.4000,27.4300,20.2943,3100,0.0000,1.0000
2005-05-24,27.7500,27.7500,27.7500,27.7500,20.5311,0,0.0000,1.0000
2005-05-23,27.7500,27.7500,27.7500,27.7500,20.5311,0,0.0000,1.0000
2005-05-20,27.7500,27.7500,27.7500,27.7500,20.5311,2400,0.0000,1.0000
2005-05-19,27.7500,27.7500,27.7500,27.7500,20.5311,600,0.0000,1.0000
2005-05-18,27.7500,27.7500,27.7500,27.7500,20.5311,0,0.0000,1.0000
2005-05-17,27.7500,27.7500,27.7500,27.7500,20.5311,0,0.0000,1.0000
2005-05-16,27.7500,27.7500,27.7500,27.7500,20.5311,0,0.0000,1.0000
2005-05-13,27.7500,27.7500,27.7500,27.7500,20.5311,0,0.0000,1.0000
2005-05-12,27.7500,27.7500,27.7500,27.7500,20.5311,0,0.0000,1.0000
2005-05-11,27.7500,27.7500,27.7500,27.7500,20.5311,0,0.0000,1.0000
2005-05-10,27.7500,27.7500,27.7500,27.7500,20.5311,0,0.0000,1.0000
2005-05-09,27.7500,27.7500,27.7500,27.7500,20.5311,0,0.0000,1.0000
2005-05-06,27.7500,27.7500,27.7500,27.7500,20.5311,100,0.0000,1.0000
2005-05-05,27.7500,27.7500,27.7500,27.7500,20.5311,0,0.0000,1.0000
2005-05-04,27.7500,27.7500,27.7500,27.7500,20.5311,0,0.0000,1.0000
2005-05-03,27.7500,27.7500,27.7500,27.7500,20.5311,200,0.0000,1.0000
2005-05-02,28.3000,28.3000,28.3000,28.3000,20.9380,1000,0.0000,1.0000
2005-04-29,27.7500,27.7500,27.7500,27.7500,20.5311,0,0.0000,1.0000
2005-04-28,27.7500,27.7500,27.7500,27.7500,20.5311,0,0.0000,1.0000
2005-04-27,27.7500,27.7500,27.7500,27.7500,20.5311,100,0.0000,1.0000
2005-04-26,27.7500,27.7500,27.7500,27.7500,20.5311,0,0.0000,1.0000
2005-04-25,27.7500,27.7500,27.7500,27.7500,20.5311,0,0.0000,1.0000
2005-04-22,27.7500,27.7500,27.7500,27.7500,20.5311,300,0.0000,1.0000
2005-04-21,28.3000,28.3000,28.3000,28.3000,20.9380,500,0.0000,1.0000
2005-04-20,28.1000,28.1000,28.1000,28.1000,20.7900,0,0.0000,1.0000
2005-04-19,28.1000,28.1000,28.1000,28.1000,20.7900,0,0.0000,1.0000
2005-04-18,28.2500,28.2500,28.0000,28.1000,20.7900,800,0.0000,1.0000
2005-04-15,28.2500,28.2500,28.2500,28.2500,20.9010,0,0.0000,1.0000
2005-04-14,28.2500,28.2500,28.2500,28.2500,20.9010,0,0.0000,1.0000
2005-04-13,28.2500,28.2500,28.2500,28.2500,20.9010,0,0.0000,1.0000
2005-04-12,28.2500,28.2500,28.2500,28.2500,20.9010,100,0.0000,1.0000
2005-04-11,28.2500,28.2500,28.2500,28.2500,20.9010,0,0.0000,1.0000
2005-04-08,28.2500,28.2500,28.2500,28.2500,20.9010,0,0.0000,1.0000
2005-04-07,28.0000,28.2500,28.0000,28.2500,20.9010,11300,0.0000,1.0000
2005-04-06,28.0000,28.0000,28.0000,28.0000,20.7161,0,0.0000,1.0000
2005-04-05,28.0000,28.0000,28.0000,28.0000,20.7161,0,0.0000,1.0000
2005-04-04,28.0000,28.0000,28.0000,28.0000,20.7161,0,0.0000,1.0000
2005-04-01,28.0000,28.0000,28.0000,28.0000,20.7161,0,0.0000,1.0000
2005-03-31,28.0000,28.0000,28.0000,28.0000,20.7161,200,0.0000,1.0000
2005-03-30,28.0000,28.3000,28.0000,28.2500,20.9010,2700,0.0000,1.0000
2005-03-29,27.6500,27.6500,27.6500,27.6500,20.4571,700,0.0000,1.0000
2005-03-28,27.6500,27.6500,27.6500,27.6500,20.4571,100,0.0000,1.0000
2005-03-24,27.7500,27.7500,27.7500,27.7500,20.5311,0,0.0000,1.0000
2005-03-23,27.7500,27.7500,27.7500,27.7500,20.5311,0,0.0000,1.0000
2005-03-22,27.7500,27.7500,27.7500,27.7500,20.5311,0,0.0000,1.0000
2005-03-21,27.7500,27.7500,27.7500,27.7500,20.5311,0,0.0000,1.0000
2005-03-18,27.7500,27.7500,27.7500,27.7500,20.5311,800,0.0000,1.0000
2005-03-17,27.6500,27.6500,27.6500,27.6500,20.4571,0,0.0000,1.0000
2005-03-16,27.6500,27.6500,27.6500,27.6500,20.4571,1200,0.0000,1.0000
2005-03-15,27.7000,27.7000,27.7000,27.7000,20.4941,1000,0.0000,1.0000
2005-03-14,27.7000,27.7000,27.7000,27.7000,20.4941,0,0.0000,1.0000
2005-03-11,27.7000,27.7000,27.7000,27.7000,20.4941,0,0.0000,1.0000
2005-03-10,27.6000,27.7000,27.5000,27.7000,20.4941,19800,0.0000,1.0000
2005-03-09,27.6000,27.6000,27.6000,27.6000,20.4201,1000,0.0000,1.0000
2005-03-08,27.7500,27.7500,27.7500,27.7500,20.5311,0,0.1300,1.0000
2005-03-07,27.5000,27.7500,27.5000,27.7500,20.4354,3000,0.0000,1.0000
2005-03-04,27.7500,27.7500,27.5000,27.7500,20.4354,700,0.0000,1.0000
2005-03-03,27.4000,27.4000,27.4000,27.4000,20.1776,100,0.0000,1.0000
2005-03-02,27.5000,27.6500,27.4000,27.4000,20.1776,16700,0.0000,1.0000
2005-03-01,27.5000,27.5000,27.3000,27.3000,20.1040,1100,0.0000,1.0000
2005-02-28,27.7500,27.7500,27.7500,27.7500,20.4354,0,0.0000,1.0000
2005-02-25,27.7500,27.7500,27.7500,27.7500,20.4354,0,0.0000,1.0000
2005-02-24,27.7500,27.7500,27.7500,27.7500,20.4354,400,0.0000,1.0000
2005-02-23,27.5500,27.7500,27.5000,27.7500,20.4354,10400,0.0000,1.0000
2005-02-22,28.0000,28.0000,28.0000,28.0000,20.6195,0,0.0000,1.0000
2005-02-18,28.0000,28.0000,28.0000,28.0000,20.6195,200,0.0000,1.0000
2005-02-17,28.0000,28.0000,28.0000,28.0000,20.6195,400,0.0000,1.0000
2005-02-16,28.2500,28.2500,28.2500,28.2500,20.8036,200,0.0000,1.0000
2005-02-15,29.0000,29.0000,28.0000,28.0000,20.6195,3800,0.0000,1.0000
2005-02-14,29.0000,29.0000,29.0000,29.0000,21.3559,0,0.0000,1.0000
2005-02-11,29.0000,29.2500,29.0000,29.0000,21.3559,4500,0.0000,1.0000
2005-02-10,29.5000,29.7500,29.5000,29.5000,21.7241,1000,0.0000,1.0000
2005-02-09,29.2500,29.2500,29.0500,29.2500,21.5400,3900,0.0000,1.0000
2005-02-08,29.2000,29.2500,29.2000,29.2500,21.5400,1400,0.0000,1.0000
2005-02-07,29.2000,29.2000,29.2000,29.2000,21.5032,200,0.0000,1.0000
2005-02-04,28.7500,28.7500,28.7500,28.7500,21.1718,0,0.0000,1.0000
2005-02-03,28.6500,29.0000,28.6500,28.7500,21.1718,3800,0.0000,1.0000
2005-02-02,28.5000,28.7500,28.5000,28.7500,21.1718,4100,0.0000,1.0000
2005-02-01,28.7500,28.7500,28.7500,28.7500,21.1718,1200,0.0000,1.0000
2005-01-31,28.7500,29.0000,28.7500,29.0000,21.3559,1500,0.0000,1.0000
2005-01-28,29.5000,29.5000,29.5000,29.5000,21.7241,0,0.0000,1.0000
2005-01-27,29.5000,29.5000,29.5000,29.5000,21.7241,300,0.0000,1.0000
2005-01-26,28.7500,28.7500,28.7500,28.7500,21.1718,0,0.0000,1.0000
2005-01-25,28.7500,28.7500,28.7500,28.7500,21.1718,200,0.0000,1.0000
2005-01-24,29.0000,29.0000,29.0000,29.0000,21.3559,200,0.0000,1.0000
2005-01-21,28.5000,28.5000,28.5000,28.5000,20.9877,0,0.0000,1.0000
2005-01-20,28.2500,28.5000,28.2500,28.5000,20.9877,600,0.0000,1.0000
2005-01-19,28.7500,28.7500,28.7500,28.7500,21.1718,0,0.0000,1.0000
2005-01-18,28.7500,28.7500,28.7500,28.7500,21.1718,0,0.0000,1.0000
2005-01-14,28.7500,28.7500,28.7500,28.7500,21.1718,400,0.0000,1.0000
2005-01-13,28.7500,29.0000,28.7500,29.0000,21.3559,1200,0.0000,1.0000
2005-01-12,28.0000,28.0000,27.7500,27.7500,20.4354,800,0.0000,1.0000
2005-01-11,28.0000,28.0000,28.0000,28.0000,20.6195,0,0.0000,1.0000
2005-01-10,28.0000,28.0000,28.0000,28.0000,20.6195,1100,0.0000,1.0000
2005-01-07,28.0000,28.5000,27.0000,28.0000,20.6195,1000,0.0000,1.0000
2005-01-06,28.0000,28.0000,28.0000,28.0000,20.6195,900,0.0000,1.0000
2005-01-05,27.5000,27.9000,27.5000,27.9000,20.5458,400,0.0000,1.0000
2005-01-04,27.5000,27.5000,27.5000,27.5000,20.2513,1600,0.0000,1.0000
2005-01-03,26.7500,27.2500,26.7500,26.7500,19.6990,4900,0.0000,1.0000
2004-12-31,26.7500,26.7500,26.7500,26.7500,19.6990,0,0.0000,1.0000
2004-12-30,26.7500,27.0000,26.7500,26.7500,19.6990,1700,0.0000,1.0000
2004-12-29,26.7500,26.7500,26.7500,26.7500,19.6990,0,0.0000,1.0000
2004-12-28,26.7500,27.0000,26.7500,26.7500,19.6990,2200,0.0000,1.0000
2004-12-27,26.1000,26.7500,26.1000,26.7500,19.6990,800,0.0000,1.0000
2004-12-23,26.0000,26.7500,26.0000,26.1500,19.2571,30800,0.0000,1.0000
2004-12-22,26.7500,26.7500,26.5000,26.7500,19.6990,3800,0.0000,1.0000
2004-12-21,25.8500,26.0000,25.7500,25.9500,19.1098,2000,0.0000,1.0000
2004-12-20,25.5000,26.0000,25.5000,25.5500,18.8153,7500,0.0000,1.0000
2004-12-17,25.0000,25.0000,25.0000,25.0000,18.4102,0,0.0000,1.0000
2004-12-16,25.0000,25.0000,25.0000,25.0000,18.4102,0,0.0000,1.0000
2004-12-15,25.7500,25.7500,25.0000,25.0000,18.4102,1100,0.0000,1.0000
2004-12-14,26.5000,26.5000,26.3500,26.3500,19.4044,1200,0.0000,1.0000
2004-12-13,26.5000,26.5000,26.0000,26.0000,19.1466,300,0.0000,1.0000
2004-12-10,26.0000,26.5000,26.0000,26.5000,19.5149,1700,0.0000,1.0000
2004-12-09,26.7500,26.7500,26.7500,26.7500,19.6990,100,0.0000,1.0000
2004-12-08,26.5000,26.5000,26.5000,26.5000,19.5149,0,0.1300,1.0000
2004-12-07,26.7500,26.7500,26.5000,26.5000,19.4196,200,0.0000,1.0000
2004-12-06,26.5000,26.5000,26.5000,26.5000,19.4196,0,0.0000,1.0000
2004-12-03,26.5000,26.5000,26.5000,26.5000,19.4196,1000,0.0000,1.0000
2004-12-02,25.9500,26.0000,25.9500,26.0000,19.0532,1900,0.0000,1.0000
2004-12-01,25.9500,25.9500,25.9500,25.9500,19.0165,0,0.0000,1.0000
2004-11-30,25.9500,25.9500,25.9500,25.9500,19.0165,0,0.0000,1.0000
2004-11-29,25.9500,25.9500,25.9500,25.9500,19.0165,100,0.0000,1.0000
2004-11-26,25.5000,25.5000,25.5000,25.5000,18.6868,200,0.0000,1.0000
2004-11-24,25.3000,25.3000,25.3000,25.3000,18.5402,0,0.0000,1.0000
2004-11-23,25.7000,25.7000,25.3000,25.3000,18.5402,1300,0.0000,1.0000
2004-11-22,25.5000,25.7000,25.5000,25.7000,18.8333,1900,0.0000,1.0000
2004-11-19,25.3000,25.3000,25.3000,25.3000,18.5402,0,0.0000,1.0000
2004-11-18,25.3000,25.3000,25.3000,25.3000,18.5402,0,0.0000,1.0000
2004-11-17,25.3000,25.3000,25.3000,25.3000,18.5402,0,0.0000,1.0000
2004-11-16,25.5000,25.5000,25.3000,25.3000,18.5402,1800,0.0000,1.0000
2004-11-15,25.5000,25.5000,25.5000,25.5000,18.6868,0,0.0000,1.0000
2004-11-12,25.5500,25.5500,25.5000,25.5000,18.6868,500,0.0000,1.0000
2004-11-11,25.6900,25.6900,25.6900,25.6900,18.8260,0,0.0000,1.0000
2004-11-10,25.6900,25.6900,25.6900,25.6900,18.8260,0,0.0000,1.0000
2004-11-09,25.6900,25.6900,25.6900,25.6900,18.8260,0,0.0000,1.0000
2004-11-08,25.6900,25.6900,25.6900,25.6900,18.8260,200,0.0000,1.0000
2004-11-05,25.5500,25.5500,25.5500,25.5500,18.7234,100,0.0000,1.0000
2004-11-04,25.7500,25.7500,25.7500,25.7500,18.8700,0,0.0000,1.0000
2004-11-03,25.7500,25.7500,25.7500,25.7500,18.8700,0,0.0000,1.0000
2004-11-02,25.8000,25.8000,25.7500,25.7500,18.8700,1500,0.0000,1.0000
2004-11-01,25.8000,25.8000,25.8000,25.8000,18.9066,0,0.0000,1.0000
2004-10-29,25.8000,25.8000,25.8000,25.8000,18.9066,0,0.0000,1.0000
2004-10-28,25.8000,25.8000,25.8000,25.8000,18.9066,800,0.0000,1.0000
2004-10-27,25.8000,25.8000,25.8000,25.8000,18.9066,0,0.0000,1.0000
2004-10-26,25.8000,25.8000,25.8000,25.8000,18.9066,0,0.0000,1.0000
2004-10-25,25.8000,25.8000,25.8000,25.8000,18.9066,100,0.0000,1.0000
2004-10-22,25.5000,25.5000,25.4500,25.4500,18.6501,2100,0.0000,1.0000
2004-10-21,25.6000,25.7500,25.6000,25.7500,18.8700,1500,0.0000,1.0000
2004-10-20,25.6000,25.6000,25.6000,25.6000,18.7601,100,0.0000,1.0000
2004-10-19,25.5000,25.5000,25.5000,25.5000,18.6868,0,0.0000,1.0000
2004-10-18,25.5000,25.5000,25.5000,25.5000,18.6868,200,0.0000,1.0000
2004-10-15,25.7500,25.7500,25.7500,25.7500,18.8700,0,0.0000,1.0000
2004-10-14,25.7500,25.7500,25.7500,25.7500,18.8700,0,0.0000,1.0000
2004-10-13,25.7500,25.7500,25.7500,25.7500,18.8700,0,0.0000,1.0000
2004-10-12,25.7500,25.7500,25.7500,25.7500,18.8700,100,0.0000,1.0000
2004-10-11,25.5000,25.5000,25.5000,25.5000,18.6868,0,0.0000,1.0000
2004-10-08,25.5000,25.5000,25.5000,25.5000,18.6868,0,0.0000,1.0000
2004-10-07,25.5000,25.5000,25.5000,25.5000,18.6868,200,0.0000,1.0000
2004-10-06,25.7500,25.7500,25.5000,25.5000,18.6868,18700,0.0000,1.0000
2004-10-05,25.8500,25.8500,25.8500,25.8500,18.9433,0,0.0000,1.0000
2004-10-04,25.8500,25.8500,25.8500,25.8500,18.9433,100,0.0000,1.0000
2004-10-01,25.7500,25.7500,25.7500,25.7500,18.8700,0,0.0000,1.0000
2004-09-30,25.7500,25.7500,25.7500,25.7500,18.8700,0,0.0000,1.0000
2004-09-29,25.9500,25.9500,25.7500,25.7500,18.8700,1300,0.0000,1.0000
2004-09-28,25.7500,25.7500,25.7500,25.7500,18.8700,0,0.0000,1.0000
2004-09-27,25.7500,25.7500,25.7500,25.7500,18.8700,900,0.0000,1.0000
2004-09-24,25.9500,25.9500,25.9500,25.9500,19.0165,0,0.0000,1.0000
2004-09-23,25.9500,25.9500,25.9500,25.9500,19.0165,0,0.0000,1.0000
2004-09-22,25.9500,25.9500,25.9500,25.9500,19.0165,0,0.0000,1.0000
2004-09-21,26.0500,26.0500,25.9500,25.9500,19.0165,1500,0.0000,1.0000
2004-09-20,26.0500,26.2500,26.0500,26.2500,19.2364,700,0.0000,1.0000
2004-09-17,26.1000,26.2500,26.1000,26.2500,19.2364,8000,0.0000,1.0000
2004-09-16,26.0000,26.2000,26.0000,26.2000,19.1997,36000,0.0000,1.0000
2004-09-15,26.0000,26.0000,26.0000,26.0000,19.0532,0,0.0000,1.0000
2004-09-14,26.0000,26.0000,26.0000,26.0000,19.0532,0,0.0000,1.0000
2004-09-13,26.0000,26.0000,26.0000,26.0000,19.0532,500,0.0000,1.0000
2004-09-10,26.2500,26.2500,26.2500,26.2500,19.2364,0,0.0000,1.0000
2004-09-09,26.2500,26.2500,26.2500,26.2500,19.2364,100,0.0000,1.0000
2004-09-08,26.2500,26.2500,26.2500,26.2500,19.2364,0,0.1300,1.0000
2004-09-07,26.2500,26.2500,26.2500,26.2500,19.1416,0,0.0000,1.0000
2004-09-03,26.2500,26.2500,26.2500,26.2500,19.1416,0,0.0000,1.0000
2004-09-02,26.2500,26.2500,26.2500,26.2500,19.1416,0,0.0000,1.0000
2004-09-01,26.2500,26.2500,26.2500,26.2500,19.1416,0,0.0000,1.0000
2004-08-31,26.2500,26.2500,26.2500,26.2500,19.1416,100,0.0000,1.0000
2004-08-30,26.0000,26.0000,26.0000,26.0000,18.9593,0,0.0000,1.0000
2004-08-27,26.0000,26.0000,26.0000,26.0000,18.9593,0,0.0000,1.0000
2004-08-26,26.0000,26.0000,26.0000,26.0000,18.9593,900,0.0000,1.0000
2004-08-25,25.4500,25.4500,25.4500,25.4500,18.5582,0,0.0000,1.0000
2004-08-24,25.4500,25.4500,25.4500,25.4500,18.5582,0,0.0000,1.0000
2004-08-23,25.4500,25.4500,25.4500,25.4500,18.5582,0,0.0000,1.0000
2004-08-20,25.4500,25.4500,25.4500,25.4500,18.5582,0,0.0000,1.0000
2004-08-19,25.4500,25.4500,25.4500,25.4500,18.5582,0,0.0000,1.0000
2004-08-18,25.4500,25.4500,25.4500,25.4500,18.5582,0,0.0000,1.0000
2004-08-17,25.4500,25.4500,25.4500,25.4500,18.5582,0,0.0000,1.0000
2004-08-16,25.4500,25.4500,25.4500,25.4500,18.5582,800,0.0000,1.0000
2004-08-13,25.1500,25.1500,25.1500,25.1500,18.3395,0,0.0000,1.0000
2004-08-12,25.1500,25.1500,25.1500,25.1500,18.3395,200,0.0000,1.0000
2004-08-11,25.4000,25.4000,25.4000,25.4000,18.5218,0,0.0000,1.0000
2004-08-10,25.4000,25.4000,25.4000,25.4000,18.5218,0,0.0000,1.0000
2004-08-09,25.4000,25.4000,25.4000,25.4000,18.5218,0,0.0000,1.0000
2004-08-06,25.4000,25.4000,25.4000,25.4000,18.5218,0,0.0000,1.0000
2004-08-05,25.4000,25.4000,25.4000,25.4000,18.5218,100,0.0000,1.0000
2004-08-04,25.1500,25.4000,25.1500,25.4000,18.5218,500,0.0000,1.0000
2004-08-03,25.2000,25.2000,25.1500,25.1500,18.3395,1100,0.0000,1.0000
2004-08-02,25.2500,25.2500,25.2500,25.2500,18.4124,3700,0.0000,1.0000
2004-07-30,25.1500,25.2500,25.1500,25.1500,18.3395,2800,0.0000,1.0000
2004-07-29,25.1500,25.1500,25.1500,25.1500,18.3395,2300,0.0000,1.0000
2004-07-28,25.1500,25.1500,25.1500,25.1500,18.3395,0,0.0000,1.0000
2004-07-27,25.1500,25.1500,25.1500,25.1500,18.3395,3400,0.0000,1.0000
2004-07-26,25.1000,25.1000,25.1000,25.1000,18.3030,0,0.0000,1.0000
2004-07-23,25.1000,25.1000,25.1000,25.1000,18.3030,0,0.0000,1.0000
2004-07-22,25.1000,25.1000,25.1000,25.1000,18.3030,0,0.0000,1.0000
2004-07-21,25.1000,25.1000,25.1000,25.1000,18.3030,0,0.0000,1.0000
2004-07-20,25.1000,25.1000,25.1000,25.1000,18.3030,0,0.0000,1.0000
2004-07-19,25.1000,25.1000,25.1000,25.1000,18.3030,0,0.0000,1.0000
2004-07-16,25.1000,25.1000,25.1000,25.1000,18.3030,0,0.0000,1.0000
2004-07-15,25.3000,25.3000,25.1000,25.1000,18.3030,14700,0.0000,1.0000
2004-07-14,25.0500,25.0500,25.0500,25.0500,18.2665,0,0.0000,1.0000
2004-07-13,25.0500,25.0500,25.0500,25.0500,18.2665,0,0.0000,1.0000
2004-07-12,25.0500,25.0500,25.0500,25.0500,18.2665,800,0.0000,1.0000
2004-07-09,25.0500,25.0500,25.0500,25.0500,18.2665,100,0.0000,1.0000
2004-07-08,25.5000,25.5000,25.5000,25.5000,18.5947,0,0.0000,1.0000
2004-07-07,25.5000,25.5000,25.5000,25.5000,18.5947,0,0.0000,1.0000
2004-07-06,25.5000,25.5000,25.5000,25.5000,18.5947,0,0.0000,1.0000
2004-07-02,25.5000,25.5000,25.5000,25.5000,18.5947,0,0.0000,1.0000
2004-07-01,25.5000,25.5000,25.5000,25.5000,18.5947,0,0.0000,1.0000
2004-06-30,25.5000,25.5000,25.5000,25.5000,18.5947,0,0.0000,1.0000
2004-06-29,25.5000,25.5000,25.5000,25.5000,18.5947,0,0.0000,1.0000
2004-06-28,25.5000,25.5000,25.5000,25.5000,18.5947,0,0.0000,1.0000
2004-06-25,25.3000,25.5000,25.3000,25.5000,18.5947,9700,0.0000,1.0000
2004-06-24,25.5000,25.5000,25.1000,25.1000,18.3030,5500,0.0000,1.0000
2004-06-23,25.0500,25.2000,25.0500,25.2000,18.3759,1100,0.0000,1.0000
2004-06-22,25.0500,25.0500,25.0500,25.0500,18.2665,0,0.0000,1.0000
2004-06-21,25.0500,25.0500,25.0500,25.0500,18.2665,0,0.0000,1.0000
2004-06-18,25.0500,25.0500,25.0500,25.0500,18.2665,1000,0.0000,1.0000
2004-06-17,25.0500,25.0500,25.0500,25.0500,18.2665,0,0.0000,1.0000
2004-06-16,25.0500,25.0500,25.0500,25.0500,18.2665,500,0.0000,1.0000
2004-06-15,25.2500,25.2500,25.2500,25.2500,18.4124,0,0.0000,1.0000
2004-06-14,25.2500,25.2500,25.0000,25.2500,18.4124,5700,0.0000,1.0000
2004-06-10,25.0000,25.0000,25.0000,25.0000,18.2301,500,0.0000,1.0000
2004-06-09,25.4500,25.5000,25.0000,25.0000,18.2301,2500,0.0000,1.0000
2004-06-08,25.0000,25.0000,25.0000,25.0000,18.2301,2000,0.1300,1.0000
2004-06-07,25.0000,25.0000,25.0000,25.0000,18.1358,0,0.0000,1.0000
2004-06-04,25.0000,25.0000,25.0000,25.0000,18.1358,1500,0.0000,1.0000
2004-06-03,25.0000,25.1000,25.0000,25.0000,18.1358,6000,0.0000,1.0000
2004-06-02,25.0000,25.0000,25.0000,25.0000,18.1358,2500,0.0000,1.0000
2004-06-01,25.0000,25.0000,25.0000,25.0000,18.1358,1100,0.0000,1.0000
2004-05-28,25.5000,25.6500,25.0000,25.0000,18.1358,3800,0.0000,1.0000
2004-05-27,25.5500,25.6500,25.5000,25.5000,18.4985,5500,0.0000,1.0000
2004-05-26,25.5500,25.5500,25.5500,25.5500,18.5348,700,0.0000,1.0000
2004-05-25,25.5500,25.7500,25.5500,25.6500,18.6073,5900,0.0000,1.0000
2004-05-24,25.7500,25.7500,25.7500,25.7500,18.6798,0,0.0000,1.0000
2004-05-21,25.7500,25.9000,25.5500,25.7500,18.6798,7900,0.0000,1.0000
2004-05-20,25.7500,25.7500,25.7500,25.7500,18.6798,1900,0.0000,1.0000
2004-05-19,26.0500,26.2500,25.7500,25.7500,18.6798,3000,0.0000,1.0000
2004-05-18,26.0000,26.0000,26.0000,26.0000,18.8612,700,0.0000,1.0000
2004-05-17,26.0000,26.0000,26.0000,26.0000,18.8612,200,0.0000,1.0000
2004-05-14,26.0000,26.0000,26.0000,26.0000,18.8612,200,0.0000,1.0000
2004-05-13,26.3500,26.4500,26.0000,26.4500,19.1877,3100,0.0000,1.0000
2004-05-12,26.5000,26.5000,26.5000,26.5000,19.2239,0,0.0000,1.0000
2004-05-11,26.3500,26.5000,26.3500,26.5000,19.2239,1900,0.0000,1.0000
2004-05-10,26.5000,26.5000,26.5000,26.5000,19.2239,0,0.0000,1.0000
2004-05-07,26.5000,26.5000,26.5000,26.5000,19.2239,0,0.0000,1.0000
2004-05-06,26.5000,26.5000,26.5000,26.5000,19.2239,0,0.0000,1.0000
2004-05-05,26.5000,26.5000,26.5000,26.5000,19.2239,0,0.0000,1.0000
2004-05-04,26.5000,26.5000,26.5000,26.5000,19.2239,0,0.0000,1.0000
2004-05-03,26.5000,26.5000,26.5000,26.5000,19.2239,0,0.0000,1.0000
2004-04-30,26.5000,26.5000,26.5000,26.5000,19.2239,0,0.0000,1.0000
2004-04-29,26.7500,26.7500,26.5000,26.5000,19.2239,800,0.0000,1.0000
2004-04-28,27.5000,27.5000,27.0000,27.0000,19.5866,1200,0.0000,1.0000
2004-04-27,27.7500,27.9000,27.5000,27.5000,19.9494,9200,0.0000,1.0000
2004-04-26,27.9500,27.9500,27.9500,27.9500,20.2758,0,0.0000,1.0000
2004-04-23,27.9500,27.9500,27.9500,27.9500,20.2758,0,0.0000,1.0000
2004-04-22,27.9500,27.9500,27.9500,27.9500,20.2758,0,0.0000,1.0000
2004-04-21,27.7000,27.9500,27.7000,27.9500,20.2758,2700,0.0000,1.0000
2004-04-20,27.5000,27.5000,27.5000,27.5000,19.9494,0,0.0000,1.0000
2004-04-19,27.5000,27.5000,27.5000,27.5000,19.9494,0,0.0000,1.0000
2004-04-16,27.5000,27.5000,27.5000,27.5000,19.9494,0,0.0000,1.0000
2004-04-15,27.5000,27.5000,27.5000,27.5000,19.9494,0,0.0000,1.0000
2004-04-14,28.0000,28.0000,27.5000,27.5000,19.9494,1200,0.0000,1.0000
2004-04-13,28.5000,28.5000,28.5000,28.5000,20.6748,0,0.0000,1.0000
2004-04-12,28.5000,28.5000,28.5000,28.5000,20.6748,0,0.0000,1.0000
2004-04-08,28.5000,28.5000,28.5000,28.5000,20.6748,0,0.0000,1.0000
2004-04-07,28.5000,28.5000,28.5000,28.5000,20.6748,0,0.0000,1.0000
2004-04-06,28.5000,28.5000,28.5000,28.5000,20.6748,0,0.0000,1.0000
2004-04-05,28.5000,28.5000,28.5000,28.5000,20.6748,0,0.0000,1.0000
2004-04-02,28.5000,28.5000,28.5000,28.5000,20.6748,0,0.0000,1.0000
2004-04-01,28.5000,28.5000,28.5000,28.5000,20.6748,0,0.0000,1.0000
2004-03-31,28.5000,28.5000,28.5000,28.5000,20.6748,0,0.0000,1.0000
2004-03-30,28.5000,28.5000,28.5000,28.5000,20.6748,0,0.0000,1.0000
2004-03-29,28.0000,28.5000,28.0000,28.5000,20.6748,300,0.0000,1.0000
2004-03-26,28.5000,28.5000,28.5000,28.5000,20.6748,0,0.0000,1.0000
2004-03-25,28.5000,28.5000,28.5000,28.5000,20.6748,0,0.0000,1.0000
2004-03-24,28.5000,28.5000,28.5000,28.5000,20.6748,0,0.0000,1.0000
2004-03-23,28.5000,28.5000,28.5000,28.5000,20.6748,0,0.0000,1.0000
2004-03-22,28.5000,28.5000,28.5000,28.5000,20.6748,0,0.0000,1.0000
2004-03-19,28.5000,28.5000,28.5000,28.5000,20.6748,0,0.0000,1.0000
2004-03-18,28.5000,28.5000,28.5000,28.5000,20.6748,1000,0.0000,1.0000
2004-03-17,28.2500,28.2500,28.2500,28.2500,20.4934,0,0.0000,1.0000
2004-03-16,27.7500,28.2500,27.7500,28.2500,20.4934,3900,0.0000,1.0000
2004-03-15,27.0000,27.0000,27.0000,27.0000,19.5866,500,0.0000,1.0000
2004-03-12,27.0000,27.0000,27.0000,27.0000,19.5866,0,0.0000,1.0000
2004-03-11,27.0000,27.0000,27.0000,27.0000,19.5866,0,0.0000,1.0000
2004-03-10,27.0000,27.0000,27.0000,27.0000,19.5866,100,0.0000,1.0000
2004-03-09,27.0000,27.1000,27.0000,27.1000,19.6592,2900,0.0000,1.0000
2004-03-08,27.7000,28.2500,27.0000,28.2500,20.4934,25800,0.1300,1.0000
2004-03-05,27.0500,27.0500,27.0500,27.0500,19.5330,0,0.0000,1.0000
2004-03-04,27.0500,27.0500,27.0500,27.0500,19.5330,11000,0.0000,1.0000
2004-03-03,27.7000,27.7000,27.7000,27.7000,20.0024,0,0.0000,1.0000
2004-03-02,27.7000,27.7000,27.7000,27.7000,20.0024,0,0.0000,1.0000
2004-03-01,27.7000,27.7000,27.7000,27.7000,20.0024,0,0.0000,1.0000
2004-02-27,27.7000,27.7000,27.7000,27.7000,20.0024,100,0.0000,1.0000
2004-02-26,28.0000,28.1000,27.7000,27.7000,20.0024,3200,0.0000,1.0000
2004-02-25,29.0000,29.0000,28.0000,28.4000,20.5079,4100,0.0000,1.0000
2004-02-24,29.0500,29.1500,29.0500,29.1500,21.0495,6000,0.0000,1.0000
2004-02-23,29.0500,29.0500,29.0500,29.0500,20.9772,100,0.0000,1.0000
2004-02-20,29.4000,29.4000,29.4000,29.4000,21.2300,0,0.0000,1.0000
2004-02-19,29.4000,29.4000,29.4000,29.4000,21.2300,0,0.0000,1.0000
2004-02-18,29.4000,29.4000,29.4000,29.4000,21.2300,0,0.0000,1.0000
2004-02-17,29.4000,29.4000,29.4000,29.4000,21.2300,0,0.0000,1.0000
2004-02-13,29.4000,29.4000,29.4000,29.4000,21.2300,0,0.0000,1.0000
2004-02-12,29.4000,29.4000,29.4000,29.4000,21.2300,100,0.0000,1.0000
2004-02-11,29.5500,29.5500,29.5500,29.5500,21.3383,0,0.0000,1.0000
2004-02-10,29.5000,29.5500,29.3000,29.5500,21.3383,3800,0.0000,1.0000
2004-02-09,29.0500,29.0500,29.0500,29.0500,20.9772,100,0.0000,1.0000
2004-02-06,29.5000,29.5000,29.5000,29.5000,21.3022,0,0.0000,1.0000
2004-02-05,29.2500,29.5000,29.0500,29.5000,21.3022,2900,0.0000,1.0000
2004-02-04,29.2500,29.2500,29.2500,29.2500,21.1217,600,0.0000,1.0000
2004-02-03,29.2500,29.7500,29.2500,29.7500,21.4827,2900,0.0000,1.0000
2004-02-02,29.5000,29.5000,29.2500,29.2500,21.1217,1800,0.0000,1.0000
2004-01-30,29.5000,29.5000,29.5000,29.5000,21.3022,0,0.0000,1.0000
2004-01-29,29.5000,29.5000,29.5000,29.5000,21.3022,0,0.0000,1.0000
2004-01-28,29.5000,29.5000,29.5000,29.5000,21.3022,1600,0.0000,1.0000
2004-01-27,29.2500,29.2500,29.2500,29.2500,21.1217,100,0.0000,1.0000
2004-01-26,29.2500,29.2500,29.2500,29.2500,21.1217,0,0.0000,1.0000
2004-01-23,30.2500,30.2500,29.2500,29.2500,21.1217,700,0.0000,1.0000
2004-01-22,30.0000,30.0000,30.0000,30.0000,21.6632,0,0.0000,1.0000
2004-01-21,29.7500,30.0000,29.7500,30.0000,21.6632,500,0.0000,1.0000
2004-01-20,29.5000,29.5000,29.5000,29.5000,21.3022,0,0.0000,1.0000
2004-01-16,29.5000,29.5000,29.5000,29.5000,21.3022,0,0.0000,1.0000
2004-01-15,29.5000,29.5000,29.5000,29.5000,21.3022,0,0.0000,1.0000
2004-01-14,29.5000,29.5000,29.5000,29.5000,21.3022,300,0.0000,1.0000
2004-01-13,29.2500,29.2500,29.2500,29.2500,21.1217,0,0.0000,1.0000
2004-01-12,29.2500,29.2500,29.2500,29.2500,21.1217,0,0.0000,1.0000
2004-01-09,29.5000,29.5000,29.2500,29.2500,21.1217,1300,0.0000,1.0000
2004-01-08,29.2500,29.2500,29.2500,29.2500,21.1217,0,0.0000,1.0000
2004-01-07,29.2500,29.2500,29.2500,29.2500,21.1217,0,0.0000,1.0000
2004-01-06,29.2500,29.2500,29.2500,29.2500,21.1217,0,0.0000,1.0000
2004-01-05,29.2500,29.2500,29.2500,29.2500,21.1217,0,0.0000,1.0000
2004-01-02,29.2500,29.2500,29.2500,29.2500,21.1217,700,0.0000,1.0000
2003-12-31,29.0000,30.5000,29.0000,30.5000,22.0243,700,0.0000,1.0000
2003-12-30,30.5000,30.5500,29.5000,29.5000,21.3022,1900,0.0000,1.0000
2003-12-29,32.0000,33.5000,30.5000,30.5000,22.0243,900,0.0000,1.0000
2003-12-26,29.7500,36.0000,29.4000,34.2500,24.7322,3400,0.0000,1.0000
2003-12-24,26.7000,26.7000,26.7000,26.7000,19.2803,0,0.0000,1.0000
2003-12-23,26.7000,26.7000,26.7000,26.7000,19.2803,0,0.0000,1.0000
2003-12-22,26.7000,26.7000,26.7000,26.7000,19.2803,0,0.0000,1.0000
2003-12-19,26.7000,26.7000,26.7000,26.7000,19.2803,0,0.0000,1.0000
2003-12-18,26.7000,26.7000,26.7000,26.7000,19.2803,300,0.0000,1.0000
2003-12-17,29.7500,29.7500,29.7500,29.7500,21.4827,0,0.0000,1.0000
2003-12-16,27.2500,29.7500,27.2500,29.7500,21.4827,200,0.0000,1.0000
2003-12-15,29.0000,29.0000,29.0000,29.0000,20.9411,300,0.0000,1.0526
2003-12-12,30.0000,30.0000,30.0000,30.0000,20.5801,300,0.0000,1.0000
2003-12-11,28.8000,29.2500,28.8000,29.2500,20.0656,700,0.0000,1.0000
2003-12-10,29.1000,29.1000,28.8000,28.9200,19.8392,7100,0.0000,1.0000
2003-12-09,28.8000,28.8000,28.8000,28.8000,19.7569,1400,0.0000,1.0000
2003-12-08,28.8500,28.8500,28.8500,28.8500,19.7912,0,0.1300,1.0000
2003-12-05,28.8500,28.8500,28.8500,28.8500,19.7024,0,0.0000,1.0000
2003-12-04,28.8500,28.8500,28.8500,28.8500,19.7024,10000,0.0000,1.0000
2003-12-03,28.8500,28.8500,28.8000,28.8000,19.6683,200,0.0000,1.0000
2003-12-02,29.1000,29.1000,29.1000,29.1000,19.8731,0,0.0000,1.0000
2003-12-01,29.1000,29.1000,29.1000,29.1000,19.8731,0,0.0000,1.0000
2003-11-28,29.1000,29.1000,29.1000,29.1000,19.8731,0,0.0000,1.0000
2003-11-26,29.1000,29.1000,29.1000,29.1000,19.8731,0,0.0000,1.0000
2003-11-25,29.1000,29.1000,29.1000,29.1000,19.8731,0,0.0000,1.0000
2003-11-24,29.1000,29.1000,29.1000,29.1000,19.8731,300,0.0000,1.0000
2003-11-21,29.0000,29.5000,29.0000,29.1484,19.9062,2300,0.0000,1.0000
2003-11-20,30.0000,30.0000,29.0000,29.0000,19.8048,700,0.0000,1.0000
2003-11-19,29.0000,29.0000,29.0000,29.0000,19.8048,1500,0.0000,1.0000
2003-11-18,29.0000,29.0000,29.0000,29.0000,19.8048,0,0.0000,1.0000
2003-11-17,29.0000,29.0000,29.0000,29.0000,19.8048,0,0.0000,1.0000
2003-11-14,29.0000,29.0000,29.0000,29.0000,19.8048,400,0.0000,1.0000
2003-11-13,29.0000,29.0000,29.0000,29.0000,19.8048,300,0.0000,1.0000
2003-11-12,29.2500,29.2500,29.2500,29.2500,19.9756,2400,0.0000,1.0000
2003-11-11,29.0000,30.0000,29.0000,30.0000,20.4878,2300,0.0000,1.0000
2003-11-10,29.5000,29.5000,29.5000,29.5000,20.1463,0,0.0000,1.0000
2003-11-07,29.5000,29.5000,29.5000,29.5000,20.1463,0,0.0000,1.0000
2003-11-06,28.7500,29.5000,28.7500,29.5000,20.1463,1800,0.0000,1.0000
2003-11-05,29.5000,30.0000,29.2383,30.0000,20.4878,2400,0.0000,1.0000
2003-11-04,29.5000,29.5000,29.5000,29.5000,20.1463,0,0.0000,1.0000
2003-11-03,27.1016,29.5000,27.1016,29.5000,20.1463,600,0.0000,1.0000
2003-10-31,26.5000,27.0000,26.5000,26.9800,18.4253,800,0.0000,1.0000
2003-10-30,25.5500,25.5500,25.5500,25.5500,17.4487,0,0.0000,1.0000
2003-10-29,25.5500,25.5500,25.5500,25.5500,17.4487,800,0.0000,1.0000
2003-10-28,25.5000,25.5000,25.5000,25.5000,17.4146,200,0.0000,1.0000
2003-10-27,25.5000,25.5000,25.5000,25.5000,17.4146,100,0.0000,1.0000
2003-10-24,25.5000,25.5000,25.5000,25.5000,17.4146,100,0.0000,1.0000
2003-10-23,26.0000,26.0000,26.0000,26.0000,17.7561,1000,0.0000,1.0000
2003-10-22,25.5000,25.5000,25.5000,25.5000,17.4146,200,0.0000,1.0000
2003-10-21,25.0586,25.0586,25.0508,25.0508,17.1078,800,0.0000,1.0000
2003-10-20,25.1211,25.1211,25.1211,25.1211,17.1558,0,0.0000,1.0000
2003-10-17,25.1211,25.1211,25.1211,25.1211,17.1558,0,0.0000,1.0000
2003-10-16,25.1211,25.1211,25.1211,25.1211,17.1558,0,0.0000,1.0000
2003-10-15,25.1211,25.1211,25.1211,25.1211,17.1558,0,0.0000,1.0000
2003-10-14,24.7500,25.1211,24.7500,25.1211,17.1558,1300,0.0000,1.0000
2003-10-13,24.6484,24.6484,24.6484,24.6484,16.8330,200,0.0000,1.0000
2003-10-10,24.7500,24.7500,24.5508,24.5508,16.7664,400,0.0000,1.0000
2003-10-09,24.0000,24.0000,24.0000,24.0000,16.3902,0,0.0000,1.0000
2003-10-08,24.0000,24.0000,24.0000,24.0000,16.3902,200,0.0000,1.0000
2003-10-07,24.0000,24.0000,24.0000,24.0000,16.3902,600,0.0000,1.0000
2003-10-06,24.0000,24.0000,24.0000,24.0000,16.3902,100,0.0000,1.0000
2003-10-03,24.5000,24.5000,24.5000,24.5000,16.7317,0,0.0000,1.0000
2003-10-02,24.5000,24.5000,24.5000,24.5000,16.7317,0,0.0000,1.0000
2003-10-01,24.5000,24.5000,24.5000,24.5000,16.7317,0,0.0000,1.0000
2003-09-30,24.5000,24.5000,24.5000,24.5000,16.7317,0,0.0000,1.0000
2003-09-29,24.5000,24.5000,24.5000,24.5000,16.7317,0,0.0000,1.0000
2003-09-26,24.0000,24.5000,23.5000,24.5000,16.7317,10400,0.0000,1.0000
2003-09-25,24.0000,24.0000,24.0000,24.0000,16.3902,0,0.0000,1.0000
2003-09-24,24.0000,24.0000,24.0000,24.0000,16.3902,300,0.0000,1.0000
2003-09-23,24.5000,25.0000,24.5000,25.0000,17.0731,700,0.0000,1.0000
2003-09-22,23.5000,24.5000,23.5000,24.5000,16.7317,3900,0.0000,1.0000
2003-09-19,23.5000,23.5000,23.5000,23.5000,16.0487,0,0.0000,1.0000
2003-09-18,23.5000,23.5000,23.5000,23.5000,16.0487,100,0.0000,1.0000
2003-09-17,23.6992,23.6992,23.6992,23.6992,16.1848,0,0.0000,1.0000
2003-09-16,23.6992,23.6992,23.6992,23.6992,16.1848,0,0.0000,1.0000
2003-09-15,23.6992,23.6992,23.6992,23.6992,16.1848,0,0.0000,1.0000
2003-09-12,23.7500,23.7500,23.6992,23.6992,16.1848,1600,0.0000,1.0000
2003-09-11,23.3516,23.3516,23.3516,23.3516,15.9474,1500,0.0000,1.0000
2003-09-10,23.9500,23.9500,23.3000,23.4000,15.9805,2500,0.0000,1.0000
2003-09-09,23.3000,23.3000,23.3000,23.3000,15.9122,0,0.0000,1.0000
2003-09-08,23.3000,23.3000,23.3000,23.3000,15.9122,700,0.1300,1.0000
2003-09-05,23.3008,23.3008,23.3008,23.3008,15.8244,0,0.0000,1.0000
2003-09-04,23.3008,23.3008,23.3008,23.3008,15.8244,5700,0.0000,1.0000
2003-09-03,23.2500,23.2500,23.2500,23.2500,15.7899,0,0.0000,1.0000
2003-09-02,23.2500,23.2500,23.2500,23.2500,15.7899,0,0.0000,1.0000
2003-08-29,23.2500,23.2500,23.2500,23.2500,15.7899,0,0.0000,1.0000
2003-08-28,23.2500,23.2500,23.2500,23.2500,15.7899,0,0.0000,1.0000
2003-08-27,23.2500,23.2500,23.2500,23.2500,15.7899,400,0.0000,1.0000
2003-08-26,23.3000,23.3000,23.3000,23.3000,15.8239,200,0.0000,1.0000
2003-08-25,23.5000,23.5000,23.5000,23.5000,15.9597,0,0.0000,1.0000
2003-08-22,23.5000,23.5000,23.5000,23.5000,15.9597,0,0.0000,1.0000
2003-08-21,23.5000,23.5000,23.5000,23.5000,15.9597,0,0.0000,1.0000
2003-08-20,23.5000,23.5000,23.5000,23.5000,15.9597,0,0.0000,1.0000
2003-08-19,23.5000,23.5000,23.5000,23.5000,15.9597,0,0.0000,1.0000
2003-08-18,23.5000,23.5000,23.5000,23.5000,15.9597,0,0.0000,1.0000
2003-08-15,23.5000,23.5000,23.5000,23.5000,15.9597,0,0.0000,1.0000
2003-08-14,23.5000,23.5000,23.5000,23.5000,15.9597,0,0.0000,1.0000
2003-08-13,23.5000,23.5000,23.5000,23.5000,15.9597,0,0.0000,1.0000
2003-08-12,23.5000,23.5000,23.5000,23.5000,15.9597,0,0.0000,1.0000
2003-08-11,23.5000,23.5000,23.5000,23.5000,15.9597,0,0.0000,1.0000
2003-08-08,23.5000,23.5000,23.5000,23.5000,15.9597,0,0.0000,1.0000
2003-08-07,23.5000,23.5000,23.5000,23.5000,15.9597,0,0.0000,1.0000
2003-08-06,23.5000,23.5000,23.5000,23.5000,15.9597,0,0.0000,1.0000
2003-08-05,23.5000,23.5000,23.5000,23.5000,15.9597,0,0.0000,1.0000
2003-08-04,23.5000,23.5000,23.5000,23.5000,15.9597,0,0.0000,1.0000
2003-08-01,23.8984,23.8984,23.5000,23.5000,15.9597,11300,0.0000,1.0000
2003-07-31,24.0000,24.0000,23.6500,23.6500,16.0616,1200,0.0000,1.0000
2003-07-30,23.7000,23.7000,23.7000,23.7000,16.0955,400,0.0000,1.0000
2003-07-29,23.7000,23.7000,23.7000,23.7000,16.0955,0,0.0000,1.0000
2003-07-28,23.7000,23.7000,23.7000,23.7000,16.0955,0,0.0000,1.0000
2003-07-25,23.7000,23.7000,23.7000,23.7000,16.0955,0,0.0000,1.0000
2003-07-24,23.7000,23.7000,23.7000,23.7000,16.0955,200,0.0000,1.0000
2003-07-23,23.6484,23.6484,23.6484,23.6484,16.0605,0,0.0000,1.0000
2003-07-22,23.6484,23.6484,23.6484,23.6484,16.0605,0,0.0000,1.0000
2003-07-21,23.6484,23.6484,23.6484,23.6484,16.0605,0,0.0000,1.0000
2003-07-18,23.6484,23.6484,23.6484,23.6484,16.0605,0,0.0000,1.0000
2003-07-17,23.6484,23.6484,23.6484,23.6484,16.0605,0,0.0000,1.0000
2003-07-16,23.6484,23.6484,23.6484,23.6484,16.0605,0,0.0000,1.0000
2003-07-15,23.6484,23.6484,23.6484,23.6484,16.0605,300,0.0000,1.0000
2003-07-14,23.6484,23.6484,23.6484,23.6484,16.0605,200,0.0000,1.0000
2003-07-11,23.6500,23.6500,23.6500,23.6500,16.0616,0,0.0000,1.0000
2003-07-10,23.6500,23.6500,23.6500,23.6500,16.0616,200,0.0000,1.0000
2003-07-09,23.8000,23.8000,23.8000,23.8000,16.1634,0,0.0000,1.0000
2003-07-08,23.8000,23.8000,23.8000,23.8000,16.1634,0,0.0000,1.0000
2003-07-07,23.8000,23.8000,23.8000,23.8000,16.1634,0,0.0000,1.0000
2003-07-03,23.8000,23.8000,23.8000,23.8000,16.1634,0,0.0000,1.0000
2003-07-02,23.8000,23.8000,23.8000,23.8000,16.1634,0,0.0000,1.0000
2003-07-01,23.8000,23.8000,23.8000,23.8000,16.1634,0,0.0000,1.0000
2003-06-30,23.8000,23.8000,23.8000,23.8000,16.1634,0,0.0000,1.0000
2003-06-27,23.8000,23.8000,23.8000,23.8000,16.1634,11800,0.0000,1.0000
2003-06-26,23.3500,23.5500,23.3500,23.5500,15.9937,30000,0.0000,1.0000
2003-06-25,23.8500,23.8500,23.8500,23.8500,16.1974,1800,0.0000,1.0000
2003-06-24,23.7500,23.7500,23.3500,23.3500,15.8578,23800,0.0000,1.0000
2003-06-23,23.6500,23.6500,23.6500,23.6500,16.0616,1900,0.0000,1.0000
2003-06-20,23.6484,23.6484,23.6484,23.6484,16.0605,0,0.0000,1.0000
2003-06-19,23.6484,23.6484,23.6484,23.6484,16.0605,0,0.0000,1.0000
2003-06-18,23.6484,23.6484,23.6484,23.6484,16.0605,0,0.0000,1.0000
2003-06-17,23.6484,23.6484,23.6484,23.6484,16.0605,0,0.0000,1.0000
2003-06-16,23.6484,23.6484,23.6484,23.6484,16.0605,200,0.0000,1.0000
2003-06-13,24.0508,24.2500,24.0508,24.2500,16.4691,800,0.0000,1.0000
2003-06-12,23.7500,23.7500,23.7500,23.7500,16.1295,0,0.0000,1.0000
2003-06-11,23.6484,23.7500,23.6484,23.7500,16.1295,2100,0.0000,1.0000
2003-06-10,23.6000,23.6000,23.6000,23.6000,16.0276,0,0.0000,1.0000
2003-06-09,23.6016,23.6016,23.6016,23.6016,16.0287,100,0.0000,1.0000
2003-06-06,24.2500,24.2500,24.2500,24.2500,16.4691,0,0.1300,1.0000
2003-06-05,24.2500,24.2500,24.2500,24.2500,16.3812,0,0.0000,1.0000
2003-06-04,24.2500,24.2500,24.2500,24.2500,16.3812,0,0.0000,1.0000
2003-06-03,24.0000,24.2500,24.0000,24.2500,16.3812,900,0.0000,1.0000
2003-06-02,23.6000,24.0000,23.6000,24.0000,16.2124,300,0.0000,1.0000
2003-05-30,23.7500,23.7500,23.7500,23.7500,16.0435,2000,0.0000,1.0000
2003-05-29,23.8000,24.0000,23.8000,24.0000,16.2124,2000,0.0000,1.0000
2003-05-28,23.5508,24.0000,23.5508,24.0000,16.2124,1200,0.0000,1.0000
2003-05-27,24.0000,24.0000,24.0000,24.0000,16.2124,600,0.0000,1.0000
2003-05-23,23.5000,24.0000,23.5000,24.0000,16.2124,1000,0.0000,1.0000
2003-05-22,23.2500,23.2500,23.2500,23.2500,15.7057,0,0.0000,1.0000
2003-05-21,23.2500,23.2500,23.2500,23.2500,15.7057,0,0.0000,1.0000
2003-05-20,23.2500,23.2500,23.2500,23.2500,15.7057,500,0.0000,1.0000
2003-05-19,23.0508,23.0508,23.0508,23.0508,15.5712,0,0.0000,1.0000
2003-05-16,23.0508,23.0508,23.0508,23.0508,15.5712,0,0.0000,1.0000
2003-05-15,23.0508,23.0508,23.0508,23.0508,15.5712,200,0.0000,1.0000
2003-05-14,23.1016,23.5000,23.1016,23.5000,15.8746,1200,0.0000,1.0000
2003-05-13,23.2800,23.5000,23.2800,23.5000,15.8746,1100,0.0000,1.0000
2003-05-12,23.5000,23.5000,23.5000,23.5000,15.8746,0,0.0000,1.0000
2003-05-09,23.5000,23.5000,23.5000,23.5000,15.8746,200,0.0000,1.0000
2003-05-08,23.0000,23.0000,23.0000,23.0000,15.5368,0,0.0000,1.0000
2003-05-07,23.0000,23.0000,23.0000,23.0000,15.5368,0,0.0000,1.0000
2003-05-06,23.0000,23.0000,23.0000,23.0000,15.5368,200,0.0000,1.0000
2003-05-05,22.7500,22.7500,22.7500,22.7500,15.3680,0,0.0000,1.0000
2003-05-02,22.7500,22.7500,22.7500,22.7500,15.3680,1100,0.0000,1.0000
2003-05-01,22.7500,22.7500,22.7500,22.7500,15.3680,0,0.0000,1.0000
2003-04-30,22.7500,22.7500,22.7500,22.7500,15.3680,0,0.0000,1.0000
2003-04-29,22.7500,22.7500,22.7500,22.7500,15.3680,200,0.0000,1.0000
2003-04-28,22.8750,22.8750,22.8750,22.8750,15.4524,0,0.0000,1.0000
2003-04-25,22.7500,22.8750,22.7500,22.8750,15.4524,11700,0.0000,1.0000
2003-04-24,23.5000,23.5000,23.5000,23.5000,15.8746,0,0.0000,1.0000
2003-04-23,22.6484,23.5000,22.6484,23.5000,15.8746,700,0.0000,1.0000
2003-04-22,23.3984,23.3984,23.3984,23.3984,15.8060,3500,0.0000,1.0000
2003-04-21,22.6484,22.8516,22.6484,22.8516,15.4366,1000,0.0000,1.0000
2003-04-17,22.6500,22.6500,22.6500,22.6500,15.3004,0,0.0000,1.0000
2003-04-16,22.6484,22.6484,22.6484,22.6484,15.2993,100,0.0000,1.0000
2003-04-15,23.2500,23.2500,23.2500,23.2500,15.7057,0,0.0000,1.0000
2003-04-14,23.2500,23.2500,23.2500,23.2500,15.7057,0,0.0000,1.0000
2003-04-11,23.2500,23.2500,23.2500,23.2500,15.7057,400,0.0000,1.0000
2003-04-10,22.5000,22.5000,22.5000,22.5000,15.1991,0,0.0000,1.0000
2003-04-09,22.5000,22.5000,22.5000,22.5000,15.1991,0,0.0000,1.0000
2003-04-08,22.5000,22.5000,22.5000,22.5000,15.1991,0,0.0000,1.0000
2003-04-07,23.2500,23.2500,22.5000,22.5000,15.1991,600,0.0000,1.0000
2003-04-04,22.5000,22.5000,22.5000,22.5000,15.1991,0,0.0000,1.0000
2003-04-03,22.5000,22.5000,22.5000,22.5000,15.1991,300,0.0000,1.0000
2003-04-02,23.0000,23.0000,23.0000,23.0000,15.5368,200,0.0000,1.0000
2003-04-01,22.5000,22.5000,22.5000,22.5000,15.1991,0,0.0000,1.0000
2003-03-31,22.5000,22.5000,22.5000,22.5000,15.1991,0,0.0000,1.0000
2003-03-28,22.5000,22.5000,22.5000,22.5000,15.1991,0,0.0000,1.0000
2003-03-27,22.5000,22.5000,22.5000,22.5000,15.1991,100,0.0000,1.0000
2003-03-26,22.2500,22.2500,22.2500,22.2500,15.0302,1000,0.0000,1.0000
2003-03-25,22.0500,22.0500,22.0500,22.0500,14.8951,0,0.0000,1.0000
2003-03-24,22.0500,22.0500,22.0500,22.0500,14.8951,0,0.0000,1.0000
2003-03-21,22.0500,22.0500,22.0500,22.0500,14.8951,0,0.0000,1.0000
2003-03-20,22.0500,22.0500,22.0500,22.0500,14.8951,0,0.0000,1.0000
2003-03-19,22.0500,22.0500,22.0500,22.0500,14.8951,0,0.0000,1.0000
2003-03-18,22.0500,22.0500,22.0500,22.0500,14.8951,0,0.0000,1.0000
2003-03-17,22.0500,22.0500,22.0500,22.0500,14.8951,300,0.0000,1.0000
2003-03-14,23.0000,23.0000,23.0000,23.0000,15.5368,200,0.0000,1.0000
2003-03-13,23.0000,23.0000,21.7500,23.0000,15.5368,5600,0.0000,1.0000
2003-03-12,21.7500,22.2500,21.7500,22.0000,14.8613,5200,0.0000,1.0000
2003-03-11,22.0000,22.0000,22.0000,22.0000,14.8613,0,0.0000,1.0000
2003-03-10,22.0000,22.0000,22.0000,22.0000,14.8613,0,0.0000,1.0000
2003-03-07,22.0000,22.0000,22.0000,22.0000,14.8613,0,0.0000,1.0000
2003-03-06,22.0000,22.0000,22.0000,22.0000,14.8613,0,0.1300,1.0000
2003-03-05,22.0000,22.0000,22.0000,22.0000,14.7740,500,0.0000,1.0000
2003-03-04,21.7500,21.7500,21.7500,21.7500,14.6061,100,0.0000,1.0000
2003-03-03,21.7500,22.0500,21.7500,21.7500,14.6061,1400,0.0000,1.0000
2003-02-28,21.7500,22.0000,21.7500,22.0000,14.7740,800,0.0000,1.0000
2003-02-27,21.7500,21.7500,21.7500,21.7500,14.6061,0,0.0000,1.0000
2003-02-26,21.7500,21.7500,21.7500,21.7500,14.6061,300,0.0000,1.0000
2003-02-25,22.5000,22.5000,22.5000,22.5000,15.1098,0,0.0000,1.0000
2003-02-24,22.5000,22.5000,22.5000,22.5000,15.1098,0,0.0000,1.0000
2003-02-21,22.5000,22.5000,22.5000,22.5000,15.1098,0,0.0000,1.0000
2003-02-20,21.7500,22.5000,21.7500,22.5000,15.1098,27500,0.0000,1.0000
2003-02-19,21.7500,21.7500,21.7500,21.7500,14.6061,800,0.0000,1.0000
2003-02-18,21.5000,21.5000,21.5000,21.5000,14.4383,0,0.0000,1.0000
2003-02-14,23.0000,23.0000,21.5000,21.5000,14.4383,800,0.0000,1.0000
2003-02-13,21.7500,22.0000,21.7500,22.0000,14.7740,1000,0.0000,1.0000
2003-02-12,21.7500,21.7500,21.7500,21.7500,14.6061,700,0.0000,1.0000
2003-02-11,22.2500,22.2500,22.2500,22.2500,14.9419,0,0.0000,1.0000
2003-02-10,22.2500,22.2500,22.2500,22.2500,14.9419,0,0.0000,1.0000
2003-02-07,22.2500,22.2500,22.2500,22.2500,14.9419,0,0.0000,1.0000
2003-02-06,22.2500,22.2500,22.2500,22.2500,14.9419,0,0.0000,1.0000
2003-02-05,22.2500,22.2500,22.2500,22.2500,14.9419,0,0.0000,1.0000
2003-02-04,22.2500,22.2500,22.2500,22.2500,14.9419,200,0.0000,1.0000
2003-02-03,21.9000,21.9000,21.9000,21.9000,14.7069,0,0.0000,1.0000
2003-01-31,21.9000,21.9000,21.9000,21.9000,14.7069,0,0.0000,1.0000
2003-01-30,21.9000,21.9000,21.9000,21.9000,14.7069,0,0.0000,1.0000
2003-01-29,22.0000,22.4000,21.9000,21.9000,14.7069,1800,0.0000,1.0000
2003-01-28,22.0000,22.4000,21.9000,21.9000,14.7069,1800,0.0000,1.0000
2003-01-27,22.0000,22.4000,22.0000,22.4000,15.0426,700,0.0000,1.0000
2003-01-24,20.8500,20.8500,20.8500,20.8500,14.0017,0,0.0000,1.0000
2003-01-23,20.8500,20.8500,20.8500,20.8500,14.0017,900,0.0000,1.0000
2003-01-22,20.8500,20.8500,20.8500,20.8500,14.0017,700,0.0000,1.0000
2003-01-21,21.7400,21.7400,21.7400,21.7400,14.5994,0,0.0000,1.0000
2003-01-17,21.7500,21.7500,21.7400,21.7400,14.5994,800,0.0000,1.0000
2003-01-16,21.2500,21.2500,21.2500,21.2500,14.2704,0,0.0000,1.0000
2003-01-15,21.2500,21.2500,21.2500,21.2500,14.2704,0,0.0000,1.0000
2003-01-14,21.1016,21.2500,21.0000,21.2500,14.2704,1600,0.0000,1.0000
2003-01-13,20.7000,21.2500,20.7000,21.2500,14.2704,3400,0.0000,1.0000
2003-01-10,20.7000,20.7000,20.7000,20.7000,13.9010,0,0.0000,1.0000
2003-01-09,20.7000,20.7000,20.7000,20.7000,13.9010,0,0.0000,1.0000
2003-01-08,20.7000,20.7000,20.7000,20.7000,13.9010,0,0.0000,1.0000
2003-01-07,20.7000,20.7000,20.7000,20.7000,13.9010,0,0.0000,1.0000
2003-01-06,20.7000,20.8200,20.7000,20.7000,13.9010,700,0.0000,1.0000
2003-01-03,20.7000,20.7000,20.7000,20.7000,13.9010,0,0.0000,1.0000
2003-01-02,20.7000,20.7000,20.7000,20.7000,13.9010,1000,0.0000,1.0000
2002-12-31,20.7000,20.7000,20.7000,20.7000,13.9010,1000,0.0000,1.0000
2002-12-30,20.7000,20.8500,20.7000,20.8500,14.0017,600,0.0000,1.0000
2002-12-27,21.0000,21.0000,21.0000,21.0000,14.1025,0,0.0000,1.0000
2002-12-26,21.0500,21.1500,21.0000,21.0000,14.1025,1500,0.0000,1.0000
2002-12-24,21.3000,21.3000,21.3000,21.3000,14.3039,0,0.0000,1.0000
2002-12-23,21.3000,21.3000,21.3000,21.3000,14.3039,0,0.0000,1.0000
2002-12-20,22.5000,22.5000,21.3000,21.3000,14.3039,2200,0.0000,1.0000
2002-12-19,21.0000,21.0000,21.0000,21.0000,14.1025,0,0.0000,1.0000
2002-12-18,21.0000,21.0000,21.0000,21.0000,14.1025,100,0.0000,1.0000
2002-12-17,22.5000,22.5000,22.5000,22.5000,15.1098,200,0.0000,1.0000
2002-12-16,22.2000,22.2000,22.2000,22.2000,14.9083,0,0.0000,1.0000
2002-12-13,22.2000,22.2000,22.2000,22.2000,14.9083,100,0.0000,1.0000
2002-12-12,22.0000,22.2000,22.0000,22.2000,14.9083,200,0.0000,1.0000
2002-12-11,22.2000,22.2000,22.2000,22.2000,14.9083,100,0.0000,1.0000
2002-12-10,21.8000,21.8000,21.8000,21.8000,14.6397,200,0.0000,1.0000
2002-12-09,21.8000,21.8000,21.8000,21.8000,14.6397,0,0.0000,1.0000
2002-12-06,21.8000,21.8000,21.8000,21.8000,14.6397,100,0.1300,1.0000
2002-12-05,21.8000,21.8000,21.8000,21.8000,14.5529,0,0.0000,1.0000
2002-12-04,21.8000,21.9000,21.8000,21.8000,14.5529,2500,0.0000,1.0000
2002-12-03,21.8000,21.8000,21.8000,21.8000,14.5529,0,0.0000,1.0000
2002-12-02,21.8000,21.8000,21.8000,21.8000,14.5529,0,0.0000,1.0000
2002-11-29,21.8000,21.8000,21.8000,21.8000,14.5529,0,0.0000,1.0000
2002-11-27,21.8000,21.8000,21.8000,21.8000,14.5529,0,0.0000,1.0000
2002-11-26,21.8000,21.8000,21.8000,21.8000,14.5529,100,0.0000,1.0000
2002-11-25,21.8000,21.8000,21.8000,21.8000,14.5529,0,0.0000,1.0000
2002-11-22,21.8000,21.8000,21.8000,21.8000,14.5529,200,0.0000,1.0000
2002-11-21,22.0000,22.0000,22.0000,22.0000,14.6864,0,0.0000,1.0000
2002-11-20,22.0000,22.1000,22.0000,22.0000,14.6864,2000,0.0000,1.0000
2002-11-19,21.9000,21.9000,21.9000,21.9000,14.6197,200,0.0000,1.0000
2002-11-18,21.9000,21.9000,21.9000,21.9000,14.6197,0,0.0000,1.0000
2002-11-15,21.8000,21.9000,21.8000,21.9000,14.6197,2000,0.0000,1.0000
2002-11-14,22.0000,22.0000,22.0000,22.0000,14.6864,0,0.0000,1.0000
2002-11-13,22.0000,22.0000,22.0000,22.0000,14.6864,12200,0.0000,1.0000
2002-11-12,21.9000,21.9000,21.9000,21.9000,14.6197,7700,0.0000,1.0000
2002-11-11,22.0000,22.0000,22.0000,22.0000,14.6864,200,0.0000,1.0000
2002-11-08,21.9000,21.9000,21.9000,21.9000,14.6197,2000,0.0000,1.0000
2002-11-07,22.0000,22.0000,22.0000,22.0000,14.6864,1000,0.0000,1.0000
2002-11-06,21.8000,21.8000,21.8000,21.8000,14.5529,0,0.0000,1.0000
2002-11-05,21.8000,21.8000,21.8000,21.8000,14.5529,0,0.0000,1.0000
2002-11-04,22.0000,22.0000,21.8000,21.8000,14.5529,600,0.0000,1.0000
2002-11-01,22.0000,22.0000,22.0000,22.0000,14.6864,1000,0.0000,1.0000
2002-10-31,22.0000,22.0000,22.0000,22.0000,14.6864,0,0.0000,1.0000
2002-10-30,22.0000,22.0000,22.0000,22.0000,14.6864,0,0.0000,1.0000
2002-10-29,22.0000,22.0000,22.0000,22.0000,14.6864,0,0.0000,1.0000
2002-10-28,22.0000,22.0000,22.0000,22.0000,14.6864,0,0.0000,1.0000
2002-10-25,22.0000,22.0000,22.0000,22.0000,14.6864,0,0.0000,1.0000
2002-10-24,22.0000,22.0000,22.0000,22.0000,14.6864,0,0.0000,1.0000
2002-10-23,22.0000,22.0000,22.0000,22.0000,14.6864,200,0.0000,1.0000
2002-10-22,21.9500,22.0000,21.8500,21.8500,14.5863,5400,0.0000,1.0000
2002-10-21,21.9000,21.9000,21.9000,21.9000,14.6197,0,0.0000,1.0000
2002-10-18,21.9000,21.9000,21.9000,21.9000,14.6197,1000,0.0000,1.0000
2002-10-17,22.0000,22.0000,21.9000,21.9000,14.6197,1700,0.0000,1.0000
2002-10-16,21.8000,22.0000,21.8000,21.9000,14.6197,4600,0.0000,1.0000
2002-10-15,21.8000,21.8000,21.8000,21.8000,14.5529,1900,0.0000,1.0000
2002-10-14,21.8000,21.8000,21.8000,21.8000,14.5529,0,0.0000,1.0000
2002-10-11,21.8000,21.8000,21.8000,21.8000,14.5529,0,0.0000,1.0000
2002-10-10,21.8000,21.8000,21.8000,21.8000,14.5529,0,0.0000,1.0000
2002-10-09,21.8000,21.8000,21.8000,21.8000,14.5529,700,0.0000,1.0000
2002-10-08,22.0000,22.0000,22.0000,22.0000,14.6864,0,0.0000,1.0000
2002-10-07,21.8000,22.0000,21.8000,22.0000,14.6864,8300,0.0000,1.0000
2002-10-04,22.0000,22.0000,21.9500,21.9500,14.6531,1500,0.0000,1.0000
2002-10-03,21.8000,21.8000,21.8000,21.8000,14.5529,0,0.0000,1.0000
2002-10-02,21.8000,21.8000,21.8000,21.8000,14.5529,2400,0.0000,1.0000
2002-10-01,21.8000,21.8000,21.8000,21.8000,14.5529,0,0.0000,1.0000
2002-09-30,21.8000,22.1000,21.8000,21.8000,14.5529,1200,0.0000,1.0000
2002-09-27,21.8000,21.8000,21.8000,21.8000,14.5529,0,0.0000,1.0000
2002-09-26,21.8000,21.8000,21.8000,21.8000,14.5529,0,0.0000,1.0000
2002-09-25,21.8000,21.8000,21.8000,21.8000,14.5529,100,0.0000,1.0000
2002-09-24,22.2500,22.2500,22.2500,22.2500,14.8533,0,0.0000,1.0000
2002-09-23,22.2500,22.2500,22.2500,22.2500,14.8533,100,0.0000,1.0000
2002-09-20,22.0000,22.0000,22.0000,22.0000,14.6864,0,0.0000,1.0000
2002-09-19,22.0000,22.0000,22.0000,22.0000,14.6864,300,0.0000,1.0000
2002-09-18,22.2500,22.2500,22.2500,22.2500,14.8533,0,0.0000,1.0000
2002-09-17,22.2500,22.2500,22.2500,22.2500,14.8533,0,0.0000,1.0000
2002-09-16,22.2500,22.2500,22.2500,22.2500,14.8533,0,0.0000,1.0000
2002-09-13,22.2500,22.2500,22.2500,22.2500,14.8533,200,0.0000,1.0000
2002-09-12,21.8000,21.8000,21.8000,21.8000,14.5529,200,0.0000,1.0000
2002-09-11,22.4500,22.4500,22.4500,22.4500,14.9869,0,0.0000,1.0000
2002-09-10,22.4500,22.4500,22.4500,22.4500,14.9869,0,0.0000,1.0000
2002-09-09,22.4500,22.4500,22.4500,22.4500,14.9869,0,0.0000,1.0000
2002-09-06,22.4500,22.4500,22.4500,22.4500,14.9869,0,0.1300,1.0000
2002-09-05,22.4500,22.4500,22.4500,22.4500,14.9006,0,0.0000,1.0000
2002-09-04,22.4500,22.4500,22.4500,22.4500,14.9006,0,0.0000,1.0000
2002-09-03,22.4500,22.4500,22.4500,22.4500,14.9006,200,0.0000,1.0000
2002-08-30,21.8000,21.8000,21.8000,21.8000,14.4691,1000,0.0000,1.0000
2002-08-29,22.2500,22.2500,22.2500,22.2500,14.7678,0,0.0000,1.0000
2002-08-28,22.2500,22.2500,22.2500,22.2500,14.7678,0,0.0000,1.0000
2002-08-27,22.2500,22.2500,22.2500,22.2500,14.7678,0,0.0000,1.0000
2002-08-26,22.2500,22.2500,22.2500,22.2500,14.7678,0,0.0000,1.0000
2002-08-23,22.2500,22.2500,22.2500,22.2500,14.7678,0,0.0000,1.0000
2002-08-22,22.2500,22.2500,22.2500,22.2500,14.7678,0,0.0000,1.0000
2002-08-21,22.2500,22.2500,22.2500,22.2500,14.7678,1200,0.0000,1.0000
2002-08-20,22.2500,22.2500,22.2500,22.2500,14.7678,0,0.0000,1.0000
2002-08-19,21.8000,22.2500,21.8000,22.2500,14.7678,3400,0.0000,1.0000
2002-08-16,22.0000,22.0000,22.0000,22.0000,14.6019,0,0.0000,1.0000
2002-08-15,22.0000,22.0000,22.0000,22.0000,14.6019,0,0.0000,1.0000
2002-08-14,22.0000,22.0000,22.0000,22.0000,14.6019,0,0.0000,1.0000
2002-08-13,21.8000,22.0000,21.8000,22.0000,14.6019,2000,0.0000,1.0000
2002-08-12,22.0000,22.0000,22.0000,22.0000,14.6019,200,0.0000,1.0000
2002-08-09,21.7500,21.7500,21.7500,21.7500,14.4360,0,0.0000,1.0000
2002-08-08,21.7500,21.7500,21.7500,21.7500,14.4360,0,0.0000,1.0000
2002-08-07,21.7500,21.7500,21.7500,21.7500,14.4360,0,0.0000,1.0000
2002-08-06,21.7500,21.7500,21.7500,21.7500,14.4360,0,0.0000,1.0000
2002-08-05,21.7500,21.7500,21.7500,21.7500,14.4360,0,0.0000,1.0000
2002-08-02,21.7500,21.7500,21.7500,21.7500,14.4360,0,0.0000,1.0000
2002-08-01,21.7500,21.7500,21.7500,21.7500,14.4360,1100,0.0000,1.0000
2002-07-31,22.3300,22.3300,22.3300,22.3300,14.8209,100,0.0000,1.0000
2002-07-30,22.7500,22.7500,22.7500,22.7500,15.0997,0,0.0000,1.0000
2002-07-29,22.7500,22.7500,22.7500,22.7500,15.0997,0,0.0000,1.0000
2002-07-26,22.7500,22.7500,22.7500,22.7500,15.0997,0,0.0000,1.0000
2002-07-25,22.7500,22.7500,22.7500,22.7500,15.0997,100,0.0000,1.0000
2002-07-24,21.7000,21.7000,21.7000,21.7000,14.4028,0,0.0000,1.0000
2002-07-23,21.7000,21.7000,21.7000,21.7000,14.4028,0,0.0000,1.0000
2002-07-22,21.7000,21.7000,21.7000,21.7000,14.4028,0,0.0000,1.0000
2002-07-19,22.2500,22.5000,21.7000,21.7000,14.4028,500,0.0000,1.0000
2002-07-18,22.1000,22.1000,22.1000,22.1000,14.6683,400,0.0000,1.0000
2002-07-17,21.7000,21.8000,21.7000,21.8000,14.4691,1000,0.0000,1.0000
2002-07-16,22.1000,22.1000,22.1000,22.1000,14.6683,0,0.0000,1.0000
2002-07-15,22.1000,22.1000,22.1000,22.1000,14.6683,0,0.0000,1.0000
2002-07-12,22.1000,22.1000,22.1000,22.1000,14.6683,0,0.0000,1.0000
2002-07-11,22.1000,22.1000,22.1000,22.1000,14.6683,0,0.0000,1.0000
2002-07-10,22.1000,22.1000,22.1000,22.1000,14.6683,0,0.0000,1.0000
2002-07-09,22.1000,22.1000,22.1000,22.1000,14.6683,200,0.0000,1.0000
2002-07-08,22.1000,22.1000,22.1000,22.1000,14.6683,0,0.0000,1.0000
2002-07-05,22.1000,22.1000,22.1000,22.1000,14.6683,0,0.0000,1.0000
2002-07-03,22.1000,22.1000,22.1000,22.1000,14.6683,600,0.0000,1.0000
2002-07-02,22.1500,22.4500,22.1000,22.1000,14.6683,8900,0.0000,1.0000
2002-07-01,23.0000,23.0000,23.0000,23.0000,15.2656,0,0.0000,1.0000
2002-06-28,23.0000,23.0000,23.0000,23.0000,15.2656,0,0.0000,1.0000
2002-06-27,23.0000,23.0000,23.0000,23.0000,15.2656,0,0.0000,1.0000
2002-06-26,23.0000,23.0000,23.0000,23.0000,15.2656,0,0.0000,1.0000
2002-06-25,23.0000,23.0000,23.0000,23.0000,15.2656,0,0.0000,1.0000
2002-06-24,23.0000,23.0000,23.0000,23.0000,15.2656,0,0.0000,1.0000
2002-06-21,23.0000,23.0000,23.0000,23.0000,15.2656,500,0.0000,1.0000
2002-06-20,23.0000,23.0000,23.0000,23.0000,15.2656,0,0.0000,1.0000
2002-06-19,23.0000,23.0000,23.0000,23.0000,15.2656,0,0.0000,1.0000
2002-06-18,23.0000,23.0000,23.0000,23.0000,15.2656,0,0.0000,1.0000
2002-06-17,23.0000,23.0000,23.0000,23.0000,15.2656,0,0.0000,1.0000
2002-06-14,23.0000,23.0000,23.0000,23.0000,15.2656,0,0.0000,1.0000
2002-06-13,23.0000,23.0000,23.0000,23.0000,15.2656,0,0.0000,1.0000
2002-06-12,23.0000,23.0000,23.0000,23.0000,15.2656,0,0.0000,1.0000
2002-06-11,22.5000,23.0000,22.5000,23.0000,15.2656,1500,0.0000,1.0000
2002-06-10,22.0000,22.0000,22.0000,22.0000,14.6019,0,0.0000,1.0000
2002-06-07,22.0000,22.0000,22.0000,22.0000,14.6019,0,0.0000,1.0000
2002-06-06,22.0000,22.0000,22.0000,22.0000,14.6019,300,0.1300,1.0000
2002-06-05,22.1500,22.1500,22.1500,22.1500,14.6151,0,0.0000,1.0000
2002-06-04,22.1500,22.1500,22.1500,22.1500,14.6151,0,0.0000,1.0000
2002-06-03,22.0000,22.1500,22.0000,22.1500,14.6151,7400,0.0000,1.0000
2002-05-31,22.2500,22.2500,22.2500,22.2500,14.6811,0,0.0000,1.0000
2002-05-30,22.2500,22.2500,22.2500,22.2500,14.6811,0,0.0000,1.0000
2002-05-29,22.2500,22.2500,22.2500,22.2500,14.6811,200,0.0000,1.0000
2002-05-28,22.0000,22.0000,22.0000,22.0000,14.5161,0,0.0000,1.0000
2002-05-24,22.0000,22.0000,22.0000,22.0000,14.5161,0,0.0000,1.0000
2002-05-23,22.0000,22.0000,22.0000,22.0000,14.5161,0,0.0000,1.0000
2002-05-22,22.0000,22.0000,22.0000,22.0000,14.5161,0,0.0000,1.0000
2002-05-21,21.7000,22.0000,21.7000,22.0000,14.5161,300,0.0000,1.0000
2002-05-20,21.7000,21.7000,21.7000,21.7000,14.3182,0,0.0000,1.0000
2002-05-17,21.7000,21.7000,21.7000,21.7000,14.3182,0,0.0000,1.0000
2002-05-16,21.7000,21.7000,21.7000,21.7000,14.3182,600,0.0000,1.0000
2002-05-15,22.2500,22.2500,22.2500,22.2500,14.6811,500,0.0000,1.0000
2002-05-14,21.8000,21.8000,21.8000,21.8000,14.3842,0,0.0000,1.0000
2002-05-13,21.8000,21.8000,21.8000,21.8000,14.3842,0,0.0000,1.0000
2002-05-10,21.8000,21.8000,21.8000,21.8000,14.3842,0,0.0000,1.0000
2002-05-09,21.8000,21.8000,21.8000,21.8000,14.3842,0,0.0000,1.0000
2002-05-08,21.8000,21.8000,21.8000,21.8000,14.3842,300,0.0000,1.0000
2002-05-07,21.9000,21.9000,21.9000,21.9000,14.4501,0,0.0000,1.0000
2002-05-06,21.6500,21.9500,21.6500,21.9000,14.4501,1600,0.0000,1.0000
2002-05-03,22.2500,22.2500,22.2500,22.2500,14.6811,300,0.0000,1.0000
2002-05-02,22.0500,22.2500,22.0500,22.2500,14.6811,1400,0.0000,1.0000
2002-05-01,22.0000,22.0000,22.0000,22.0000,14.5161,0,0.0000,1.0000
2002-04-30,22.0000,22.0000,22.0000,22.0000,14.5161,600,0.0000,1.0000
2002-04-29,22.0000,22.0000,22.0000,22.0000,14.5161,100,0.0000,1.0000
2002-04-26,21.5000,21.5000,21.5000,21.5000,14.1862,0,0.0000,1.0000
2002-04-25,21.5000,21.5000,21.5000,21.5000,14.1862,0,0.0000,1.0000
2002-04-24,21.5000,21.5000,21.5000,21.5000,14.1862,0,0.0000,1.0000
2002-04-23,21.0000,21.5000,21.0000,21.5000,14.1862,14000,0.0000,1.0000
2002-04-22,21.0000,21.0000,21.0000,21.0000,13.8563,0,0.0000,1.0000
2002-04-19,21.0000,21.0000,21.0000,21.0000,13.8563,0,0.0000,1.0000
2002-04-18,21.0000,21.0000,21.0000,21.0000,13.8563,0,0.0000,1.0000
2002-04-17,21.0000,21.0000,21.0000,21.0000,13.8563,0,0.0000,1.0000
2002-04-16,21.0000,21.0000,21.0000,21.0000,13.8563,0,0.0000,1.0000
2002-04-15,21.0000,21.0000,21.0000,21.0000,13.8563,0,0.0000,1.0000
2002-04-12,21.0000,21.0000,21.0000,21.0000,13.8563,0,0.0000,1.0000
2002-04-11,21.0000,21.0000,21.0000,21.0000,13.8563,0,0.0000,1.0000
2002-04-10,21.0000,21.0000,21.0000,21.0000,13.8563,0,0.0000,1.0000
2002-04-09,21.0000,21.0000,21.0000,21.0000,13.8563,0,0.0000,1.0000
2002-04-08,21.0000,21.0000,21.0000,21.0000,13.8563,0,0.0000,1.0000
2002-04-05,21.0000,21.0000,21.0000,21.0000,13.8563,0,0.0000,1.0000
2002-04-04,21.0000,21.0000,21.0000,21.0000,13.8563,0,0.0000,1.0000
2002-04-03,21.0000,21.0000,21.0000,21.0000,13.8563,0,0.0000,1.0000
2002-04-02,21.0000,21.0000,21.0000,21.0000,13.8563,0,0.0000,1.0000
2002-04-01,21.0000,21.0000,21.0000,21.0000,13.8563,0,0.0000,1.0000
2002-03-28,21.0000,21.0000,21.0000,21.0000,13.8563,500,0.0000,1.0000
2002-03-27,21.0000,21.0000,21.0000,21.0000,13.8563,0,0.0000,1.0000
2002-03-26,21.0000,21.0000,21.0000,21.0000,13.8563,200,0.0000,1.0000
2002-03-25,21.0000,21.2500,21.0000,21.2500,14.0212,16300,0.0000,1.0000
2002-03-22,21.0000,21.0000,20.8000,21.0000,13.8563,2500,0.0000,1.0000
2002-03-21,22.0000,22.0000,22.0000,22.0000,14.5161,0,0.0000,1.0000
2002-03-20,22.0000,22.0000,22.0000,22.0000,14.5161,0,0.0000,1.0000
2002-03-19,22.0000,22.0000,22.0000,22.0000,14.5161,200,0.0000,1.0000
2002-03-18,21.8000,21.8000,21.8000,21.8000,14.3842,0,0.0000,1.0000
2002-03-15,21.9000,21.9000,21.8000,21.8000,14.3842,1400,0.0000,1.0000
2002-03-14,20.8000,20.8000,20.8000,20.8000,13.7243,0,0.0000,1.0000
2002-03-13,20.8000,20.8000,20.8000,20.8000,13.7243,0,0.0000,1.0000
2002-03-12,20.8000,20.8000,20.8000,20.8000,13.7243,0,0.0000,1.0000
2002-03-11,20.8000,20.8000,20.8000,20.8000,13.7243,200,0.0000,1.0000
2002-03-08,20.7500,20.7500,20.7500,20.7500,13.6913,0,0.0000,1.0000
2002-03-07,20.7500,20.7500,20.7500,20.7500,13.6913,0,0.0000,1.0000
2002-03-06,20.7500,20.7500,20.7500,20.7500,13.6913,300,0.1300,1.0000
2002-03-05,21.1000,21.1000,20.8000,20.8000,13.6389,600,0.0000,1.0000
2002-03-04,21.0000,21.0000,21.0000,21.0000,13.7700,0,0.0000,1.0000
2002-03-01,21.0000,21.0000,21.0000,21.0000,13.7700,0,0.0000,1.0000
2002-02-28,20.5500,21.0000,20.5500,21.0000,13.7700,3000,0.0000,1.0000
2002-02-27,20.5500,20.5500,20.5500,20.5500,13.4749,1000,0.0000,1.0000
2002-02-26,21.3000,21.3000,21.3000,21.3000,13.9667,0,0.0000,1.0000
2002-02-25,21.5000,21.5000,21.3000,21.3000,13.9667,20000,0.0000,1.0000
2002-02-22,21.0000,21.0000,21.0000,21.0000,13.7700,0,0.0000,1.0000
2002-02-21,21.0000,21.0000,21.0000,21.0000,13.7700,200,0.0000,1.0000
2002-02-20,21.2500,21.2500,21.2500,21.2500,13.9340,0,0.0000,1.0000
2002-02-19,21.2500,21.2500,21.2500,21.2500,13.9340,0,0.0000,1.0000
2002-02-15,21.2500,21.2500,21.2500,21.2500,13.9340,0,0.0000,1.0000
2002-02-14,21.2500,21.2500,21.2500,21.2500,13.9340,0,0.0000,1.0000
2002-02-13,21.2500,21.2500,21.2500,21.2500,13.9340,0,0.0000,1.0000
2002-02-12,21.2500,21.2500,21.2500,21.2500,13.9340,0,0.0000,1.0000
2002-02-11,21.2500,21.2500,21.2500,21.2500,13.9340,500,0.0000,1.0000
2002-02-08,21.7500,21.7500,21.7500,21.7500,14.2618,100,0.0000,1.0000
2002-02-07,20.3000,20.3000,20.3000,20.3000,13.3110,0,0.0000,1.0000
2002-02-06,20.3000,20.3000,20.3000,20.3000,13.3110,300,0.0000,1.0000
2002-02-05,21.0000,21.0000,21.0000,21.0000,13.7700,0,0.0000,1.0000
2002-02-04,21.0000,21.0000,21.0000,21.0000,13.7700,200,0.0000,1.0000
2002-02-01,22.0000,22.0000,21.0000,22.0000,14.4257,6400,0.0000,1.0000
2002-01-31,20.1500,20.1500,20.1500,20.1500,13.2127,4000,0.0000,1.0000
2002-01-30,21.0000,21.0000,21.0000,21.0000,13.7700,0,0.0000,1.0000
2002-01-29,21.0000,21.0000,21.0000,21.0000,13.7700,0,0.0000,1.0000
2002-01-28,21.0000,21.0000,21.0000,21.0000,13.7700,0,0.0000,1.0000
2002-01-25,21.0000,21.0000,21.0000,21.0000,13.7700,0,0.0000,1.0000
2002-01-24,21.0000,21.0000,21.0000,21.0000,13.7700,300,0.0000,1.0000
2002-01-23,20.0000,20.0000,20.0000,20.0000,13.1143,0,0.0000,1.0000
2002-01-22,20.0000,20.0000,20.0000,20.0000,13.1143,0,0.0000,1.0000
2002-01-18,20.0000,20.0000,20.0000,20.0000,13.1143,1400,0.0000,1.0000
2002-01-17,19.9500,19.9500,19.9500,19.9500,13.0815,0,0.0000,1.0000
2002-01-16,19.9500,19.9500,19.9500,19.9500,13.0815,1100,0.0000,1.0000
2002-01-15,19.7000,19.7000,19.7000,19.7000,12.9176,3800,0.0000,1.0000
2002-01-14,19.2000,19.2000,19.2000,19.2000,12.5897,0,0.0000,1.0000
2002-01-11,19.2000,19.2000,19.2000,19.2000,12.5897,0,0.0000,1.0000
2002-01-10,19.2000,19.2000,19.2000,19.2000,12.5897,0,0.0000,1.0000
2002-01-09,19.2000,19.2000,19.2000,19.2000,12.5897,0,0.0000,1.0000
2002-01-08,19.2000,19.2000,19.2000,19.2000,12.5897,100,0.0000,1.0000
2002-01-07,19.1000,19.1000,19.1000,19.1000,12.5242,0,0.0000,1.0000
2002-01-04,19.1000,19.1000,19.1000,19.1000,12.5242,1300,0.0000,1.0000
2002-01-03,19.2500,19.2500,19.2500,19.2500,12.6225,0,0.0000,1.0000
2002-01-02,19.2500,19.2500,19.2500,19.2500,12.6225,0,0.0000,1.0000
2001-12-31,19.2500,19.2500,19.2500,19.2500,12.6225,0,0.0000,1.0000
2001-12-28,18.9000,19.2500,18.9000,19.2500,12.6225,4800,0.0000,1.0000
2001-12-27,18.9000,19.5000,18.9000,19.5000,12.7864,26600,0.0000,1.0000
2001-12-26,19.7500,19.7500,19.7500,19.7500,12.9504,0,0.0000,1.0000
2001-12-24,19.7500,19.7500,19.7500,19.7500,12.9504,0,0.0000,1.0000
2001-12-21,19.7500,19.7500,19.7500,19.7500,12.9504,5100,0.0000,1.0000
2001-12-20,22.0000,22.0000,18.7000,18.7000,12.2619,5400,0.0000,1.0000
2001-12-19,19.0000,19.7500,18.6000,19.7500,12.9504,3000,0.0000,1.0000
2001-12-18,18.5500,18.5500,18.5500,18.5500,12.1635,0,0.0000,1.0000
2001-12-17,18.5500,18.5500,18.5500,18.5500,12.1635,0,0.0000,1.0000
2001-12-14,18.5500,18.5500,18.5500,18.5500,12.1635,200,0.0000,1.0000
2001-12-13,21.5000,21.5000,21.5000,21.5000,14.0979,500,0.0000,1.0500
2001-12-12,21.5000,21.5000,21.5000,21.5000,13.4266,0,0.0000,1.0000
2001-12-11,21.5000,21.5000,21.5000,21.5000,13.4266,0,0.0000,1.0000
2001-12-10,21.5000,21.5000,21.5000,21.5000,13.4266,0,0.0000,1.0000
2001-12-07,21.5000,21.5000,21.5000,21.5000,13.4266,0,0.0000,1.0000
2001-12-06,21.5000,21.5000,19.7000,21.5000,13.4266,2500,0.1300,1.0000
2001-12-05,20.2500,20.2500,20.2500,20.2500,12.5699,100,0.0000,1.0000
2001-12-04,20.2500,20.2500,20.2500,20.2500,12.5699,500,0.0000,1.0000
2001-12-03,19.7000,19.7000,19.6000,19.7000,12.2285,1700,0.0000,1.0000
2001-11-30,19.6000,19.6000,19.6000,19.6000,12.1665,500,0.0000,1.0000
2001-11-29,19.5500,19.5500,19.5500,19.5500,12.1354,500,0.0000,1.0000
2001-11-28,19.5500,19.5500,19.5500,19.5500,12.1354,0,0.0000,1.0000
2001-11-27,19.5500,19.5500,19.5500,19.5500,12.1354,0,0.0000,1.0000
2001-11-26,19.5500,19.5500,19.5500,19.5500,12.1354,100,0.0000,1.0000
2001-11-23,20.2500,20.2500,20.2500,20.2500,12.5699,0,0.0000,1.0000
2001-11-21,20.2500,20.2500,20.0000,20.2500,12.5699,6400,0.0000,1.0000
2001-11-20,19.5000,19.5000,19.5000,19.5000,12.1044,8100,0.0000,1.0000
2001-11-19,19.5000,19.5000,19.5000,19.5000,12.1044,0,0.0000,1.0000
2001-11-16,19.5000,19.5000,19.5000,19.5000,12.1044,0,0.0000,1.0000
2001-11-15,19.5000,19.5000,19.5000,19.5000,12.1044,0,0.0000,1.0000
2001-11-14,19.3500,19.5000,19.3500,19.5000,12.1044,600,0.0000,1.0000
2001-11-13,19.9000,19.9000,19.9000,19.9000,12.3527,0,0.0000,1.0000
2001-11-12,19.9000,19.9000,19.9000,19.9000,12.3527,0,0.0000,1.0000
2001-11-09,19.9000,19.9000,19.9000,19.9000,12.3527,0,0.0000,1.0000
2001-11-08,19.9000,19.9000,19.9000,19.9000,12.3527,0,0.0000,1.0000
2001-11-07,19.9000,19.9000,19.9000,19.9000,12.3527,0,0.0000,1.0000
2001-11-06,19.9000,19.9000,19.9000,19.9000,12.3527,0,0.0000,1.0000
2001-11-05,19.9000,19.9000,19.9000,19.9000,12.3527,0,0.0000,1.0000
2001-11-02,19.9000,19.9000,19.9000,19.9000,12.3527,0,0.0000,1.0000
2001-11-01,19.9000,19.9000,19.9000,19.9000,12.3527,0,0.0000,1.0000
2001-10-31,19.9000,19.9000,19.9000,19.9000,12.3527,0,0.0000,1.0000
2001-10-30,19.9000,19.9000,19.9000,19.9000,12.3527,0,0.0000,1.0000
2001-10-29,19.9000,19.9000,19.9000,19.9000,12.3527,100,0.0000,1.0000
2001-10-26,19.3000,19.3000,19.3000,19.3000,11.9802,100,0.0000,1.0000
2001-10-25,19.2500,19.2500,19.2500,19.2500,11.9492,0,0.0000,1.0000
2001-10-24,19.2500,19.2500,19.2500,19.2500,11.9492,0,0.0000,1.0000
2001-10-23,19.2500,19.2500,19.2500,19.2500,11.9492,0,0.0000,1.0000
2001-10-22,19.2500,19.2500,19.2500,19.2500,11.9492,0,0.0000,1.0000
2001-10-19,19.2500,19.2500,19.2500,19.2500,11.9492,0,0.0000,1.0000
2001-10-18,19.2500,19.2500,19.2500,19.2500,11.9492,0,0.0000,1.0000
2001-10-17,19.2500,19.2500,19.2500,19.2500,11.9492,0,0.0000,1.0000
2001-10-16,19.2500,19.2500,19.2500,19.2500,11.9492,100,0.0000,1.0000
2001-10-15,19.3000,19.3000,19.3000,19.3000,11.9802,700,0.0000,1.0000
2001-10-12,19.1500,19.1500,19.1500,19.1500,11.8871,900,0.0000,1.0000
2001-10-11,19.5000,19.5000,19.5000,19.5000,12.1044,200,0.0000,1.0000
2001-10-10,19.1000,19.1000,19.1000,19.1000,11.8561,0,0.0000,1.0000
2001-10-09,19.1000,19.1000,19.1000,19.1000,11.8561,0,0.0000,1.0000
2001-10-08,19.1000,19.1000,19.1000,19.1000,11.8561,500,0.0000,1.0000
2001-10-05,20.0000,20.0000,20.0000,20.0000,12.4147,200,0.0000,1.0000
2001-10-04,20.0000,20.0000,20.0000,20.0000,12.4147,0,0.0000,1.0000
2001-10-03,20.0000,20.0000,20.0000,20.0000,12.4147,0,0.0000,1.0000
2001-10-02,20.0000,20.0000,20.0000,20.0000,12.4147,700,0.0000,1.0000
2001-10-01,20.0000,20.0000,20.0000,20.0000,12.4147,200,0.0000,1.0000
2001-09-28,19.5000,19.5000,19.5000,19.5000,12.1044,0,0.0000,1.0000
2001-09-27,19.5000,19.5000,19.5000,19.5000,12.1044,1500,0.0000,1.0000
2001-09-26,19.7000,19.7000,19.7000,19.7000,12.2285,0,0.0000,1.0000
2001-09-25,19.7000,19.7000,19.7000,19.7000,12.2285,0,0.0000,1.0000
2001-09-24,19.7000,19.7000,19.7000,19.7000,12.2285,600,0.0000,1.0000
2001-09-21,19.1000,19.1000,19.1000,19.1000,11.8561,3000,0.0000,1.0000
2001-09-20,19.1000,19.1000,19.1000,19.1000,11.8561,0,0.0000,1.0000
2001-09-19,19.1000,19.1000,19.1000,19.1000,11.8561,800,0.0000,1.0000
2001-09-18,19.0000,19.0000,19.0000,19.0000,11.7940,300,0.0000,1.0000
2001-09-17,19.0000,19.0000,19.0000,19.0000,11.7940,0,0.0000,1.0000
2001-09-10,19.0000,19.0000,19.0000,19.0000,11.7940,0,0.0000,1.0000
2001-09-07,19.0000,19.0000,19.0000,19.0000,11.7940,0,0.0000,1.0000
2001-09-06,19.0000,19.0000,19.0000,19.0000,11.7940,0,0.1300,1.0000
2001-09-05,19.0000,19.0000,19.0000,19.0000,11.7139,0,0.0000,1.0000
2001-09-04,19.0000,19.0000,19.0000,19.0000,11.7139,0,0.0000,1.0000
2001-08-31,19.0000,19.0000,19.0000,19.0000,11.7139,0,0.0000,1.0000
2001-08-30,19.0000,19.0000,19.0000,19.0000,11.7139,0,0.0000,1.0000
2001-08-29,19.0000,19.0000,19.0000,19.0000,11.7139,0,0.0000,1.0000
2001-08-28,19.0000,19.0000,19.0000,19.0000,11.7139,0,0.0000,1.0000
2001-08-27,19.0000,19.0000,19.0000,19.0000,11.7139,0,0.0000,1.0000
2001-08-24,19.0000,19.0000,19.0000,19.0000,11.7139,0,0.0000,1.0000
2001-08-23,19.0000,19.0000,19.0000,19.0000,11.7139,0,0.0000,1.0000
2001-08-22,19.1000,19.1000,19.0000,19.0000,11.7139,1300,0.0000,1.0000
2001-08-21,19.0000,19.0000,19.0000,19.0000,11.7139,1200,0.0000,1.0000
2001-08-20,18.5000,18.5000,18.5000,18.5000,11.4056,100,0.0000,1.0000
2001-08-17,18.0000,18.5000,17.7000,18.5000,11.4056,4500,0.0000,1.0000
2001-08-16,17.2500,17.2500,17.2500,17.2500,10.6350,0,0.0000,1.0000
2001-08-15,17.2500,17.2500,17.2500,17.2500,10.6350,0,0.0000,1.0000
2001-08-14,17.2500,17.2500,17.2500,17.2500,10.6350,0,0.0000,1.0000
2001-08-13,17.2500,17.2500,17.2500,17.2500,10.6350,0,0.0000,1.0000
2001-08-10,17.2500,17.2500,17.2500,17.2500,10.6350,200,0.0000,1.0000
2001-08-09,17.2000,17.2000,17.2000,17.2000,10.6041,100,0.0000,1.0000
2001-08-08,18.0000,18.0000,18.0000,18.0000,11.0973,0,0.0000,1.0000
2001-08-07,18.0000,18.0000,18.0000,18.0000,11.0973,0,0.0000,1.0000
2001-08-06,18.0000,18.0000,18.0000,18.0000,11.0973,0,0.0000,1.0000
2001-08-03,18.0000,18.0000,18.0000,18.0000,11.0973,0,0.0000,1.0000
2001-08-02,18.0000,18.0000,18.0000,18.0000,11.0973,0,0.0000,1.0000
2001-08-01,17.1500,18.0000,17.1500,18.0000,11.0973,1200,0.0000,1.0000
2001-07-31,17.0000,17.0000,17.0000,17.0000,10.4808,0,0.0000,1.0000
2001-07-30,17.0000,17.0000,17.0000,17.0000,10.4808,0,0.0000,1.0000
2001-07-27,17.0000,17.0000,17.0000,17.0000,10.4808,0,0.0000,1.0000
2001-07-26,17.0000,17.0000,17.0000,17.0000,10.4808,200,0.0000,1.0000
2001-07-25,16.5000,16.5000,16.5000,16.5000,10.1726,0,0.0000,1.0000
2001-07-24,16.7000,16.7000,16.3000,16.5000,10.1726,1000,0.0000,1.0000
2001-07-23,16.5000,16.5000,16.5000,16.5000,10.1726,0,0.0000,1.0000
2001-07-20,16.2000,16.5000,16.2000,16.5000,10.1726,1000,0.0000,1.0000
2001-07-19,16.0000,16.0000,16.0000,16.0000,9.8643,1000,0.0000,1.0000
2001-07-18,16.2000,16.2000,16.0000,16.0000,9.8643,900,0.0000,1.0000
2001-07-17,16.2000,16.2000,16.2000,16.2000,9.9876,200,0.0000,1.0000
2001-07-16,15.7500,15.7500,15.7500,15.7500,9.7102,0,0.0000,1.0000
2001-07-13,15.7500,15.7500,15.7500,15.7500,9.7102,0,0.0000,1.0000
2001-07-12,15.7500,15.7500,15.7500,15.7500,9.7102,0,0.0000,1.0000
2001-07-11,15.7500,15.7500,15.7500,15.7500,9.7102,100,0.0000,1.0000
2001-07-10,15.7500,15.8500,15.7000,15.8500,9.7718,2400,0.0000,1.0000
2001-07-09,16.0000,16.0000,16.0000,16.0000,9.8643,700,0.0000,1.0000
2001-07-06,15.8700,16.2000,15.7500,16.2000,9.9876,22800,0.0000,1.0000
2001-07-05,15.7000,15.7000,15.7000,15.7000,9.6794,100,0.0000,1.0000
2001-07-03,16.2000,16.2000,16.2000,16.2000,9.9876,0,0.0000,1.0000
2001-07-02,16.2000,16.2000,16.2000,16.2000,9.9876,0,0.0000,1.0000
2001-06-29,16.2000,16.2000,16.2000,16.2000,9.9876,200,0.0000,1.0000
2001-06-28,16.0000,16.0000,16.0000,16.0000,9.8643,200,0.0000,1.0000
2001-06-27,15.7000,15.7000,15.7000,15.7000,9.6794,300,0.0000,1.0000
2001-06-26,16.1000,16.1000,16.1000,16.1000,9.9260,0,0.0000,1.0000
2001-06-25,16.1000,16.1000,16.1000,16.1000,9.9260,0,0.0000,1.0000
2001-06-22,16.1000,16.1000,16.1000,16.1000,9.9260,0,0.0000,1.0000
2001-06-21,16.1000,16.1000,16.1000,16.1000,9.9260,0,0.0000,1.0000
2001-06-20,16.1000,16.1000,16.1000,16.1000,9.9260,400,0.0000,1.0000
2001-06-19,16.2500,16.2500,16.2500,16.2500,10.0184,0,0.0000,1.0000
2001-06-18,16.2500,16.2500,16.2500,16.2500,10.0184,0,0.0000,1.0000
2001-06-15,16.2500,16.2500,16.2500,16.2500,10.0184,300,0.0000,1.0000
2001-06-14,15.8500,15.8500,15.8500,15.8500,9.7718,0,0.0000,1.0000
2001-06-13,15.8500,15.8500,15.8500,15.8500,9.7718,200,0.0000,1.0000
2001-06-12,15.8500,15.8500,15.8500,15.8500,9.7718,200,0.0000,1.0000
2001-06-11,15.5000,15.5000,15.5000,15.5000,9.5560,100,0.0000,1.0000
2001-06-08,15.7500,15.7500,15.7500,15.7500,9.7102,0,0.0000,1.0000
2001-06-07,15.7500,15.7500,15.7500,15.7500,9.7102,0,0.0000,1.0000
2001-06-06,15.5000,15.7500,15.5000,15.7500,9.7102,1200,0.1300,1.0000
2001-06-05,15.7000,15.7000,15.7000,15.7000,9.6001,315807100,0.0000,1.0000
2001-06-04,15.6500,15.6500,15.6500,15.6500,9.5695,200,0.0000,1.0000
2001-06-01,15.6500,15.6500,15.6500,15.6500,9.5695,0,0.0000,1.0000
2001-05-31,15.6500,15.6500,15.6500,15.6500,9.5695,500,0.0000,1.0000
2001-05-30,15.5000,15.5000,15.5000,15.5000,9.4778,800,0.0000,1.0000
2001-05-29,15.5000,15.5000,15.5000,15.5000,9.4778,0,0.0000,1.0000
2001-05-25,15.5000,15.5000,15.5000,15.5000,9.4778,0,0.0000,1.0000
2001-05-24,15.5000,15.5000,15.5000,15.5000,9.4778,0,0.0000,1.0000
2001-05-23,15.5000,15.5000,15.5000,15.5000,9.4778,200,0.0000,1.0000
2001-05-22,15.3800,15.3800,15.3800,15.3800,9.4044,1000,0.0000,1.0000
2001-05-21,15.1500,15.1500,15.1500,15.1500,9.2638,1500,0.0000,1.0000
2001-05-18,15.1500,15.1500,15.1500,15.1500,9.2638,0,0.0000,1.0000
2001-05-17,15.1500,15.1500,15.1500,15.1500,9.2638,0,0.0000,1.0000
2001-05-16,15.1500,15.1500,15.1500,15.1500,9.2638,800,0.0000,1.0000
2001-05-15,15.2500,15.2500,15.2500,15.2500,9.3250,0,0.0000,1.0000
2001-05-14,15.2500,15.2500,15.2500,15.2500,9.3250,0,0.0000,1.0000
2001-05-11,15.2500,15.2500,15.2500,15.2500,9.3250,0,0.0000,1.0000
2001-05-10,15.2500,15.2500,15.2500,15.2500,9.3250,0,0.0000,1.0000
2001-05-09,15.2500,15.2500,15.2500,15.2500,9.3250,0,0.0000,1.0000
2001-05-08,15.2500,15.2500,15.2500,15.2500,9.3250,0,0.0000,1.0000
2001-05-07,15.2500,15.2500,15.2500,15.2500,9.3250,400,0.0000,1.0000
2001-05-04,15.1200,15.1200,15.1200,15.1200,9.2455,0,0.0000,1.0000
2001-05-03,15.1200,15.1200,15.1200,15.1200,9.2455,0,0.0000,1.0000
2001-05-02,15.1200,15.1200,15.1200,15.1200,9.2455,0,0.0000,1.0000
2001-05-01,15.1200,15.1200,15.1200,15.1200,9.2455,0,0.0000,1.0000
2001-04-30,15.1200,15.1200,15.1200,15.1200,9.2455,0,0.0000,1.0000
2001-04-27,15.1200,15.1200,15.1200,15.1200,9.2455,0,0.0000,1.0000
2001-04-26,15.1200,15.1200,15.1200,15.1200,9.2455,0,0.0000,1.0000
2001-04-25,15.1200,15.1200,15.1200,15.1200,9.2455,0,0.0000,1.0000
2001-04-24,15.1200,15.1200,15.1200,15.1200,9.2455,0,0.0000,1.0000
2001-04-23,15.1200,15.1200,15.1200,15.1200,9.2455,0,0.0000,1.0000
2001-04-20,15.1200,15.1200,15.1200,15.1200,9.2455,0,0.0000,1.0000
2001-04-19,15.1200,15.1200,15.1200,15.1200,9.2455,0,0.0000,1.0000
2001-04-18,15.1200,15.1200,15.1200,15.1200,9.2455,0,0.0000,1.0000
2001-04-17,15.1200,15.1200,15.1200,15.1200,9.2455,1600,0.0000,1.0000
2001-04-16,15.0000,15.0000,15.0000,15.0000,9.1721,0,0.0000,1.0000
2001-04-12,15.0000,15.0000,15.0000,15.0000,9.1721,0,0.0000,1.0000
2001-04-11,15.0000,15.0000,15.0000,15.0000,9.1721,300,0.0000,1.0000
2001-04-10,15.5000,15.5000,15.5000,15.5000,9.4778,400,0.0000,1.0000
2001-04-09,15.0000,15.0000,15.0000,15.0000,9.1721,0,0.0000,1.0000
2001-04-06,15.0000,15.0000,15.0000,15.0000,9.1721,0,0.0000,1.0000
2001-04-05,15.0000,15.0000,15.0000,15.0000,9.1721,0,0.0000,1.0000
2001-04-04,15.0000,15.0000,15.0000,15.0000,9.1721,300,0.0000,1.0000
2001-04-03,14.7500,14.7500,14.7500,14.7500,9.0192,0,0.0000,1.0000
2001-04-02,14.7500,14.7500,14.7500,14.7500,9.0192,0,0.0000,1.0000
2001-03-30,14.7500,14.7500,14.7500,14.7500,9.0192,0,0.0000,1.0000
2001-03-29,14.7500,14.7500,14.7500,14.7500,9.0192,0,0.0000,1.0000
2001-03-28,14.7500,14.7500,14.7500,14.7500,9.0192,0,0.0000,1.0000
2001-03-27,14.7500,14.7500,14.7500,14.7500,9.0192,0,0.0000,1.0000
2001-03-26,14.7500,14.7500,14.7500,14.7500,9.0192,0,0.0000,1.0000
2001-03-23,14.7500,14.7500,14.7500,14.7500,9.0192,0,0.0000,1.0000
2001-03-22,14.7500,14.7500,14.7500,14.7500,9.0192,0,0.0000,1.0000
2001-03-21,14.7500,14.7500,14.7500,14.7500,9.0192,0,0.0000,1.0000
2001-03-20,14.7500,14.7500,14.7500,14.7500,9.0192,0,0.0000,1.0000
2001-03-19,14.7500,14.7500,14.7500,14.7500,9.0192,200,0.0000,1.0000
2001-03-16,15.0000,15.0000,15.0000,15.0000,9.1721,0,0.0000,1.0000
2001-03-15,15.0000,15.0000,15.0000,15.0000,9.1721,0,0.0000,1.0000
2001-03-14,15.0000,15.0000,15.0000,15.0000,9.1721,0,0.0000,1.0000
2001-03-13,15.0000,15.0000,15.0000,15.0000,9.1721,0,0.0000,1.0000
2001-03-12,15.0000,15.0000,15.0000,15.0000,9.1721,0,0.0000,1.0000
2001-03-09,15.0000,15.0000,15.0000,15.0000,9.1721,0,0.0000,1.0000
2001-03-08,15.0000,15.0000,15.0000,15.0000,9.1721,0,0.0000,1.0000
2001-03-07,15.0000,15.0000,15.0000,15.0000,9.1721,0,0.1300,1.0000
2001-03-06,15.0000,15.0000,15.0000,15.0000,9.0933,0,0.0000,1.0000
2001-03-05,15.0000,15.0000,15.0000,15.0000,9.0933,200,0.0000,1.0000
2001-03-02,15.0000,15.0000,15.0000,15.0000,9.0933,400,0.0000,1.0000
2001-03-01,14.0000,14.0000,14.0000,14.0000,8.4871,200,0.0000,1.0000
2001-02-28,14.8800,14.8800,14.8800,14.8800,9.0205,0,0.0000,1.0000
2001-02-27,14.8800,14.8800,14.8800,14.8800,9.0205,0,0.0000,1.0000
2001-02-26,14.8800,14.8800,14.8800,14.8800,9.0205,0,0.0000,1.0000
2001-02-23,14.8800,14.8800,14.8800,14.8800,9.0205,0,0.0000,1.0000
2001-02-22,14.1300,14.8800,14.1300,14.8800,9.0205,3800,0.0000,1.0000
2001-02-21,14.0000,14.1200,14.0000,14.1200,8.5598,2000,0.0000,1.0000
2001-02-20,14.1200,14.1200,14.1200,14.1200,8.5598,1500,0.0000,1.0000
2001-02-16,14.0000,14.0000,14.0000,14.0000,8.4871,0,0.0000,1.0000
2001-02-15,14.0000,14.0000,14.0000,14.0000,8.4871,0,0.0000,1.0000
2001-02-14,14.1200,14.1200,14.0000,14.0000,8.4871,1400,0.0000,1.0000
2001-02-13,14.3700,14.3700,14.3700,14.3700,8.7114,0,0.0000,1.0000
2001-02-12,14.3700,14.3700,14.3700,14.3700,8.7114,0,0.0000,1.0000
2001-02-09,14.3700,14.3700,14.3700,14.3700,8.7114,200,0.0000,1.0000
2001-02-08,14.2500,14.2500,14.2500,14.2500,8.6386,0,0.0000,1.0000
2001-02-07,14.2500,14.2500,14.2500,14.2500,8.6386,0,0.0000,1.0000
2001-02-06,14.0000,14.2500,14.0000,14.2500,8.6386,900,0.0000,1.0000
2001-02-05,14.0000,14.0000,14.0000,14.0000,8.4871,0,0.0000,1.0000
2001-02-02,14.0000,14.0000,14.0000,14.0000,8.4871,0,0.0000,1.0000
2001-02-01,14.0000,14.0000,14.0000,14.0000,8.4871,0,0.0000,1.0000
2001-01-31,14.0000,14.0000,14.0000,14.0000,8.4871,0,0.0000,1.0000
2001-01-30,14.0000,14.0000,14.0000,14.0000,8.4871,0,0.0000,1.0000
2001-01-29,14.0000,14.0000,14.0000,14.0000,8.4871,0,0.0000,1.0000
2001-01-26,14.0000,14.0000,14.0000,14.0000,8.4871,0,0.0000,1.0000
2001-01-25,14.0000,14.0000,14.0000,14.0000,8.4871,0,0.0000,1.0000
2001-01-24,14.0000,14.0000,14.0000,14.0000,8.4871,0,0.0000,1.0000
2001-01-23,14.0000,14.0000,14.0000,14.0000,8.4871,0,0.0000,1.0000
2001-01-22,14.0000,14.0000,14.0000,14.0000,8.4871,0,0.0000,1.0000
2001-01-19,14.0000,14.0000,14.0000,14.0000,8.4871,0,0.0000,1.0000
2001-01-18,14.0000,14.0000,14.0000,14.0000,8.4871,0,0.0000,1.0000
2001-01-17,14.0000,14.0000,14.0000,14.0000,8.4871,0,0.0000,1.0000
2001-01-16,14.0000,14.0000,14.0000,14.0000,8.4871,0,0.0000,1.0000
2001-01-12,14.0000,14.0000,14.0000,14.0000,8.4871,0,0.0000,1.0000
2001-01-11,14.0000,14.0000,14.0000,14.0000,8.4871,0,0.0000,1.0000
2001-01-10,14.0000,14.0000,14.0000,14.0000,8.4871,200,0.0000,1.0000
2001-01-09,14.5000,14.5000,14.5000,14.5000,8.7902,0,0.0000,1.0000
2001-01-08,14.5000,14.5000,14.5000,14.5000,8.7902,0,0.0000,1.0000
2001-01-05,14.5000,14.5000,14.5000,14.5000,8.7902,200,0.0000,1.0000
2001-01-04,14.5000,14.5000,14.5000,14.5000,8.7902,0,0.0000,1.0000
2001-01-03,14.5000,14.5000,14.5000,14.5000,8.7902,300,0.0000,1.0000
2001-01-02,14.2500,14.2500,14.2500,14.2500,8.6386,0,0.0000,1.0000
2000-12-29,14.2500,14.2500,14.2500,14.2500,8.6386,700,0.0000,1.0000
2000-12-28,14.0000,14.2500,14.0000,14.2500,8.6386,1100,0.0000,1.0000
2000-12-27,14.5000,14.5000,14.5000,14.5000,8.7902,1500,0.0000,1.0000
2000-12-26,14.0000,14.0000,14.0000,14.0000,8.4871,0,0.0000,1.0000
2000-12-22,14.0000,14.0000,14.0000,14.0000,8.4871,200,0.0000,1.0000
2000-12-21,14.0000,14.0000,14.0000,14.0000,8.4871,0,0.0000,1.0000
2000-12-20,14.0000,14.0000,14.0000,14.0000,8.4871,600,0.0000,1.0000
2000-12-19,14.2500,14.5000,14.0000,14.1800,8.5962,7000,0.0000,1.0000
2000-12-18,14.5000,14.5000,14.5000,14.5000,8.7902,200,0.0000,1.0000
2000-12-15,14.7500,14.7500,14.6200,14.6200,8.8629,400,0.0000,1.0000
2000-12-14,15.0000,15.0000,15.0000,15.0000,9.0933,0,0.0000,1.0000
2000-12-13,15.1200,15.1200,15.0000,15.0000,9.0933,27600,0.0000,1.0000
2000-12-12,15.6200,15.6200,15.5000,15.5000,9.3964,31600,0.0000,1.0000
2000-12-11,15.5000,15.5000,15.5000,15.5000,9.3964,100,0.0000,1.0000
2000-12-08,15.7500,15.7500,15.7500,15.7500,9.5479,0,0.0000,1.0000
2000-12-07,15.7500,15.7500,15.7500,15.7500,9.5479,6400,0.0000,1.0000
2000-12-06,15.7500,15.7500,15.7500,15.7500,9.5479,0,0.1300,1.0000
2000-12-05,15.7500,15.7500,15.7500,15.7500,9.4698,0,0.0000,1.0000
2000-12-04,15.5000,15.7500,15.5000,15.7500,9.4698,1200,0.0000,1.0000
2000-12-01,15.5000,15.5000,15.5000,15.5000,9.3195,0,0.0000,1.0000
2000-11-30,15.5000,15.5000,15.5000,15.5000,9.3195,0,0.0000,1.0000
2000-11-29,15.5000,15.5000,15.5000,15.5000,9.3195,300,0.0000,1.0000
2000-11-28,15.5000,15.5000,15.5000,15.5000,9.3195,0,0.0000,1.0000
2000-11-27,15.5000,15.5000,15.5000,15.5000,9.3195,100,0.0000,1.0000
2000-11-24,15.8800,15.8800,15.8800,15.8800,9.5479,0,0.0000,1.0000
2000-11-22,15.8800,15.8800,15.8800,15.8800,9.5479,0,0.0000,1.0000
2000-11-21,15.8700,15.8700,15.8700,15.8700,9.5419,700,0.0000,1.0000
2000-11-20,15.5000,15.7500,15.5000,15.7500,9.4698,13000,0.0000,1.0000
2000-11-17,15.5000,15.5000,15.5000,15.5000,9.3195,0,0.0000,1.0000
2000-11-16,15.5000,15.5000,15.5000,15.5000,9.3195,0,0.0000,1.0000
2000-11-15,15.5000,15.5000,15.5000,15.5000,9.3195,0,0.0000,1.0000
2000-11-14,15.5000,15.5000,15.5000,15.5000,9.3195,0,0.0000,1.0000
2000-11-13,15.5000,15.5000,15.5000,15.5000,9.3195,600,0.0000,1.0000
2000-11-10,15.6300,15.6300,15.6300,15.6300,9.3976,0,0.0000,1.0000
2000-11-09,15.5000,15.6200,15.5000,15.6200,9.3916,14200,0.0000,1.0000
2000-11-08,15.5000,15.5000,15.5000,15.5000,9.3195,0,0.0000,1.0000
2000-11-07,15.5000,15.5000,15.5000,15.5000,9.3195,600,0.0000,1.0000
2000-11-06,15.7500,15.7500,15.7500,15.7500,9.4698,11200,0.0000,1.0000
2000-11-03,15.5000,15.5000,15.5000,15.5000,9.3195,0,0.0000,1.0000
2000-11-02,15.5000,15.5000,15.5000,15.5000,9.3195,0,0.0000,1.0000
2000-11-01,15.5000,15.5000,15.5000,15.5000,9.3195,300,0.0000,1.0000
2000-10-31,15.6200,15.6200,15.5000,15.5000,9.3195,41900,0.0000,1.0000
2000-10-30,15.5000,15.5000,15.5000,15.5000,9.3195,0,0.0000,1.0000
2000-10-27,15.5000,15.5000,15.5000,15.5000,9.3195,0,0.0000,1.0000
2000-10-26,15.5000,15.5000,15.5000,15.5000,9.3195,0,0.0000,1.0000
2000-10-25,15.5000,15.5000,15.5000,15.5000,9.3195,200,0.0000,1.0000
2000-10-24,15.5000,15.6200,15.5000,15.6200,9.3916,1800,0.0000,1.0000
2000-10-23,16.0000,16.0000,15.5000,15.5000,9.3195,600,0.0000,1.0000
2000-10-20,15.5000,15.5000,15.5000,15.5000,9.3195,400,0.0000,1.0000
2000-10-19,15.5000,15.5000,15.5000,15.5000,9.3195,0,0.0000,1.0000
2000-10-18,16.0000,16.0000,15.5000,15.5000,9.3195,900,0.0000,1.0000
2000-10-17,15.5000,15.5000,15.5000,15.5000,9.3195,900,0.0000,1.0000
2000-10-16,15.5000,16.0000,15.5000,16.0000,9.6201,1100,0.0000,1.0000
2000-10-13,15.5000,15.5000,15.5000,15.5000,9.3195,0,0.0000,1.0000
2000-10-12,15.5000,15.5000,15.5000,15.5000,9.3195,1000,0.0000,1.0000
2000-10-11,15.5000,16.1200,15.5000,16.1200,9.6922,1800,0.0000,1.0000
2000-10-10,16.0000,16.0000,16.0000,16.0000,9.6201,500,0.0000,1.0000
2000-10-09,16.1300,16.1300,16.1300,16.1300,9.6983,0,0.0000,1.0000
2000-10-06,16.1300,16.1300,16.1300,16.1300,9.6983,0,0.0000,1.0000
2000-10-05,16.1300,16.1300,16.1300,16.1300,9.6983,0,0.0000,1.0000
2000-10-04,16.1300,16.1300,16.1300,16.1300,9.6983,0,0.0000,1.0000
2000-10-03,16.1300,16.1300,16.1300,16.1300,9.6983,0,0.0000,1.0000
2000-10-02,16.1300,16.1300,16.1300,16.1300,9.6983,0,0.0000,1.0000
2000-09-29,16.1300,16.1300,16.1300,16.1300,9.6983,0,0.0000,1.0000
2000-09-28,16.1200,16.1200,16.1200,16.1200,9.6922,1100,0.0000,1.0000
2000-09-27,15.5600,15.5600,15.5600,15.5600,9.3555,0,0.0000,1.0000
2000-09-26,15.5000,15.5600,15.5000,15.5600,9.3555,1500,0.0000,1.0000
2000-09-25,16.2500,16.2500,16.2500,16.2500,9.7704,0,0.0000,1.0000
2000-09-22,16.2500,16.2500,16.2500,16.2500,9.7704,900,0.0000,1.0000
2000-09-21,16.2500,16.2500,16.2500,16.2500,9.7704,0,0.0000,1.0000
2000-09-20,16.5000,16.5000,15.6200,16.2500,9.7704,7600,0.0000,1.0000
2000-09-19,15.6300,15.6300,15.6300,15.6300,9.3976,0,0.0000,1.0000
2000-09-18,15.6200,15.6200,15.6200,15.6200,9.3916,600,0.0000,1.0000
2000-09-15,15.5000,16.0000,15.5000,15.5000,9.3195,300,0.0000,1.0000
2000-09-14,15.3800,15.3800,15.3800,15.3800,9.2473,0,0.0000,1.0000
2000-09-13,15.3800,15.3800,15.3800,15.3800,9.2473,0,0.0000,1.0000
2000-09-12,15.3800,15.3800,15.3800,15.3800,9.2473,0,0.0000,1.0000
2000-09-11,15.3800,15.3800,15.3800,15.3800,9.2473,0,0.0000,1.0000
2000-09-08,15.3800,15.3800,15.3800,15.3800,9.2473,0,0.0000,1.0000
2000-09-07,15.3700,15.3700,15.3700,15.3700,9.2413,300,0.0000,1.0000
2000-09-06,15.2500,15.2500,15.2500,15.2500,9.1691,200,0.1300,1.0000
2000-09-05,15.2500,15.3700,15.2500,15.2500,9.0916,3200,0.0000,1.0000
2000-09-01,15.3800,15.3800,15.3800,15.3800,9.1691,0,0.0000,1.0000
2000-08-31,15.3800,15.3800,15.3800,15.3800,9.1691,0,0.0000,1.0000
2000-08-30,15.0000,15.3700,15.0000,15.3700,9.1632,19500,0.0000,1.0000
2000-08-29,15.1300,15.1300,15.1300,15.1300,9.0201,0,0.0000,1.0000
2000-08-28,15.1300,15.1300,15.1300,15.1300,9.0201,0,0.0000,1.0000
2000-08-25,14.1200,15.1200,14.1200,15.1200,9.0141,3800,0.0000,1.0000
2000-08-24,14.1200,14.2500,14.1200,14.2500,8.4955,3200,0.0000,1.0000
2000-08-23,14.3800,14.3800,14.3800,14.3800,8.5730,0,0.0000,1.0000
2000-08-22,14.3700,14.3700,14.3700,14.3700,8.5670,200,0.0000,1.0000
2000-08-21,14.1200,14.6200,14.1200,14.6200,8.7161,1200,0.0000,1.0000
2000-08-18,14.1300,14.1300,14.1300,14.1300,8.4239,0,0.0000,1.0000
2000-08-17,14.1300,14.1300,14.1300,14.1300,8.4239,0,0.0000,1.0000
2000-08-16,14.1300,14.1300,14.1300,14.1300,8.4239,200,0.0000,1.0000
2000-08-15,14.3700,15.0000,14.3700,14.5000,8.6445,0,0.0000,1.0000
2000-08-14,14.3700,15.0000,14.3700,14.5000,8.6445,2800,0.0000,1.0000
2000-08-11,14.7500,14.7500,14.7500,14.7500,8.7936,0,0.0000,1.0000
2000-08-10,14.7500,14.7500,14.7500,14.7500,8.7936,0,0.0000,1.0000
2000-08-09,14.7500,14.7500,14.7500,14.7500,8.7936,0,0.0000,1.0000
2000-08-08,14.7500,14.7500,14.7500,14.7500,8.7936,0,0.0000,1.0000
2000-08-07,14.5000,14.7500,14.3700,14.7500,8.7936,1300,0.0000,1.0000
2000-08-04,13.7500,13.7500,13.7500,13.7500,8.1974,0,0.0000,1.0000
2000-08-03,13.7500,13.7500,13.7500,13.7500,8.1974,0,0.0000,1.0000
2000-08-02,13.7500,13.7500,13.7500,13.7500,8.1974,0,0.0000,1.0000
2000-08-01,13.7500,13.7500,13.7500,13.7500,8.1974,0,0.0000,1.0000
2000-07-31,13.7500,13.7500,13.7500,13.7500,8.1974,0,0.0000,1.0000
2000-07-28,13.7500,13.7500,13.7500,13.7500,8.1974,0,0.0000,1.0000
2000-07-27,13.7500,13.7500,13.7500,13.7500,8.1974,1000,0.0000,1.0000
2000-07-26,14.2500,14.2500,14.2500,14.2500,8.4955,0,0.0000,1.0000
2000-07-25,14.2500,14.2500,14.2500,14.2500,8.4955,0,0.0000,1.0000
2000-07-24,13.8700,14.2500,13.7500,14.2500,8.4955,6700,0.0000,1.0000
2000-07-21,13.6300,13.6300,13.6300,13.6300,8.1258,0,0.0000,1.0000
2000-07-20,13.6300,13.6300,13.6300,13.6300,8.1258,0,0.0000,1.0000
2000-07-19,13.6200,13.6200,13.6200,13.6200,8.1199,200,0.0000,1.0000
2000-07-18,13.6200,13.6200,13.6200,13.6200,8.1199,200,0.0000,1.0000
2000-07-17,14.0000,14.0000,14.0000,14.0000,8.3464,0,0.0000,1.0000
2000-07-14,14.0000,14.0000,14.0000,14.0000,8.3464,0,0.0000,1.0000
2000-07-13,14.0000,14.0000,14.0000,14.0000,8.3464,0,0.0000,1.0000
2000-07-12,14.0000,14.0000,14.0000,14.0000,8.3464,0,0.0000,1.0000
2000-07-11,14.0000,14.0000,14.0000,14.0000,8.3464,0,0.0000,1.0000
2000-07-10,14.0000,14.0000,14.0000,14.0000,8.3464,0,0.0000,1.0000
2000-07-07,13.6200,14.0000,13.6200,14.0000,8.3464,23600,0.0000,1.0000
2000-07-06,13.8100,13.8100,13.8100,13.8100,8.2332,0,0.0000,1.0000
2000-07-05,13.8100,13.8100,13.8100,13.8100,8.2332,3000,0.0000,1.0000
2000-07-03,13.6300,13.6300,13.6300,13.6300,8.1258,0,0.0000,1.0000
2000-06-30,13.6200,13.6200,13.6200,13.6200,8.1199,200,0.0000,1.0000
2000-06-29,13.5000,13.6200,13.5000,13.6200,8.1199,1200,0.0000,1.0000
2000-06-28,13.2500,13.2500,13.2500,13.2500,7.8993,0,0.0000,1.0000
2000-06-27,13.2500,13.2500,13.2500,13.2500,7.8993,0,0.0000,1.0000
2000-06-26,13.2500,13.2500,13.2500,13.2500,7.8993,0,0.0000,1.0000
2000-06-23,13.2500,13.2500,13.2500,13.2500,7.8993,0,0.0000,1.0000
2000-06-22,13.2500,13.2500,13.2500,13.2500,7.8993,0,0.0000,1.0000
2000-06-21,13.2500,13.2500,13.2500,13.2500,7.8993,600,0.0000,1.0000
2000-06-20,13.7500,14.0000,13.7500,14.0000,8.3464,1400,0.0000,1.0000
2000-06-19,13.7500,13.7500,13.7500,13.7500,8.1974,0,0.0000,1.0000
2000-06-16,13.7500,13.7500,13.7500,13.7500,8.1974,0,0.0000,1.0000
2000-06-15,13.2500,13.7500,13.2500,13.7500,8.1974,900,0.0000,1.0000
2000-06-14,13.2500,13.2500,13.2500,13.2500,7.8993,200,0.0000,1.0000
2000-06-13,13.7500,13.7500,13.7500,13.7500,8.1974,0,0.0000,1.0000
2000-06-12,13.7500,13.7500,13.7500,13.7500,8.1974,0,0.0000,1.0000
2000-06-09,13.7500,13.7500,13.7500,13.7500,8.1974,0,0.0000,1.0000
2000-06-08,13.2500,13.7500,13.2500,13.7500,8.1974,1000,0.0000,1.0000
2000-06-07,13.7500,13.7500,13.7500,13.7500,8.1974,200,0.1300,1.0000
2000-06-06,13.2500,13.2500,13.2500,13.2500,7.8253,0,0.0000,1.0000
2000-06-05,13.2500,13.2500,13.2500,13.2500,7.8253,0,0.0000,1.0000
2000-06-02,13.2500,13.2500,13.2500,13.2500,7.8253,0,0.0000,1.0000
2000-06-01,13.2500,13.2500,13.2500,13.2500,7.8253,0,0.0000,1.0000
2000-05-31,13.2500,13.2500,13.2500,13.2500,7.8253,0,0.0000,1.0000
2000-05-30,13.2500,13.2500,13.2500,13.2500,7.8253,0,0.0000,1.0000
2000-05-26,13.2500,13.2500,13.2500,13.2500,7.8253,0,0.0000,1.0000
2000-05-25,13.2500,13.2500,13.2500,13.2500,7.8253,0,0.0000,1.0000
2000-05-24,13.2500,13.2500,13.2500,13.2500,7.8253,200,0.0000,1.0000
2000-05-23,13.5000,13.5000,13.5000,13.5000,7.9730,0,0.0000,1.0000
2000-05-22,13.5000,13.5000,13.5000,13.5000,7.9730,0,0.0000,1.0000
2000-05-19,13.5000,13.5000,13.5000,13.5000,7.9730,100,0.0000,1.0000
2000-05-18,14.2500,14.2500,14.2500,14.2500,8.4159,0,0.0000,1.0000
2000-05-17,14.2500,14.2500,14.2500,14.2500,8.4159,100,0.0000,1.0000
2000-05-16,14.7500,14.7500,14.7500,14.7500,8.7112,300,0.0000,1.0000
2000-05-15,13.5600,13.5600,13.5600,13.5600,8.0084,0,0.0000,1.0000
2000-05-12,13.5600,13.5600,13.5600,13.5600,8.0084,0,0.0000,1.0000
2000-05-11,13.5600,13.5600,13.5600,13.5600,8.0084,0,0.0000,1.0000
2000-05-10,13.5600,13.5600,13.5600,13.5600,8.0084,0,0.0000,1.0000
2000-05-09,13.5600,13.5600,13.5600,13.5600,8.0084,0,0.0000,1.0000
2000-05-08,13.5000,13.6200,13.5000,13.5600,8.0084,3800,0.0000,1.0000
2000-05-05,13.5000,13.5000,13.5000,13.5000,7.9730,0,0.0000,1.0000
2000-05-04,13.5000,13.5000,13.5000,13.5000,7.9730,0,0.0000,1.0000
2000-05-03,13.5000,13.5000,13.5000,13.5000,7.9730,200,0.0000,1.0000
2000-05-02,14.2500,14.2500,14.2500,14.2500,8.4159,0,0.0000,1.0000
2000-05-01,14.2500,14.2500,14.2500,14.2500,8.4159,1000,0.0000,1.0000
2000-04-28,13.5000,13.6200,13.5000,13.5000,7.9730,12100,0.0000,1.0000
2000-04-27,14.7500,14.7500,14.7500,14.7500,8.7112,100,0.0000,1.0000
2000-04-26,13.7500,13.8700,13.7500,13.8700,8.1915,2800,0.0000,1.0000
2000-04-25,15.0000,15.0000,15.0000,15.0000,8.8588,0,0.0000,1.0000
2000-04-24,15.0000,15.0000,15.0000,15.0000,8.8588,800,0.0000,1.0000
2000-04-20,13.5000,13.5000,13.5000,13.5000,7.9730,0,0.0000,1.0000
2000-04-19,13.5000,13.5000,13.5000,13.5000,7.9730,400,0.0000,1.0000
2000-04-18,14.1300,14.1300,14.1300,14.1300,8.3450,0,0.0000,1.0000
2000-04-17,14.0000,14.1200,14.0000,14.1200,8.3391,3800,0.0000,1.0000
2000-04-14,14.1300,14.1300,14.1300,14.1300,8.3450,0,0.0000,1.0000
2000-04-13,14.1200,14.1200,14.1200,14.1200,8.3391,300,0.0000,1.0000
2000-04-12,14.1300,14.1300,14.1300,14.1300,8.3450,0,0.0000,1.0000
2000-04-11,14.0000,14.1200,14.0000,14.1200,8.3391,7300,0.0000,1.0000
2000-04-10,14.1300,14.1300,14.1300,14.1300,8.3450,0,0.0000,1.0000
2000-04-07,14.0000,14.1200,14.0000,14.1200,8.3391,900,0.0000,1.0000
2000-04-06,14.0000,14.0000,14.0000,14.0000,8.2683,300,0.0000,1.0000
2000-04-05,14.0000,14.1800,14.0000,14.1800,8.3746,14900,0.0000,1.0000
2000-04-04,14.3800,14.3800,14.3800,14.3800,8.4927,0,0.0000,1.0000
2000-04-03,14.2500,14.3700,14.2500,14.3700,8.4868,5900,0.0000,1.0000
2000-03-31,14.2500,14.2500,14.2500,14.2500,8.4159,0,0.0000,1.0000
2000-03-30,14.2500,14.2500,14.2500,14.2500,8.4159,200,0.0000,1.0000
2000-03-29,15.0000,15.0000,15.0000,15.0000,8.8588,0,0.0000,1.0000
2000-03-28,15.0000,15.0000,15.0000,15.0000,8.8588,500,0.0000,1.0000
2000-03-27,14.6200,14.8700,14.6200,14.6200,8.6344,800,0.0000,1.0000
2000-03-24,14.3800,14.3800,14.3800,14.3800,8.4927,0,0.0000,1.0000
2000-03-23,14.3800,14.3800,14.3800,14.3800,8.4927,0,0.0000,1.0000
2000-03-22,14.3800,14.3800,14.3800,14.3800,8.4927,0,0.0000,1.0000
2000-03-21,14.3800,14.3800,14.3800,14.3800,8.4927,0,0.0000,1.0000
2000-03-20,14.3800,14.3800,14.3800,14.3800,8.4927,0,0.0000,1.0000
2000-03-17,14.3800,14.3800,14.3800,14.3800,8.4927,0,0.0000,1.0000
2000-03-16,14.2500,14.3700,14.2500,14.3700,8.4868,8900,0.0000,1.0000
2000-03-15,14.2500,14.2500,14.2500,14.2500,8.4159,0,0.0000,1.0000
2000-03-14,14.2500,14.2500,14.2500,14.2500,8.4159,0,0.0000,1.0000
2000-03-13,14.2500,14.2500,14.2500,14.2500,8.4159,0,0.0000,1.0000
2000-03-10,14.2500,14.2500,14.2500,14.2500,8.4159,0,0.0000,1.0000
2000-03-09,14.2500,14.2500,14.2500,14.2500,8.4159,0,0.0000,1.0000
2000-03-08,14.2500,14.2500,14.2500,14.2500,8.4159,0,0.0000,1.0000
2000-03-07,14.2500,14.2500,14.2500,14.2500,8.4159,0,0.1300,1.0000
2000-03-06,14.2500,14.2500,14.2500,14.2500,8.3398,400,0.0000,1.0000
2000-03-03,15.2500,15.2500,14.5000,14.5000,8.4861,300,0.0000,1.0000
2000-03-02,14.2500,14.2500,14.2500,14.2500,8.3398,500,0.0000,1.0000
2000-03-01,14.2500,14.2500,14.2500,14.2500,8.3398,0,0.0000,1.0000
2000-02-29,14.2500,14.2500,14.2500,14.2500,8.3398,200,0.0000,1.0000
2000-02-28,14.2500,14.2500,14.2500,14.2500,8.3398,200,0.0000,1.0000
2000-02-25,14.1300,14.1300,14.1300,14.1300,8.2696,0,0.0000,1.0000
2000-02-24,14.1300,14.1300,14.1300,14.1300,8.2696,0,0.0000,1.0000
2000-02-23,14.1300,14.1300,14.1300,14.1300,8.2696,0,0.0000,1.0000
2000-02-22,14.1300,14.1300,14.1300,14.1300,8.2696,0,0.0000,1.0000
2000-02-18,14.1200,14.1200,14.1200,14.1200,8.2637,200,0.0000,1.0000
2000-02-17,15.5000,15.5000,14.0000,14.0000,8.1935,500,0.0000,1.0000
2000-02-16,14.5000,14.7500,14.5000,14.7500,8.6324,600,0.0000,1.0000
2000-02-15,15.5000,15.5000,15.5000,15.5000,9.0714,0,0.0000,1.0000
2000-02-14,15.5000,15.5000,15.5000,15.5000,9.0714,0,0.0000,1.0000
2000-02-11,14.2500,15.5000,14.2500,15.5000,9.0714,700,0.0000,1.0000
2000-02-10,14.0000,14.0000,14.0000,14.0000,8.1935,400,0.0000,1.0000
2000-02-09,14.0000,14.2500,14.0000,14.2500,8.3398,12900,0.0000,1.0000
2000-02-08,16.0000,16.0000,16.0000,16.0000,9.3640,0,0.0000,1.0000
2000-02-07,16.0000,16.0000,16.0000,16.0000,9.3640,200,0.0000,1.0000
2000-02-04,14.0000,14.0000,14.0000,14.0000,8.1935,500,0.0000,1.0000
2000-02-03,14.0000,15.0000,14.0000,15.0000,8.7788,600,0.0000,1.0000
2000-02-02,14.5000,14.5000,14.5000,14.5000,8.4861,0,0.0000,1.0000
2000-02-01,14.5000,14.5000,14.5000,14.5000,8.4861,0,0.0000,1.0000
2000-01-31,13.5000,14.5000,13.5000,14.5000,8.4861,900,0.0000,1.0000
2000-01-28,14.0000,14.0000,14.0000,14.0000,8.1935,0,0.0000,1.0000
2000-01-27,14.0000,14.0000,14.0000,14.0000,8.1935,100,0.0000,1.0000
2000-01-26,14.2500,14.2500,13.1200,14.0000,8.1935,14500,0.0000,1.0000
2000-01-25,13.5000,13.5000,13.5000,13.5000,7.9009,800,0.0000,1.0000
2000-01-24,13.5000,15.0000,13.5000,13.7500,8.0472,4800,0.0000,1.0000
2000-01-21,15.2500,15.2500,15.2500,15.2500,8.9251,200,0.0000,1.0000
2000-01-20,14.0000,14.0000,13.5000,14.0000,8.1935,10900,0.0000,1.0000
2000-01-19,14.5000,15.0000,13.0000,13.0000,7.6083,7400,0.0000,1.0000
2000-01-18,13.5000,13.7500,13.0000,13.0000,7.6083,3200,0.0000,1.0000
2000-01-14,14.0000,14.0000,14.0000,14.0000,8.1935,0,0.0000,1.0000
2000-01-13,14.0000,14.2500,12.0000,14.0000,8.1935,9600,0.0000,1.0000
2000-01-12,16.0000,16.0000,16.0000,16.0000,9.3640,0,0.0000,1.0000
2000-01-11,15.7500,16.0000,15.7500,16.0000,9.3640,1000,0.0000,1.0000
2000-01-10,16.7500,16.7500,16.7500,16.7500,9.8029,1000,0.0000,1.0000
2000-01-07,13.5000,13.5000,13.5000,13.5000,7.9009,0,0.0000,1.0000
2000-01-06,13.5000,13.5000,13.5000,13.5000,7.9009,0,0.0000,1.0000
2000-01-05,13.5000,13.5000,13.5000,13.5000,7.9009,100,0.0000,1.0000
2000-01-04,16.0000,16.0000,16.0000,16.0000,9.3640,0,0.0000,1.0000
2000-01-03,16.0000,16.0000,16.0000,16.0000,9.3640,1000,0.0000,1.0000
1999-12-31,17.5000,17.5000,16.7500,17.2500,10.0956,15000,0.0000,1.0000
1999-12-30,17.0000,17.0000,17.0000,17.0000,9.9493,1500,0.0000,1.0000
1999-12-29,17.0000,17.0000,17.0000,17.0000,9.9493,200,0.0000,1.0000
1999-12-28,19.0000,19.0000,17.2500,17.2500,10.0956,1300,0.0000,1.0000
1999-12-27,17.2500,17.2500,17.2500,17.2500,10.0956,900,0.0000,1.0000
1999-12-23,17.2500,17.2500,17.2500,17.2500,10.0956,100,0.0000,1.0000
1999-12-22,17.2500,17.2500,17.2500,17.2500,10.0956,200,0.0000,1.0000
1999-12-21,17.2500,17.6200,17.2500,17.6200,10.3121,1800,0.0000,1.0000
1999-12-20,17.2500,18.5600,17.2500,17.2500,10.0956,1500,0.0000,1.0000
1999-12-17,18.7500,18.7500,18.7500,18.7500,10.9734,10900,0.0000,1.0000
1999-12-16,17.2500,17.2500,17.2500,17.2500,10.0956,0,0.0000,1.0000
1999-12-15,17.2500,17.2500,17.2500,17.2500,10.0956,0,0.0000,1.0000
1999-12-14,17.2500,17.2500,17.2500,17.2500,10.0956,100,0.0000,1.0000
1999-12-13,17.2500,17.2500,17.2500,17.2500,10.0956,200,0.0000,1.0000
1999-12-10,17.7500,17.7500,17.2500,17.2500,10.0956,800,0.0000,1.0000
1999-12-09,18.0000,18.0000,18.0000,18.0000,10.5345,600,0.0000,1.0000
1999-12-08,19.5000,19.5000,19.0000,19.0000,11.1198,600,0.0000,1.0000
1999-12-07,19.5000,19.5000,19.5000,19.5000,11.4124,200,0.0000,1.0000
1999-12-06,19.5000,19.5000,19.5000,19.5000,11.4124,200,0.0000,1.0000
1999-12-03,19.7500,19.7500,19.7500,19.7500,11.5587,200,0.0000,1.0000
1999-12-02,19.7500,19.7500,19.7500,19.7500,11.5587,200,0.1300,1.0000
1999-12-01,20.0000,20.0000,20.0000,20.0000,11.6285,100,0.0000,1.0000
1999-11-30,20.5000,20.5000,20.0000,20.0000,11.6285,1300,0.0000,1.0000
1999-11-29,21.0000,21.0000,20.0000,20.0000,11.6285,3300,0.0000,1.0000
1999-11-26,22.0000,22.0000,21.0000,21.0000,12.2099,1200,0.0000,1.0000
1999-11-24,23.5000,23.5000,23.5000,23.5000,13.6634,0,0.0000,1.0000
1999-11-23,23.5000,23.5000,23.5000,23.5000,13.6634,0,0.0000,1.0000
1999-11-22,23.5000,23.5000,23.5000,23.5000,13.6634,0,0.0000,1.0000
1999-11-19,23.5000,23.5000,23.5000,23.5000,13.6634,0,0.0000,1.0000
1999-11-18,23.5000,23.5000,23.5000,23.5000,13.6634,0,0.0000,1.0000
1999-11-17,23.5000,23.5000,23.5000,23.5000,13.6634,200,0.0000,1.0000
1999-11-16,22.0000,22.0000,22.0000,22.0000,12.7913,800,0.0000,1.0000
1999-11-15,23.2500,23.2500,23.2500,23.2500,13.5181,500,0.0000,1.0000
1999-11-12,22.0000,22.0000,22.0000,22.0000,12.7913,0,0.0000,1.0000
1999-11-11,22.2500,22.2500,22.0000,22.0000,12.7913,1600,0.0000,1.0000
1999-11-10,22.5000,22.5000,22.5000,22.5000,13.0820,0,0.0000,1.0000
1999-11-09,22.5000,22.5000,22.5000,22.5000,13.0820,3100,0.0000,1.0000
1999-11-08,22.5000,22.5000,22.5000,22.5000,13.0820,0,0.0000,1.0000
1999-11-05,22.5000,22.5000,22.5000,22.5000,13.0820,0,0.0000,1.0000
1999-11-04,22.5000,22.5000,22.5000,22.5000,13.0820,0,0.0000,1.0000
1999-11-03,22.5000,22.5000,22.5000,22.5000,13.0820,200,0.0000,1.0000
1999-11-02,22.5000,24.5000,22.5000,24.5000,14.2449,200,0.0000,1.0000
1999-11-01,24.5000,24.5000,24.5000,24.5000,14.2449,0,0.0000,1.0000
1999-10-29,23.0000,24.5000,23.0000,24.5000,14.2449,12100,0.0000,1.0000
1999-10-28,23.0000,23.0000,23.0000,23.0000,13.3727,0,0.0000,1.0000
1999-10-27,23.0000,23.0000,23.0000,23.0000,13.3727,0,0.0000,1.0000
1999-10-26,23.0000,23.0000,23.0000,23.0000,13.3727,1200,0.0000,1.0000
1999-10-25,23.8800,23.8800,23.8800,23.8800,13.8844,0,0.0000,1.0000
1999-10-22,23.8800,23.8800,23.8800,23.8800,13.8844,0,0.0000,1.0000
1999-10-21,24.0000,24.0000,23.8700,23.8700,13.8786,600,0.0000,1.0000
1999-10-20,24.0000,24.0000,24.0000,24.0000,13.9542,100,0.0000,1.0000
1999-10-19,24.0000,24.0000,24.0000,24.0000,13.9542,1300,0.0000,1.0000
1999-10-18,24.0000,24.0000,24.0000,24.0000,13.9542,0,0.0000,1.0000
1999-10-15,24.0000,24.0000,24.0000,24.0000,13.9542,0,0.0000,1.0000
1999-10-14,24.0000,24.0000,24.0000,24.0000,13.9542,0,0.0000,1.0000
1999-10-13,24.0000,24.0000,24.0000,24.0000,13.9542,200,0.0000,1.0000
1999-10-12,24.0000,24.0000,24.0000,24.0000,13.9542,0,0.0000,1.0000
1999-10-11,24.0000,24.0000,24.0000,24.0000,13.9542,0,0.0000,1.0000
1999-10-08,24.0000,24.0000,24.0000,24.0000,13.9542,0,0.0000,1.0000
1999-10-07,24.0000,24.0000,24.0000,24.0000,13.9542,0,0.0000,1.0000
1999-10-06,24.0000,24.0000,24.0000,24.0000,13.9542,0,0.0000,1.0000
1999-10-05,24.0000,24.0000,24.0000,24.0000,13.9542,0,0.0000,1.0000
1999-10-04,24.0000,24.0000,24.0000,24.0000,13.9542,200,0.0000,1.0000
1999-10-01,24.3600,24.3600,24.3600,24.3600,14.1635,0,0.0000,1.0000
1999-09-30,24.3600,24.3600,24.3600,24.3600,14.1635,0,0.0000,1.0000
1999-09-29,24.3600,24.3600,24.3600,24.3600,14.1635,0,0.0000,1.0000
1999-09-28,25.0000,25.0000,24.3700,24.3700,14.1693,400,0.0000,1.0000
1999-09-27,25.0000,25.0000,25.0000,25.0000,14.5356,400,0.0000,1.0000
1999-09-24,25.0000,25.0000,25.0000,25.0000,14.5356,0,0.0000,1.0000
1999-09-23,25.0000,25.0000,25.0000,25.0000,14.5356,0,0.0000,1.0000
1999-09-22,25.0000,25.0000,25.0000,25.0000,14.5356,0,0.0000,1.0000
1999-09-21,25.0000,25.0000,25.0000,25.0000,14.5356,0,0.0000,1.0000
1999-09-20,25.0000,25.0000,25.0000,25.0000,14.5356,400,0.0000,1.0000
1999-09-17,25.0000,25.0000,25.0000,25.0000,14.5356,0,0.0000,1.0000
1999-09-16,25.0000,25.0000,25.0000,25.0000,14.5356,0,0.0000,1.0000
1999-09-15,25.5000,25.5000,25.0000,25.0000,14.5356,400,0.0000,1.0000
1999-09-14,25.5000,25.5000,25.5000,25.5000,14.8263,0,0.0000,1.0000
1999-09-13,25.5000,25.5000,25.5000,25.5000,14.8263,11400,0.0000,1.0000
1999-09-10,25.5000,25.5000,25.5000,25.5000,14.8263,0,0.0000,1.0000
1999-09-09,25.5000,25.5000,25.5000,25.5000,14.8263,1100,0.0000,1.0000
1999-09-08,25.5000,25.5000,25.5000,25.5000,14.8263,0,0.1300,1.0000
1999-09-07,25.5000,25.5000,25.5000,25.5000,14.7511,3700,0.0000,1.0000
1999-09-03,25.3800,25.3800,25.3800,25.3800,14.6817,0,0.0000,1.0000
1999-09-02,25.3700,25.3700,25.3700,25.3700,14.6759,1100,0.0000,1.0000
1999-09-01,25.7500,25.7500,25.7500,25.7500,14.8957,4200,0.0000,1.0000
1999-08-31,25.3800,25.3800,25.3800,25.3800,14.6817,0,0.0000,1.0000
1999-08-30,25.3800,25.3800,25.3800,25.3800,14.6817,0,0.0000,1.0000
1999-08-27,25.3700,25.3700,25.3700,25.3700,14.6759,400,0.0000,1.0000
1999-08-26,25.3700,25.3700,25.3700,25.3700,14.6759,700,0.0000,1.0000
1999-08-25,25.3800,25.3800,25.3800,25.3800,14.6817,0,0.0000,1.0000
1999-08-24,25.3800,25.3800,25.3800,25.3800,14.6817,0,0.0000,1.0000
1999-08-23,25.3700,25.3700,25.3700,25.3700,14.6759,500,0.0000,1.0000
1999-08-20,26.0000,26.0000,26.0000,26.0000,15.0403,0,0.0000,1.0000
1999-08-19,26.0000,26.0000,26.0000,26.0000,15.0403,0,0.0000,1.0000
1999-08-18,26.0000,26.0000,26.0000,26.0000,15.0403,0,0.0000,1.0000
1999-08-17,26.1200,26.1200,26.0000,26.0000,15.0403,4400,0.0000,1.0000
1999-08-16,26.5000,26.5000,26.5000,26.5000,15.3296,0,0.0000,1.0000
1999-08-13,26.5000,26.5000,26.5000,26.5000,15.3296,0,0.0000,1.0000
1999-08-12,26.5000,26.5000,26.5000,26.5000,15.3296,800,0.0000,1.0000
1999-08-11,27.0000,27.0000,27.0000,27.0000,15.6188,600,0.0000,1.0000
1999-08-10,27.2500,27.2500,27.2500,27.2500,15.7634,0,0.0000,1.0000
1999-08-09,27.2500,27.2500,27.2500,27.2500,15.7634,0,0.0000,1.0000
1999-08-06,27.2500,27.2500,27.2500,27.2500,15.7634,0,0.0000,1.0000
1999-08-05,27.2500,27.2500,27.2500,27.2500,15.7634,0,0.0000,1.0000
1999-08-04,27.2500,27.2500,27.2500,27.2500,15.7634,0,0.0000,1.0000
1999-08-03,27.2500,27.2500,27.2500,27.2500,15.7634,0,0.0000,1.0000
1999-08-02,27.2500,27.2500,27.2500,27.2500,15.7634,0,0.0000,1.0000
1999-07-30,27.2500,27.2500,27.2500,27.2500,15.7634,0,0.0000,1.0000
1999-07-29,27.2500,27.2500,27.2500,27.2500,15.7634,0,0.0000,1.0000
1999-07-28,27.0000,27.2500,27.0000,27.2500,15.7634,9000,0.0000,1.0000
1999-07-27,27.5000,27.5000,27.5000,27.5000,15.9080,0,0.0000,1.0000
1999-07-26,27.0000,27.5000,27.0000,27.5000,15.9080,500,0.0000,1.0000
1999-07-23,27.0000,27.0000,27.0000,27.0000,15.6188,200,0.0000,1.0000
1999-07-22,27.0000,27.0000,27.0000,27.0000,15.6188,0,0.0000,1.0000
1999-07-21,27.0000,27.0000,27.0000,27.0000,15.6188,0,0.0000,1.0000
1999-07-20,27.0000,27.0000,27.0000,27.0000,15.6188,400,0.0000,1.0000
1999-07-19,28.0000,28.0000,27.0000,27.0000,15.6188,400,0.0000,1.0000
1999-07-16,27.0000,27.0000,27.0000,27.0000,15.6188,0,0.0000,1.0000
1999-07-15,27.0000,27.0000,27.0000,27.0000,15.6188,0,0.0000,1.0000
1999-07-14,27.0000,27.0000,27.0000,27.0000,15.6188,0,0.0000,1.0000
1999-07-13,27.0000,27.0000,27.0000,27.0000,15.6188,700,0.0000,1.0000
1999-07-12,27.0000,27.0000,27.0000,27.0000,15.6188,300,0.0000,1.0000
1999-07-09,27.0000,27.0000,27.0000,27.0000,15.6188,0,0.0000,1.0000
1999-07-08,27.0000,27.0000,27.0000,27.0000,15.6188,0,0.0000,1.0000
1999-07-07,27.0000,27.0000,27.0000,27.0000,15.6188,0,0.0000,1.0000
1999-07-06,27.0000,27.0000,27.0000,27.0000,15.6188,200,0.0000,1.0000
1999-07-02,27.0000,27.0000,27.0000,27.0000,15.6188,0,0.0000,1.0000
1999-07-01,27.0000,27.0000,27.0000,27.0000,15.6188,0,0.0000,1.0000
1999-06-30,27.0000,27.0000,27.0000,27.0000,15.6188,0,0.0000,1.0000
1999-06-29,27.0000,27.0000,27.0000,27.0000,15.6188,0,0.0000,1.0000
1999-06-28,27.0000,27.0000,27.0000,27.0000,15.6188,800,0.0000,1.0000
1999-06-25,28.0000,28.0000,28.0000,28.0000,16.1973,0,0.0000,1.0000
1999-06-24,28.0000,28.0000,28.0000,28.0000,16.1973,0,0.0000,1.0000
1999-06-23,28.0000,28.0000,28.0000,28.0000,16.1973,0,0.0000,1.0000
1999-06-22,28.0000,28.0000,28.0000,28.0000,16.1973,0,0.0000,1.0000
1999-06-21,28.0000,28.0000,28.0000,28.0000,16.1973,0,0.0000,1.0000
1999-06-18,28.0000,28.0000,28.0000,28.0000,16.1973,0,0.0000,1.0000
1999-06-17,28.0000,28.0000,28.0000,28.0000,16.1973,0,0.0000,1.0000
1999-06-16,28.0000,28.0000,28.0000,28.0000,16.1973,0,0.0000,1.0000
1999-06-15,28.0000,28.0000,28.0000,28.0000,16.1973,0,0.0000,1.0000
1999-06-14,28.0000,28.0000,28.0000,28.0000,16.1973,900,0.0000,1.0000
1999-06-11,28.0000,28.0000,28.0000,28.0000,16.1973,0,0.0000,1.0000
1999-06-10,28.0000,28.0000,28.0000,28.0000,16.1973,0,0.0000,1.0000
1999-06-09,28.0000,28.0000,28.0000,28.0000,16.1973,0,0.1300,1.0000
1999-06-08,28.0000,28.0000,28.0000,28.0000,16.1224,200,0.0000,1.0000
1999-06-07,28.6300,28.6300,28.6300,28.6300,16.4852,0,0.0000,1.0000
1999-06-04,28.6300,28.6300,28.6300,28.6300,16.4852,0,0.0000,1.0000
1999-06-03,28.2500,28.6200,28.2500,28.6200,16.4794,5800,0.0000,1.0000
1999-06-02,28.2500,28.2500,28.2500,28.2500,16.2664,0,0.0000,1.0000
1999-06-01,28.2500,28.2500,28.2500,28.2500,16.2664,0,0.0000,1.0000
1999-05-28,28.2500,28.2500,28.2500,28.2500,16.2664,0,0.0000,1.0000
1999-05-27,28.2500,28.2500,28.2500,28.2500,16.2664,0,0.0000,1.0000
1999-05-26,28.2500,28.2500,28.2500,28.2500,16.2664,0,0.0000,1.0000
1999-05-25,28.2500,28.2500,28.2500,28.2500,16.2664,0,0.0000,1.0000
1999-05-24,28.2500,28.2500,28.2500,28.2500,16.2664,400,0.0000,1.0000
1999-05-21,28.2500,28.2500,28.2500,28.2500,16.2664,0,0.0000,1.0000
1999-05-20,28.2500,28.2500,28.2500,28.2500,16.2664,400,0.0000,1.0000
1999-05-19,28.2500,28.2500,28.2500,28.2500,16.2664,0,0.0000,1.0000
1999-05-18,28.2500,28.2500,28.2500,28.2500,16.2664,0,0.0000,1.0000
1999-05-17,28.2500,28.2500,28.2500,28.2500,16.2664,0,0.0000,1.0000
1999-05-14,28.2500,28.2500,28.2500,28.2500,16.2664,0,0.0000,1.0000
1999-05-13,28.2500,28.2500,28.2500,28.2500,16.2664,0,0.0000,1.0000
1999-05-12,28.2500,28.2500,28.2500,28.2500,16.2664,0,0.0000,1.0000
1999-05-11,28.2500,28.2500,28.2500,28.2500,16.2664,100,0.0000,1.0000
1999-05-10,28.7500,28.7500,28.7500,28.7500,16.5543,0,0.0000,1.0000
1999-05-07,28.7500,28.7500,28.7500,28.7500,16.5543,0,0.0000,1.0000
1999-05-06,28.7500,28.7500,28.7500,28.7500,16.5543,0,0.0000,1.0000
1999-05-05,28.7500,28.7500,28.7500,28.7500,16.5543,1000,0.0000,1.0000
1999-05-04,29.0000,29.0000,29.0000,29.0000,16.6982,0,0.0000,1.0000
1999-05-03,29.0000,29.0000,29.0000,29.0000,16.6982,0,0.0000,1.0000
1999-04-30,29.0000,29.0000,29.0000,29.0000,16.6982,0,0.0000,1.0000
1999-04-29,29.0000,29.0000,29.0000,29.0000,16.6982,0,0.0000,1.0000
1999-04-28,29.0000,29.0000,29.0000,29.0000,16.6982,300,0.0000,1.0000
1999-04-27,29.0000,29.0000,29.0000,29.0000,16.6982,400,0.0000,1.0000
1999-04-26,29.2500,29.2500,29.2500,29.2500,16.8422,0,0.0000,1.0000
1999-04-23,29.0600,29.2500,29.0000,29.2500,16.8422,12200,0.0000,1.0000
1999-04-22,29.0000,29.0000,29.0000,29.0000,16.6982,1400,0.0000,1.0000
1999-04-21,29.7500,29.7500,29.7500,29.7500,17.1301,300,0.0000,1.0000
1999-04-20,29.5000,29.5000,29.2500,29.2500,16.8422,3300,0.0000,1.0000
1999-04-19,29.2500,29.2500,29.0000,29.0000,16.6982,800,0.0000,1.0000
1999-04-16,29.7500,29.7500,29.7500,29.7500,17.1301,0,0.0000,1.0000
1999-04-15,29.7500,29.7500,29.7500,29.7500,17.1301,0,0.0000,1.0000
1999-04-14,29.7500,29.7500,29.7500,29.7500,17.1301,0,0.0000,1.0000
1999-04-13,29.7500,29.7500,29.7500,29.7500,17.1301,400,0.0000,1.0000
1999-04-12,29.2500,29.2500,29.2500,29.2500,16.8422,0,0.0000,1.0000
1999-04-09,29.2500,29.2500,29.2500,29.2500,16.8422,0,0.0000,1.0000
1999-04-08,29.2500,29.2500,29.2500,29.2500,16.8422,0,0.0000,1.0000
1999-04-07,29.2500,29.2500,29.2500,29.2500,16.8422,0,0.0000,1.0000
1999-04-06,29.2500,29.2500,29.2500,29.2500,16.8422,0,0.0000,1.0000
1999-04-05,29.2500,29.2500,29.2500,29.2500,16.8422,0,0.0000,1.0000
1999-04-01,29.2500,29.2500,29.2500,29.2500,16.8422,200,0.0000,1.0000
1999-03-31,29.2500,29.5000,29.2500,29.5000,16.9861,800,0.0000,1.0000
1999-03-30,29.2500,29.2500,29.2500,29.2500,16.8422,0,0.0000,1.0000
1999-03-29,29.2500,29.2500,29.2500,29.2500,16.8422,0,0.0000,1.0000
1999-03-26,29.2500,29.2500,29.2500,29.2500,16.8422,0,0.0000,1.0000
1999-03-25,29.2500,29.2500,29.2500,29.2500,16.8422,0,0.0000,1.0000
1999-03-24,29.2500,29.2500,29.2500,29.2500,16.8422,0,0.0000,1.0000
1999-03-23,29.2500,29.2500,29.2500,29.2500,16.8422,0,0.0000,1.0000
1999-03-22,29.2500,29.2500,29.2500,29.2500,16.8422,0,0.0000,1.0000
1999-03-19,29.2500,29.2500,29.2500,29.2500,16.8422,5900,0.0000,1.0000
1999-03-18,29.2500,29.2500,29.2500,29.2500,16.8422,0,0.0000,1.0000
1999-03-17,29.2500,29.2500,29.2500,29.2500,16.8422,100,0.0000,1.0000
1999-03-16,30.5000,30.5000,30.5000,30.5000,17.5619,0,0.0000,1.0000
1999-03-15,30.5000,30.5000,30.5000,30.5000,17.5619,0,0.0000,1.0000
1999-03-12,30.5000,30.5000,30.5000,30.5000,17.5619,0,0.0000,1.0000
1999-03-11,29.2500,30.5000,29.2500,30.5000,17.5619,800,0.0000,1.0000
1999-03-10,30.6300,30.6300,30.6300,30.6300,17.6368,0,0.0000,1.0000
1999-03-09,30.6300,30.6300,30.6300,30.6300,17.6368,0,0.0000,1.0000
1999-03-08,30.6200,30.6200,30.6200,30.6200,17.6310,1600,0.0000,1.0000
1999-03-05,29.2500,29.2500,29.2500,29.2500,16.8422,0,0.1300,1.0000
1999-03-04,29.2500,29.2500,29.2500,29.2500,16.7677,300,0.0000,1.0000
1999-03-03,29.2500,29.2500,29.2500,29.2500,16.7677,0,0.0000,1.0000
1999-03-02,30.0000,30.7500,29.2500,29.2500,16.7677,3700,0.0000,1.0000
1999-03-01,30.5000,30.5000,30.5000,30.5000,17.4842,300,0.0000,1.0000
1999-02-26,30.7500,30.7500,29.2500,29.2500,16.7677,3300,0.0000,1.0000
1999-02-25,30.0000,30.0000,30.0000,30.0000,17.1976,0,0.0000,1.0000
1999-02-24,30.1200,30.6200,30.0000,30.0000,17.1976,14900,0.0000,1.0000
1999-02-23,29.2500,29.2500,29.2500,29.2500,16.7677,500,0.0000,1.0000
1999-02-22,30.1200,30.6200,30.1200,30.6200,17.5530,5000,0.0000,1.0000
1999-02-19,29.2500,29.2500,29.2500,29.2500,16.7677,100,0.0000,1.0000
1999-02-18,30.5000,30.5000,30.5000,30.5000,17.4842,0,0.0000,1.0000
1999-02-17,30.0000,30.5000,29.5000,30.5000,17.4842,7700,0.0000,1.0000
1999-02-16,30.3700,30.3700,30.3700,30.3700,17.4097,100,0.0000,1.0000
1999-02-12,30.2500,30.2500,30.2500,30.2500,17.3409,0,0.0000,1.0000
1999-02-11,30.2500,30.2500,30.2500,30.2500,17.3409,0,0.0000,1.0000
1999-02-10,30.2500,30.2500,30.2500,30.2500,17.3409,400,0.0000,1.0000
1999-02-09,30.0000,30.0000,30.0000,30.0000,17.1976,600,0.0000,1.0000
1999-02-08,29.5000,29.5000,29.5000,29.5000,16.9110,0,0.0000,1.0000
1999-02-05,29.5000,29.5000,29.5000,29.5000,16.9110,0,0.0000,1.0000
1999-02-04,29.5000,29.5000,29.5000,29.5000,16.9110,0,0.0000,1.0000
1999-02-03,29.5000,29.5000,29.5000,29.5000,16.9110,0,0.0000,1.0000
1999-02-02,29.0000,29.5000,29.0000,29.5000,16.9110,2900,0.0000,1.0000
1999-02-01,29.5000,29.5000,29.5000,29.5000,16.9110,0,0.0000,1.0000
1999-01-29,29.5000,29.5000,29.5000,29.5000,16.9110,0,0.0000,1.0000
1999-01-28,29.5000,29.5000,29.5000,29.5000,16.9110,0,0.0000,1.0000
1999-01-27,29.5000,29.5000,29.5000,29.5000,16.9110,400,0.0000,1.0000
1999-01-26,31.5000,31.5000,29.5000,30.0000,17.1976,7700,0.0000,1.0000
1999-01-25,29.5000,30.0000,29.5000,30.0000,17.1976,9700,0.0000,1.0000
1999-01-22,30.0000,30.0000,30.0000,30.0000,17.1976,100,0.0000,1.0000
1999-01-21,29.5000,29.5000,29.5000,29.5000,16.9110,0,0.0000,1.0000
1999-01-20,29.5000,29.5000,29.5000,29.5000,16.9110,1900,0.0000,1.0000
1999-01-19,29.5000,30.0000,29.5000,30.0000,17.1976,3600,0.0000,1.0000
1999-01-15,29.5000,29.5000,29.5000,29.5000,16.9110,1200,0.0000,1.0000
1999-01-14,29.5000,29.5000,29.5000,29.5000,16.9110,0,0.0000,1.0000
1999-01-13,29.5000,29.5000,29.5000,29.5000,16.9110,0,0.0000,1.0000
1999-01-12,29.5000,29.5000,29.5000,29.5000,16.9110,300,0.0000,1.0000
