timestamp,open,high,low,close,adjusted_close,volume,dividend_amount,split_coefficient
2019-08-01,43.6300,43.7274,43.6300,43.7274,43.7274,1100,0.0000,1.0000
2019-07-31,44.2450,44.4600,43.8200,44.0700,44.0700,4617,0.0000,1.0000
2019-07-30,43.8603,44.0030,43.8603,44.0030,44.0030,603,0.0000,1.0000
2019-07-29,43.5811,43.7350,43.5000,43.6900,43.6900,3528,0.0000,1.0000
2019-07-26,43.5800,44.1800,43.3000,44.1454,44.1454,2764,0.0000,1.0000
2019-07-25,44.3900,44.3900,43.7565,43.7565,43.7565,3460,0.0000,1.0000
2019-07-24,43.3710,44.3600,43.3710,44.3600,44.3600,6304,0.0000,1.0000
2019-07-23,43.1500,43.3000,42.9290,43.0450,43.0450,6684,0.0000,1.0000
2019-07-22,43.1400,43.2350,42.9775,43.0100,43.0100,4760,0.0000,1.0000
2019-07-19,43.7800,43.8199,43.2600,43.2600,43.2600,75906,0.0000,1.0000
2019-07-18,43.2500,43.6569,43.2500,43.4010,43.4010,14406,0.0000,1.0000
2019-07-17,43.8700,43.8700,43.3669,43.3669,43.3669,6637,0.0000,1.0000
2019-07-16,43.8600,43.9799,43.4901,43.5814,43.5814,7690,0.0000,1.0000
2019-07-15,43.4950,43.6799,43.4500,43.5924,43.5924,4278,0.0000,1.0000
2019-07-12,43.5600,43.6267,43.3535,43.5834,43.5834,3605,0.0000,1.0000
2019-07-11,43.7900,43.7900,43.1263,43.3796,43.3796,3761,0.0000,1.0000
2019-07-10,43.5200,43.7000,43.4800,43.5500,43.5500,15811,0.0000,1.0000
2019-07-09,43.5000,43.5100,43.3600,43.4196,43.4196,1070,0.0000,1.0000
2019-07-08,43.5700,43.6699,43.4501,43.5292,43.5292,4931,0.0000,1.0000
2019-07-05,43.9400,44.0400,43.5513,43.9832,43.9832,2112,0.0000,1.0000
2019-07-03,43.5100,43.5100,43.5100,43.5100,43.5100,297,0.0000,1.0000
2019-07-02,43.6300,43.7800,43.5000,43.5000,43.5000,2992,0.0000,1.0000
2019-07-01,44.0000,44.0840,43.7100,43.8228,43.8228,1880,0.0000,1.0000
2019-06-28,43.4000,43.8020,43.3500,43.7914,43.7914,2207,0.0412,1.0000
2019-06-27,42.5330,42.9807,42.5330,42.8606,42.8203,4884,0.0000,1.0000
2019-06-26,41.9400,42.5329,41.9400,42.3315,42.2917,2424,0.0000,1.0000
2019-06-25,42.5000,42.5000,42.0521,42.1892,42.1495,5204,0.0000,1.0000
2019-06-24,43.0000,43.0000,42.5300,42.5300,42.4900,12644,0.0000,1.0000
2019-06-21,43.6000,43.6000,43.0580,43.1712,43.1306,23937,0.0000,1.0000
2019-06-20,43.3855,43.5691,43.3599,43.4613,43.4204,2342,0.0000,1.0000
2019-06-19,42.5900,43.1799,42.5900,43.0450,43.0045,4346,0.0000,1.0000
2019-06-18,43.0800,43.1400,42.9022,42.9651,42.9247,7694,0.0000,1.0000
2019-06-17,42.1543,42.2500,42.0746,42.2500,42.2103,2428,0.0000,1.0000
2019-06-14,42.4000,42.4977,42.0900,42.0900,42.0504,7029,0.0000,1.0000
2019-06-13,42.5207,42.6148,42.4001,42.6148,42.5747,2466,0.0000,1.0000
2019-06-12,42.0700,42.3400,41.9326,42.0524,42.0128,14403,0.0000,1.0000
2019-06-11,42.7283,42.7283,41.9571,41.9571,41.9176,3969,0.0000,1.0000
2019-06-10,42.7000,42.8000,42.4451,42.4500,42.4101,6871,0.0000,1.0000
2019-06-07,41.5500,42.1885,41.5500,42.1223,42.0827,1341,0.0000,1.0000
2019-06-06,41.3080,41.5285,41.1707,41.5285,41.4894,2014,0.0000,1.0000
2019-06-05,41.5343,41.6800,41.2300,41.5895,41.5504,5555,0.0000,1.0000
2019-06-04,40.9464,41.2568,40.9464,41.2283,41.1895,3020,0.0000,1.0000
2019-06-03,40.3500,40.4600,40.2330,40.2330,40.1952,4022,0.0000,1.0000
2019-05-31,40.4000,40.6994,40.0100,40.6000,40.5618,3148,0.0000,1.0000
2019-05-30,41.2846,41.3400,40.9900,40.9900,40.9514,3890,0.0000,1.0000
2019-05-29,41.0500,41.0770,40.8275,41.0500,41.0114,1338,0.0000,1.0000
2019-05-28,41.8503,41.8503,41.7488,41.8000,41.7607,1782,0.0000,1.0000
2019-05-24,41.6700,41.6700,41.4078,41.5820,41.5429,2824,0.0000,1.0000
2019-05-23,42.0000,42.0000,41.1300,41.1300,41.0913,3942,0.0000,1.0000
2019-05-22,42.2633,42.3128,42.0001,42.1900,42.1503,2668,0.0000,1.0000
2019-05-21,42.2940,42.4163,42.1706,42.3739,42.3340,1435,0.0000,1.0000
2019-05-20,42.2500,42.2500,41.7475,41.7475,41.7082,3400,0.0000,1.0000
2019-05-17,43.0500,43.0500,42.3565,42.4528,42.4129,7572,0.0000,1.0000
2019-05-16,42.9380,43.1304,42.9380,43.0361,42.9956,1992,0.0000,1.0000
2019-05-15,42.2000,42.4300,42.0200,42.3112,42.2714,9186,0.0000,1.0000
2019-05-14,41.6800,42.3999,41.6800,42.3000,42.2602,5841,0.0000,1.0000
2019-05-13,41.8800,42.2406,41.6327,41.6430,41.6038,16665,0.0000,1.0000
2019-05-10,42.9100,42.9100,42.6612,42.6612,42.6211,606,0.0000,1.0000
2019-05-09,42.5756,43.1919,42.5756,43.0900,43.0495,3931,0.0000,1.0000
2019-05-08,42.8100,43.3700,42.8100,43.3700,43.3292,3046,0.0000,1.0000
2019-05-07,43.6700,43.6700,42.8672,42.9204,42.8800,4358,0.0000,1.0000
2019-05-06,42.9000,43.9999,42.9000,43.8285,43.7873,8225,0.0000,1.0000
2019-05-03,43.4000,43.8900,43.4000,43.8800,43.8387,6121,0.0000,1.0000
2019-05-02,43.1550,43.1550,42.4310,43.0100,42.9695,1493,0.0000,1.0000
2019-05-01,43.2700,43.5300,43.1400,43.3500,43.3092,4553,0.0000,1.0000
2019-04-30,43.5300,43.5300,43.0106,43.3556,43.3148,9687,0.0000,1.0000
2019-04-29,43.5000,43.5650,43.4796,43.5000,43.4591,8423,0.0000,1.0000
2019-04-26,42.8984,43.2000,42.8984,43.2000,43.1594,1003,0.0000,1.0000
2019-04-25,43.3200,43.3200,42.6200,42.7800,42.7398,3399,0.0000,1.0000
2019-04-24,43.2400,43.2590,43.0548,43.1334,43.0928,2468,0.0000,1.0000
2019-04-23,42.7599,43.2500,42.7300,43.1730,43.1324,6338,0.0000,1.0000
2019-04-22,42.6400,42.6400,42.1687,42.3420,42.3022,4383,0.0000,1.0000
2019-04-18,42.1100,42.5512,41.9679,42.5512,42.5112,7236,0.0000,1.0000
2019-04-17,42.7000,42.7000,42.1701,42.3200,42.2802,6754,0.0000,1.0000
2019-04-16,42.7900,43.1500,42.7900,43.0000,42.9596,3576,0.0000,1.0000
2019-04-15,42.6870,42.8336,42.6870,42.7319,42.6917,1481,0.0000,1.0000
2019-04-12,42.6650,42.8494,42.6154,42.8494,42.8091,7006,0.0000,1.0000
2019-04-11,42.6800,42.6800,42.6800,42.6800,42.6399,535,0.0000,1.0000
2019-04-10,42.3700,42.6336,42.3700,42.6336,42.5935,2745,0.0000,1.0000
2019-04-09,42.5300,42.5700,42.0604,42.0604,42.0208,5710,0.0000,1.0000
2019-04-08,42.2400,42.5500,42.2400,42.5500,42.5100,10665,0.0000,1.0000
2019-04-05,42.8200,42.8200,42.5379,42.5500,42.5100,1863,0.0000,1.0000
2019-04-04,42.6700,42.6700,42.0400,42.1400,42.1004,7797,0.0000,1.0000
2019-04-03,42.1700,42.4600,42.0400,42.2484,42.2087,7487,0.0000,1.0000
2019-04-02,42.0100,42.0100,41.6000,41.8182,41.7789,9880,0.0000,1.0000
2019-04-01,41.9947,41.9947,41.6000,41.7400,41.7007,1641,0.0000,1.0000
2019-03-29,41.5200,41.5200,41.3200,41.4000,41.3611,1329,0.0221,1.0000
2019-03-28,40.8000,41.1700,40.7442,41.1700,41.1094,7946,0.0000,1.0000
2019-03-27,40.9900,40.9900,40.2700,40.5575,40.4978,7015,0.0000,1.0000
2019-03-26,40.6700,41.0100,40.6500,40.8100,40.7499,2608,0.0000,1.0000
2019-03-25,40.0400,40.6300,40.0400,40.4928,40.4332,3931,0.0000,1.0000
2019-03-22,41.3800,41.6000,40.3301,40.5455,40.4858,10338,0.0000,1.0000
2019-03-21,41.5700,42.1900,41.4000,41.9300,41.8683,4459,0.0000,1.0000
2019-03-20,41.5300,41.7900,41.0890,41.3800,41.3191,10731,0.0000,1.0000
2019-03-19,41.5400,42.0827,41.5400,41.6800,41.6186,4091,0.0000,1.0000
2019-03-18,41.5200,41.9200,41.5200,41.7200,41.6586,14179,0.0000,1.0000
2019-03-15,41.8800,41.9100,41.6000,41.6000,41.5387,3648,0.0000,1.0000
2019-03-14,41.6300,41.9200,41.6300,41.6492,41.5879,4001,0.0000,1.0000
2019-03-13,41.4400,41.9400,41.4400,41.7500,41.6885,11591,0.0000,1.0000
2019-03-12,41.9100,42.1751,41.5173,41.6300,41.5687,4154,0.0000,1.0000
2019-03-11,41.3000,41.5671,41.0400,41.5671,41.5059,3708,0.0000,1.0000
2019-03-08,41.2800,41.2800,40.5000,40.7300,40.6700,10102,0.0000,1.0000
2019-03-07,41.1200,41.1600,40.8000,40.8000,40.7399,2656,0.0000,1.0000
2019-03-06,42.0800,42.0800,40.9000,41.1460,41.0854,8123,0.0000,1.0000
2019-03-05,42.1241,42.1241,41.8797,41.9600,41.8982,2190,0.0000,1.0000
2019-03-04,43.3000,43.3000,41.7900,42.0297,41.9678,19959,0.0000,1.0000
2019-03-01,42.8600,42.8700,42.1300,42.7199,42.6570,4379,0.0000,1.0000
2019-02-28,42.4400,42.7000,42.4400,42.6144,42.5516,2194,0.0000,1.0000
2019-02-27,42.5200,42.9200,42.4700,42.7382,42.6753,5551,0.0000,1.0000
2019-02-26,43.1900,43.1900,42.6700,42.7300,42.6671,4687,0.0000,1.0000
2019-02-25,43.6800,43.6800,43.1500,43.1500,43.0865,9987,0.0000,1.0000
2019-02-22,42.8300,43.0100,42.8300,43.0100,42.9467,1565,0.0000,1.0000
2019-02-21,42.8000,42.8300,42.5800,42.5800,42.5173,4411,0.0000,1.0000
2019-02-20,42.8700,42.9499,42.5400,42.8300,42.7669,8995,0.0000,1.0000
2019-02-19,41.9600,42.7300,41.9600,42.6299,42.5671,5688,0.0000,1.0000
2019-02-15,42.5900,42.5900,42.0800,42.2980,42.2357,7517,0.0000,1.0000
2019-02-14,41.3000,42.0900,41.3000,41.9200,41.8583,2917,0.0000,1.0000
2019-02-13,41.8900,41.8900,41.6001,41.8000,41.7384,3912,0.0000,1.0000
2019-02-12,41.5100,41.7480,41.3500,41.7480,41.6865,5871,0.0000,1.0000
2019-02-11,40.9600,41.0600,40.6501,41.0110,40.9506,5013,0.0000,1.0000
2019-02-08,40.1300,40.7145,40.1300,40.6350,40.5752,2280,0.0000,1.0000
2019-02-07,40.6973,40.7100,40.2000,40.4034,40.3439,6504,0.0000,1.0000
2019-02-06,41.0200,41.0500,40.9100,41.0400,40.9796,1915,0.0000,1.0000
2019-02-05,41.0000,41.3800,41.0000,41.0532,40.9927,12140,0.0000,1.0000
2019-02-04,40.1800,41.0357,40.1800,40.9500,40.8897,5722,0.0000,1.0000
2019-02-01,40.2200,40.5600,40.2200,40.3200,40.2606,11245,0.0000,1.0000
2019-01-31,39.9673,40.6094,39.9673,40.2355,40.1762,9954,0.0000,1.0000
2019-01-30,39.5227,39.8500,39.4463,39.7964,39.7378,3991,0.0000,1.0000
2019-01-29,39.8500,39.8500,39.3800,39.5633,39.5050,6762,0.0000,1.0000
2019-01-28,39.6000,39.6000,39.4000,39.5600,39.5017,6639,0.0000,1.0000
2019-01-25,39.3900,39.8400,39.3900,39.7350,39.6765,2778,0.0000,1.0000
2019-01-24,39.0500,39.2100,39.0200,39.1786,39.1209,6481,0.0000,1.0000
2019-01-23,39.3100,39.3100,38.7000,38.7663,38.7092,8039,0.0000,1.0000
2019-01-22,39.8500,39.8500,38.8000,38.8500,38.7928,6633,0.0000,1.0000
2019-01-18,39.8200,39.8200,39.2000,39.5592,39.5009,12078,0.0000,1.0000
2019-01-17,38.6500,39.0900,38.5637,38.9501,38.8927,8991,0.0000,1.0000
2019-01-16,38.6600,38.7100,38.4566,38.5050,38.4483,5415,0.0000,1.0000
2019-01-15,38.7900,38.7900,37.9000,38.2686,38.2122,8298,0.0000,1.0000
2019-01-14,38.1500,38.3093,37.9900,38.1300,38.0738,10945,0.0000,1.0000
2019-01-11,37.6900,38.5700,37.6900,38.5407,38.4839,6220,0.0000,1.0000
2019-01-10,37.3700,38.2700,37.3700,38.2700,38.2136,3777,0.0000,1.0000
2019-01-09,38.0054,38.2463,38.0054,38.2200,38.1637,2378,0.0000,1.0000
2019-01-08,37.3899,37.6600,36.9600,37.6351,37.5797,32130,0.0000,1.0000
2019-01-07,36.6566,37.1022,36.6566,36.9291,36.8747,3333,0.0000,1.0000
2019-01-04,36.0484,36.3799,36.0254,36.3176,36.2641,3607,0.0000,1.0000
2019-01-03,35.3000,35.3000,34.4400,34.9310,34.8796,5406,0.0000,1.0000
2019-01-02,34.8100,36.0100,34.8100,36.0100,35.9570,3110,0.0000,1.0000
2018-12-31,36.1100,36.1100,35.4500,35.5500,35.4976,9577,0.0000,1.0000
2018-12-28,34.7900,35.8979,34.7900,35.7000,35.6474,10175,0.0000,1.0000
2018-12-27,34.7350,35.4400,34.0800,35.4400,35.3878,11143,0.0000,1.0000
2018-12-26,33.3600,34.9500,33.2700,34.9500,34.8985,10494,0.0000,1.0000
2018-12-24,33.2800,33.8000,33.2800,33.6800,33.6304,4336,0.0000,1.0000
2018-12-21,34.8200,34.8200,33.6213,33.7559,33.7062,7708,0.0000,1.0000
2018-12-20,35.8600,35.8600,34.2100,34.7400,34.6888,34537,0.1099,1.0000
2018-12-19,36.4891,36.8600,35.3000,35.3000,35.1369,18010,0.0000,1.0000
2018-12-18,36.1900,36.6347,35.3000,35.9800,35.8137,3922,0.0000,1.0000
2018-12-17,37.0000,37.3199,36.0100,36.3700,36.2019,21691,0.0000,1.0000
2018-12-14,37.5600,37.5600,37.2000,37.2000,37.0281,10538,0.0000,1.0000
2018-12-13,38.2500,38.2500,37.9298,37.9298,37.7545,1036,0.0000,1.0000
2018-12-12,38.5400,38.6716,38.5400,38.6413,38.4627,1708,0.0000,1.0000
2018-12-11,38.5000,38.5600,37.6790,37.7600,37.5855,3047,0.0000,1.0000
2018-12-10,38.4800,38.4800,37.0500,37.8100,37.6353,14958,0.0000,1.0000
2018-12-07,38.7600,38.7600,37.8400,37.9655,37.7901,2641,0.0000,1.0000
2018-12-06,39.2000,39.2000,38.0358,38.9026,38.7228,8701,0.0000,1.0000
2018-12-04,41.0000,41.0000,39.1581,39.1581,38.9772,8965,0.0000,1.0000
2018-12-03,40.7300,40.9999,40.4000,40.9999,40.8104,8512,0.0000,1.0000
2018-11-30,40.5004,40.5450,40.1800,40.1800,39.9943,2298,0.0000,1.0000
2018-11-29,39.9157,40.5722,39.9157,40.5722,40.3847,16241,0.0000,1.0000
2018-11-28,39.3780,40.1347,38.8037,40.1347,39.9492,4846,0.0000,1.0000
2018-11-27,38.8749,39.1390,38.8749,39.0400,38.8596,4423,0.0000,1.0000
2018-11-26,38.9828,39.2636,38.9828,39.2500,39.0686,1701,0.0000,1.0000
2018-11-23,37.6000,38.8900,37.6000,38.8500,38.6705,2198,0.0000,1.0000
2018-11-21,38.6100,38.8933,38.6100,38.7000,38.5212,2837,0.0000,1.0000
2018-11-20,37.6000,38.6094,37.5000,38.0729,37.8970,8128,0.0000,1.0000
2018-11-19,39.9300,39.9300,38.5600,38.8864,38.7067,7942,0.0000,1.0000
2018-11-16,39.4700,39.9100,39.4700,39.9100,39.7256,3598,0.0000,1.0000
2018-11-15,38.9088,39.8499,38.8599,39.8499,39.6658,2799,0.0000,1.0000
2018-11-14,39.4086,39.4571,38.9700,39.1200,38.9392,4221,0.0000,1.0000
2018-11-13,39.8301,39.8301,39.2865,39.2865,39.1050,2233,0.0000,1.0000
2018-11-12,40.7300,40.7300,39.5510,39.6321,39.4490,6893,0.0000,1.0000
2018-11-09,40.4318,40.4318,40.2500,40.3200,40.1337,3906,0.0000,1.0000
2018-11-08,40.8400,41.0299,40.7021,40.8468,40.6581,7819,0.0000,1.0000
2018-11-07,40.6073,41.0399,40.5410,40.8400,40.6513,5950,0.0000,1.0000
2018-11-06,40.8000,40.8000,40.4000,40.5284,40.3411,3220,0.0000,1.0000
2018-11-05,40.8800,40.8800,40.2100,40.2100,40.0242,1296,0.0000,1.0000
2018-11-02,41.5400,41.5400,40.4550,40.8800,40.6911,6227,0.0000,1.0000
2018-11-01,39.8500,40.9900,39.8500,40.8001,40.6116,5653,0.0000,1.0000
2018-10-31,40.0871,40.0871,39.4730,39.5766,39.3937,3792,0.0000,1.0000
2018-10-30,38.6500,39.3123,38.3400,39.3123,39.1306,2544,0.0000,1.0000
2018-10-29,38.7347,38.7509,37.9750,38.1532,37.9769,3411,0.0000,1.0000
2018-10-26,38.6530,39.2799,37.9700,38.5700,38.3918,11740,0.0000,1.0000
2018-10-25,38.4000,39.5340,37.9900,39.3900,39.2080,168091,0.0000,1.0000
2018-10-24,40.3000,40.3000,38.5500,38.5500,38.3719,3504,0.0000,1.0000
2018-10-23,39.3424,40.2708,39.0700,40.2708,40.0847,5257,0.0000,1.0000
2018-10-22,39.3800,40.4384,39.2400,40.1900,40.0043,9631,0.0000,1.0000
2018-10-19,41.3900,41.3900,39.8100,39.8100,39.6260,7326,0.0000,1.0000
2018-10-18,41.8800,41.8800,40.6602,40.9015,40.7125,7050,0.0000,1.0000
2018-10-17,42.2300,42.2300,41.0200,41.6100,41.4177,100120,0.0000,1.0000
2018-10-16,40.0800,41.8500,40.0800,41.7600,41.5670,129893,0.0000,1.0000
2018-10-15,40.5900,40.6599,40.0914,40.3500,40.1636,19616,0.0000,1.0000
2018-10-12,40.5164,40.6800,39.8302,40.4500,40.2631,11975,0.0000,1.0000
2018-10-11,39.6200,40.8300,39.5800,39.8300,39.6460,12773,0.0000,1.0000
2018-10-10,41.1900,41.8642,40.4610,40.6200,40.4323,19842,0.0000,1.0000
2018-10-09,41.8200,42.3139,41.7959,41.7959,41.6028,4463,0.0000,1.0000
2018-10-08,42.1600,42.5250,41.7920,42.2226,42.0275,8266,0.0000,1.0000
2018-10-05,43.0500,43.5294,42.1700,42.6300,42.4330,24662,0.0000,1.0000
2018-10-04,43.5700,43.7721,43.2600,43.3332,43.1330,14705,0.0000,1.0000
2018-10-03,43.7700,44.3790,43.7700,44.3700,44.1650,11379,0.0000,1.0000
2018-10-02,44.3200,44.4735,43.8000,43.9968,43.7935,9001,0.0000,1.0000
2018-10-01,46.2200,46.2200,44.5900,44.6100,44.4039,30127,0.0000,1.0000
2018-09-28,45.4300,45.6200,45.1600,45.3900,45.1803,5546,0.0201,1.0000
2018-09-27,45.9300,45.9300,45.3022,45.3800,45.1503,16913,0.0000,1.0000
2018-09-26,46.1000,46.1000,45.1989,45.2700,45.0408,11540,0.0000,1.0000
2018-09-25,45.9100,45.9100,45.0849,45.6000,45.3692,9243,0.0000,1.0000
2018-09-24,45.0300,45.2118,44.8800,45.1000,44.8717,7387,0.0000,1.0000
2018-09-21,45.3100,45.5456,45.0000,45.2600,45.0309,11417,0.0000,1.0000
2018-09-20,45.3600,45.6429,45.3600,45.5500,45.3194,13382,0.0000,1.0000
2018-09-19,46.0000,46.0000,45.2600,45.3685,45.1388,15318,0.0000,1.0000
2018-09-18,46.4200,46.4200,45.5850,45.9100,45.6776,9076,0.0000,1.0000
2018-09-17,46.6000,46.6000,45.5000,45.5600,45.3294,18544,0.0000,1.0000
2018-09-14,46.7900,46.7900,46.2400,46.4500,46.2149,14372,0.0000,1.0000
2018-09-13,45.9600,46.5466,45.9600,46.2700,46.0358,14473,0.0000,1.0000
2018-09-12,46.6100,46.6100,45.5941,46.2500,46.0159,20311,0.0000,1.0000
2018-09-11,46.1200,46.2600,45.7766,46.1900,45.9562,18429,0.0000,1.0000
2018-09-10,46.1700,46.2740,45.8461,46.0800,45.8467,17584,0.0000,1.0000
2018-09-07,45.9000,46.1500,45.5350,45.7400,45.5085,13770,0.0000,1.0000
2018-09-06,46.3800,46.3800,45.5338,45.6300,45.3990,9400,0.0000,1.0000
2018-09-05,46.3700,46.3700,45.4305,46.0700,45.8368,24882,0.0000,1.0000
2018-09-04,46.9000,46.9000,46.0700,46.5400,46.3044,30318,0.0000,1.0000
2018-08-31,46.9300,46.9300,46.2200,46.5300,46.2945,27547,0.0000,1.0000
2018-08-30,46.5000,46.5150,46.0500,46.2300,45.9960,21210,0.0000,1.0000
2018-08-29,46.1200,46.3100,45.9604,46.1700,45.9363,61282,0.0000,1.0000
2018-08-28,46.4000,46.4000,45.5600,45.7700,45.5383,12462,0.0000,1.0000
2018-08-27,46.1600,46.1600,45.5700,45.6000,45.3692,19307,0.0000,1.0000
2018-08-24,45.2700,45.3999,45.1850,45.1950,44.9662,7858,0.0000,1.0000
2018-08-23,45.3500,45.3688,44.9112,45.0824,44.8542,12328,0.0000,1.0000
2018-08-22,45.5000,45.5000,44.6941,44.9100,44.6827,34008,0.0000,1.0000
2018-08-21,45.0000,45.0000,44.4650,44.9000,44.6727,61129,0.0000,1.0000
2018-08-20,44.7700,45.1100,44.3101,44.4200,44.1951,347124,0.0000,1.0000
2018-08-17,44.4800,44.4800,43.7526,44.2500,44.0260,5364,0.0000,1.0000
2018-08-16,43.9500,44.0278,43.8162,43.9500,43.7275,2615,0.0000,1.0000
2018-08-15,44.3000,44.3000,43.3121,43.4900,43.2698,8631,0.0000,1.0000
2018-08-14,43.9200,44.4400,43.7635,43.9800,43.7574,11111,0.0000,1.0000
2018-08-13,44.3100,44.3100,43.3340,43.4800,43.2599,17115,0.0000,1.0000
2018-08-10,43.6200,43.8200,43.6200,43.8000,43.5783,1543,0.0000,1.0000
2018-08-09,43.3300,43.4504,43.3300,43.4196,43.1998,5051,0.0000,1.0000
2018-08-08,43.2100,51.2463,42.8500,43.0300,42.8122,9870,0.0000,1.0000
2018-08-07,42.7003,42.8200,42.6100,42.6100,42.3943,3016,0.0000,1.0000
2018-08-06,41.8200,41.8200,41.8200,41.8200,41.6083,565,0.0000,1.0000
2018-08-03,42.3000,42.3000,41.6000,41.8200,41.6083,11409,0.0000,1.0000
2018-08-02,41.6400,41.9000,41.5400,41.8900,41.6779,1513,0.0000,1.0000
2018-08-01,41.4040,41.5500,41.2800,41.5400,41.3297,3146,0.0000,1.0000
2018-07-31,40.8100,41.3200,40.8100,41.3100,41.1009,3097,0.0000,1.0000
2018-07-30,41.4600,41.4600,40.8600,40.8600,40.6532,6542,0.0000,1.0000
2018-07-27,42.5600,42.5600,41.1500,41.2600,41.0511,4990,0.0000,1.0000
2018-07-26,42.1700,42.1700,41.9200,42.0000,41.7874,1749,0.0000,1.0000
2018-07-25,41.9900,41.9900,41.3230,41.4800,41.2700,3756,0.0000,1.0000
2018-07-24,42.7400,42.7400,41.3699,41.4000,41.1904,5747,0.0000,1.0000
2018-07-23,42.4400,42.4400,42.1461,42.1700,41.9565,2344,0.0000,1.0000
2018-07-20,42.1948,42.2800,42.1093,42.1093,41.8961,5941,0.0000,1.0000
2018-07-19,41.9700,42.4200,41.9700,42.3100,42.0958,3848,0.0000,1.0000
2018-07-18,42.3200,42.3200,41.9699,42.0083,41.7956,3325,0.0000,1.0000
2018-07-17,41.9100,42.2499,41.8147,42.0900,41.8769,3503,0.0000,1.0000
2018-07-16,42.1800,42.1800,41.4283,41.5809,41.3704,1431,0.0000,1.0000
2018-07-13,41.9950,42.1099,41.9191,41.9191,41.7069,861,0.0000,1.0000
2018-07-12,42.0000,42.0000,41.9100,41.9100,41.6978,441,0.0000,1.0000
2018-07-11,41.3800,41.7300,41.3800,41.6002,41.3896,1293,0.0000,1.0000
2018-07-10,42.3150,42.3150,41.8792,41.8890,41.6769,2972,0.0000,1.0000
2018-07-09,42.5900,42.5900,41.9600,42.1200,41.9068,1504,0.0000,1.0000
2018-07-06,41.6600,41.9100,41.6600,41.9100,41.6978,978,0.0000,1.0000
2018-07-05,41.9800,41.9800,41.0200,41.4500,41.2402,3474,0.0000,1.0000
2018-07-03,40.9400,40.9400,40.9400,40.9400,40.7328,43,0.0000,1.0000
2018-07-02,40.9200,40.9400,40.6336,40.9400,40.7328,1318,0.0000,1.0000
2018-06-29,41.0089,41.0089,40.8381,40.8900,40.6830,2242,0.0687,1.0000
2018-06-28,40.8200,40.8900,40.2727,40.8082,40.5336,4438,0.0000,1.0000
2018-06-27,41.7900,41.7900,40.5000,40.5000,40.2274,5550,0.0000,1.0000
2018-06-26,40.7772,41.5400,40.7772,41.5400,41.2604,1534,0.0000,1.0000
2018-06-25,40.9884,40.9884,40.7370,40.7370,40.4628,954,0.0000,1.0000
2018-06-22,41.5250,41.5650,41.3500,41.3900,41.1114,6189,0.0000,1.0000
2018-06-21,42.6400,42.6400,41.6688,41.6688,41.3884,3111,0.0000,1.0000
2018-06-20,43.0500,43.0500,42.1547,42.2900,42.0054,12807,0.0000,1.0000
2018-06-19,42.5200,42.5400,41.7466,42.2200,41.9359,8884,0.0000,1.0000
2018-06-18,42.1800,42.3500,42.0398,42.2361,41.9518,3691,0.0000,1.0000
2018-06-15,42.2400,42.2400,41.7500,41.9600,41.6776,9278,0.0000,1.0000
2018-06-14,41.9400,42.0300,41.7160,41.9500,41.6677,14300,0.0000,1.0000
2018-06-13,42.1700,42.1700,41.3362,41.4500,41.1710,8016,0.0000,1.0000
2018-06-12,41.7300,41.7300,41.4083,41.4800,41.2008,2335,0.0000,1.0000
2018-06-11,41.2300,41.3200,41.1846,41.3200,41.0419,2959,0.0000,1.0000
2018-06-08,41.2300,41.2300,41.2072,41.2291,40.9516,1565,0.0000,1.0000
2018-06-07,41.7200,41.7200,40.6400,40.9000,40.6247,5573,0.0000,1.0000
2018-06-06,41.9300,41.9300,41.0800,41.3100,41.0320,7499,0.0000,1.0000
2018-06-05,41.3600,41.3600,40.7360,41.1100,40.8333,10822,0.0000,1.0000
2018-06-04,40.3099,40.6400,40.3000,40.5450,40.2721,5627,0.0000,1.0000
2018-06-01,40.3099,40.3100,40.2221,40.2221,39.9514,971,0.0000,1.0000
2018-05-31,40.0600,40.0600,39.7450,39.8700,39.6017,4225,0.0000,1.0000
2018-05-30,40.1200,40.1900,40.0600,40.1061,39.8362,2861,0.0000,1.0000
2018-05-29,39.8900,39.8900,39.3101,39.3101,39.0455,600,0.0000,1.0000
2018-05-25,39.5401,39.5401,39.4470,39.4470,39.1815,620,0.0000,1.0000
2018-05-24,39.4000,39.4800,39.3900,39.4198,39.1545,1155,0.0000,1.0000
2018-05-23,39.5600,39.5600,39.3700,39.4200,39.1547,571,0.0000,1.0000
2018-05-22,39.5699,39.5700,39.5600,39.5600,39.2938,1390,0.0000,1.0000
2018-05-21,39.7900,39.7900,39.7900,39.7900,39.5222,12,0.0000,1.0000
2018-05-18,39.7959,39.8700,39.7891,39.7900,39.5222,1544,0.0000,1.0000
2018-05-17,39.5499,39.5790,39.5100,39.5100,39.2441,1785,0.0000,1.0000
2018-05-16,38.8600,38.8600,38.8600,38.8600,38.5985,207,0.0000,1.0000
2018-05-15,38.8481,38.8600,38.7895,38.8600,38.5985,555,0.0000,1.0000
2018-05-14,39.7300,39.7300,39.7300,39.7300,39.4626,431,0.0000,1.0000
2018-05-11,39.1100,39.1100,39.0190,39.0300,38.7673,586,0.0000,1.0000
2018-05-10,38.4401,38.4401,38.4401,38.4401,38.1814,93,0.0000,1.0000
2018-05-09,38.3602,38.4401,38.3602,38.4401,38.1814,502,0.0000,1.0000
2018-05-08,37.9500,37.9800,37.9500,37.9800,37.7244,2022,0.0000,1.0000
2018-05-07,37.2305,37.2305,37.2305,37.2305,36.9799,69,0.0000,1.0000
2018-05-04,37.2800,37.2800,37.2305,37.2305,36.9799,522,0.0000,1.0000
2018-05-03,37.0000,37.0000,36.9800,36.9800,36.7311,1082,0.0000,1.0000
2018-05-02,37.2005,37.2005,37.2005,37.2005,36.9501,149,0.0000,1.0000
2018-05-01,37.2500,37.2500,37.2005,37.2005,36.9501,330,0.0000,1.0000
2018-04-30,37.3800,37.3800,37.3800,37.3800,37.1284,39,0.0000,1.0000
2018-04-27,37.3799,37.3800,37.3799,37.3800,37.1284,1774,0.0000,1.0000
2018-04-26,37.2700,37.2700,37.2700,37.2700,37.0192,307,0.0000,1.0000
2018-04-25,37.1000,37.3100,37.1000,37.3100,37.0589,498,0.0000,1.0000
2018-04-24,37.9700,37.9700,37.5220,37.5220,37.2695,1054,0.0000,1.0000
2018-04-23,38.1800,38.1800,38.1800,38.1800,37.9230,320,0.0000,1.0000
2018-04-20,37.6000,37.6000,37.6000,37.6000,37.3469,487,0.0000,1.0000
2018-04-19,38.3550,38.3550,38.0522,38.1373,37.8806,1512,0.0000,1.0000
2018-04-18,38.4500,38.4500,38.4300,38.4300,38.1714,618,0.0000,1.0000
2018-04-17,37.5600,38.3500,37.5600,38.3500,38.0919,796,0.0000,1.0000
2018-04-16,38.3400,38.3400,37.7499,37.7900,37.5357,1604,0.0000,1.0000
2018-04-13,37.7700,37.7700,37.7700,37.7700,37.5158,32,0.0000,1.0000
2018-04-12,37.8200,37.8200,37.7200,37.7700,37.5158,861,0.0000,1.0000
2018-04-11,36.9490,36.9490,36.9490,36.9490,36.7003,126,0.0000,1.0000
2018-04-10,36.9490,36.9490,36.9490,36.9490,36.7003,160,0.0000,1.0000
2018-04-09,36.9490,36.9490,36.9490,36.9490,36.7003,109,0.0000,1.0000
2018-04-06,36.9100,36.9490,36.9100,36.9490,36.7003,482,0.0000,1.0000
2018-04-05,37.2100,37.2200,37.2100,37.2200,36.9695,1006,0.0000,1.0000
2018-04-04,36.3457,36.3457,36.3457,36.3457,36.1011,110,0.0000,1.0000
2018-04-03,36.0800,36.0800,36.0800,36.0800,35.8372,162,0.0000,1.0000
2018-04-02,36.3400,36.3400,36.2700,36.2700,36.0259,1596,0.0000,1.0000
2018-03-29,37.0100,37.0100,36.8100,36.8100,36.5623,1340,0.0710,1.0000
2018-03-28,36.7300,36.7300,36.7300,36.7300,36.4125,51,0.0000,1.0000
2018-03-27,36.7400,36.7400,36.7300,36.7300,36.4125,2500,0.0000,1.0000
2018-03-26,37.3033,37.8399,37.1700,37.8169,37.4900,1630,0.0000,1.0000
2018-03-23,37.3966,37.3966,36.9400,37.0047,36.6849,1166,0.0000,1.0000
2018-03-22,38.3687,38.3890,38.3560,38.3560,38.0245,721,0.0000,1.0000
2018-03-21,37.9700,37.9700,37.9700,37.9700,37.6418,0,0.0000,1.0000
2018-03-20,37.9700,37.9700,37.9700,37.9700,37.6418,151,0.0000,1.0000
2018-03-19,38.1700,38.1700,37.9700,37.9700,37.6418,356,0.0000,1.0000
2018-03-16,38.6299,38.6600,38.6299,38.6600,38.3259,342,0.0000,1.0000
2018-03-15,38.8200,38.8300,38.4700,38.4700,38.1375,1279,0.0000,1.0000
2018-03-14,38.8800,38.8800,38.8150,38.8150,38.4795,650,0.0000,1.0000
2018-03-13,38.7300,38.8500,38.7200,38.8500,38.5142,2572,0.0000,1.0000
2018-03-12,39.4000,39.4000,39.4000,39.4000,39.0595,303,0.0000,1.0000
2018-03-09,38.7900,38.7900,38.7900,38.7900,38.4547,160,0.0000,1.0000
2018-03-08,38.3000,38.3000,38.3000,38.3000,37.9690,110,0.0000,1.0000
2018-03-07,37.9600,38.3000,37.9600,38.3000,37.9690,3911,0.0000,1.0000
2018-03-06,37.8690,37.8690,37.8690,37.8690,37.5417,161,0.0000,1.0000
2018-03-05,37.5100,37.5100,37.3300,37.3300,37.0073,910,0.0000,1.0000
2018-03-02,36.3600,36.3600,36.3600,36.3600,36.0457,0,0.0000,1.0000
2018-03-01,36.9500,36.9500,36.3600,36.3600,36.0457,1012,0.0000,1.0000
2018-02-28,37.2500,37.2500,37.2500,37.2500,36.9280,0,0.0000,1.0000
2018-02-27,37.2500,37.2500,37.2500,37.2500,36.9280,500,0.0000,1.0000
2018-02-26,37.4500,37.6799,37.2800,37.6600,37.3345,1465,0.0000,1.0000
2018-02-23,37.0100,37.0100,37.0100,37.0100,36.6901,263,0.0000,1.0000
2018-02-22,37.0000,37.0000,37.0000,37.0000,36.6802,127,0.0000,1.0000
2018-02-21,37.2605,37.4000,37.2605,37.3300,37.0073,8080,0.0000,1.0000
2018-02-20,37.1400,37.2786,36.9600,36.9935,36.6738,1536,0.0000,1.0000
2018-02-16,37.6744,37.6744,37.6699,37.6699,37.3443,330,0.0000,1.0000
2018-02-15,37.6700,37.6700,37.1415,37.4400,37.1164,1762,0.0000,1.0000
2018-02-14,36.4790,36.9300,36.4790,36.9300,36.6108,2994,0.0000,1.0000
2018-02-13,35.9960,35.9960,35.8000,35.8000,35.4906,340,0.0000,1.0000
2018-02-12,35.6327,35.7080,35.6200,35.7080,35.3994,2083,0.0000,1.0000
2018-02-09,35.6800,35.6800,34.9900,35.6800,35.3716,1235,0.0000,1.0000
2018-02-08,37.1500,37.1500,35.3932,35.4700,35.1634,8914,0.0000,1.0000
2018-02-07,36.1100,36.7393,36.1100,36.4201,36.1053,1722,0.0000,1.0000
2018-02-06,36.6856,36.6856,36.1000,36.1000,35.7880,990,0.0000,1.0000
2018-02-05,36.9200,36.9944,36.0233,36.0233,35.7119,2126,0.0000,1.0000
2018-02-02,37.4200,37.8699,36.9200,36.9640,36.6445,2851,0.0000,1.0000
2018-02-01,38.0000,38.0000,38.0000,38.0000,37.6716,0,0.0000,1.0000
2018-01-31,38.2899,38.2899,38.0000,38.0000,37.6716,1675,0.0000,1.0000
2018-01-30,37.8800,37.8800,37.8800,37.8800,37.5526,269,0.0000,1.0000
2018-01-29,38.7800,38.7800,38.3800,38.3800,38.0483,211,0.0000,1.0000
2018-01-26,38.4999,38.5900,38.3361,38.5900,38.2565,874,0.0000,1.0000
2018-01-25,38.3700,38.3700,38.3700,38.3700,38.0384,151,0.0000,1.0000
2018-01-24,38.1350,38.1350,38.1350,38.1350,37.8054,272,0.0000,1.0000
2018-01-23,38.3000,38.3000,38.3000,38.3000,37.9690,265,0.0000,1.0000
2018-01-22,38.1899,38.1899,38.1400,38.1400,37.8103,448,0.0000,1.0000
2018-01-19,37.8999,37.9000,37.8016,37.8016,37.4749,1089,0.0000,1.0000
2018-01-18,37.6399,37.6400,37.6399,37.6400,37.3147,233,0.0000,1.0000
2018-01-17,37.5500,37.5500,37.5500,37.5500,37.2254,605,0.0000,1.0000
2018-01-16,38.0250,38.0250,37.9000,37.9000,37.5724,261,0.0000,1.0000
2018-01-12,37.4700,37.4700,37.4700,37.4700,37.1461,35,0.0000,1.0000
2018-01-11,37.4700,37.4700,37.4700,37.4700,37.1461,300,0.0000,1.0000
2018-01-10,37.0000,37.0000,37.0000,37.0000,36.6802,545,0.0000,1.0000
2018-01-09,37.0500,37.3900,37.0500,37.3900,37.0668,705,0.0000,1.0000
2018-01-08,37.8700,37.8700,37.1320,37.2500,36.9280,1792,0.0000,1.0000
2018-01-05,37.1000,37.3699,37.1000,37.3699,37.0469,4208,0.0000,1.0000
2018-01-04,37.3599,37.3599,37.0400,37.0928,36.7722,4974,0.0000,1.0000
2018-01-03,36.2300,36.2300,36.2300,36.2300,35.9169,920,0.0000,1.0000
2018-01-02,36.8721,36.8721,36.8300,36.8300,36.5117,308,0.0000,1.0000
2017-12-29,36.7374,36.7374,36.7374,36.7374,36.4199,38,0.0000,1.0000
2017-12-28,37.4400,37.4400,36.7374,36.7374,36.4199,708,0.0000,1.0000
2017-12-27,36.7100,36.7100,36.7100,36.7100,36.3927,36,0.0000,1.0000
2017-12-26,36.5100,36.7100,36.5100,36.7100,36.3927,546,0.0000,1.0000
2017-12-22,36.7499,36.7700,36.5880,36.5880,36.2718,7700,0.0735,1.0000
2017-12-21,37.0129,37.0129,37.0129,37.0129,36.6194,67,0.0000,1.0000
2017-12-20,37.0573,37.1000,37.0095,37.0129,36.6194,4214,0.0000,1.0000
2017-12-19,37.0000,37.0800,36.7800,36.7800,36.3890,2339,0.0000,1.0000
2017-12-18,36.9100,36.9100,36.8470,36.8470,36.4553,660,0.0000,1.0000
2017-12-15,36.1300,36.1300,36.1300,36.1300,35.7459,72,0.0000,1.0000
2017-12-14,37.0000,37.0000,35.9523,36.1300,35.7459,2161,0.0000,1.0000
2017-12-13,35.8200,35.8200,35.8200,35.8200,35.4392,260,0.0000,1.0000
2017-12-12,35.9100,35.9800,35.8200,35.8200,35.4392,788,0.0000,1.0000
2017-12-11,36.3300,36.3300,36.1600,36.1700,35.7855,4226,0.0000,1.0000
2017-12-08,36.8900,36.8900,36.0991,36.2400,35.8547,2257,0.0000,1.0000
2017-12-07,36.1300,36.1900,36.1300,36.1900,35.8053,1196,0.0000,1.0000
2017-12-06,36.0000,36.0000,35.9400,35.9400,35.5579,540,0.0000,1.0000
2017-12-05,36.1899,36.2599,36.1825,36.2599,35.8744,2638,0.0000,1.0000
2017-12-04,36.4300,36.5300,36.3599,36.3599,35.9734,3284,0.0000,1.0000
2017-12-01,36.1600,36.3200,36.0600,36.3000,35.9141,4594,0.0000,1.0000
2017-11-30,36.6140,36.6140,36.5000,36.5000,36.1120,483,0.0000,1.0000
2017-11-29,36.2000,36.2000,36.2000,36.2000,35.8152,142,0.0000,1.0000
2017-11-28,36.0800,36.2500,36.0800,36.2000,35.8152,11400,0.0000,1.0000
2017-11-27,36.2300,36.2300,36.0400,36.0400,35.6569,1511,0.0000,1.0000
2017-11-24,36.1540,36.1540,36.1540,36.1540,35.7697,1,0.0000,1.0000
2017-11-22,36.1540,36.1540,36.1540,36.1540,35.7697,1627,0.0000,1.0000
2017-11-21,35.4600,36.0000,35.4600,36.0000,35.6173,532,0.0000,1.0000
2017-11-20,35.2475,35.2475,35.2475,35.2475,34.8728,2,0.0000,1.0000
2017-11-17,35.2475,35.2475,35.2475,35.2475,34.8728,69,0.0000,1.0000
2017-11-16,35.2475,35.2475,35.2475,35.2475,34.8728,201,0.0000,1.0000
2017-11-15,35.0000,35.0000,35.0000,35.0000,34.6279,77,0.0000,1.0000
2017-11-14,35.0000,35.0000,35.0000,35.0000,34.6279,122,0.0000,1.0000
2017-11-13,35.3499,35.3499,35.0000,35.0000,34.6279,338,0.0000,1.0000
2017-11-10,35.0500,35.0500,35.0500,35.0500,34.6774,100,0.0000,1.0000
2017-11-09,35.0500,35.0500,35.0000,35.0000,34.6279,1811,0.0000,1.0000
2017-11-08,35.8800,35.8800,35.4600,35.4600,35.0830,1334,0.0000,1.0000
2017-11-07,36.3900,36.3900,35.7300,35.7300,35.3502,1275,0.0000,1.0000
2017-11-06,35.6550,35.6550,35.6550,35.6550,35.2760,460,0.0000,1.0000
2017-11-03,36.2600,36.2600,35.7000,35.7000,35.3205,1422,0.0000,1.0000
2017-11-02,35.6600,35.7899,35.6000,35.6800,35.3007,1687,0.0000,1.0000
2017-11-01,35.9100,35.9100,35.3700,35.6013,35.2228,1061,0.0000,1.0000
2017-10-31,36.1400,36.1400,36.0741,36.0741,35.6906,761,0.0000,1.0000
2017-10-30,35.5548,35.5766,35.2620,35.5766,35.1984,568,0.0000,1.0000
2017-10-27,35.9924,36.0500,35.8450,35.8450,35.4639,1334,0.0000,1.0000
2017-10-26,36.3300,36.3300,35.7700,35.7900,35.4095,3081,0.0000,1.0000
2017-10-25,36.3400,36.3400,36.3400,36.3400,35.9537,323,0.0000,1.0000
2017-10-24,36.0300,36.0699,35.9000,35.9000,35.5184,3067,0.0000,1.0000
2017-10-23,36.5900,36.5900,35.8700,35.8700,35.4887,5238,0.0000,1.0000
2017-10-20,35.9450,35.9900,35.8900,35.8900,35.5085,5137,0.0000,1.0000
2017-10-19,35.8999,35.8999,35.8999,35.8999,35.5183,78,0.0000,1.0000
2017-10-18,35.8999,35.8999,35.8999,35.8999,35.5183,194,0.0000,1.0000
2017-10-17,35.3487,35.4718,35.3487,35.4718,35.0947,272,0.0000,1.0000
2017-10-16,35.7780,35.7780,35.7780,35.7780,35.3977,85,0.0000,1.0000
2017-10-13,35.8700,35.8700,35.6270,35.7780,35.3977,2382,0.0000,1.0000
2017-10-12,35.5599,35.5599,35.5500,35.5500,35.1721,362,0.0000,1.0000
2017-10-11,35.5900,35.5900,35.5900,35.5900,35.2117,112,0.0000,1.0000
2017-10-10,36.0000,36.0000,35.5700,35.5900,35.2117,3699,0.0000,1.0000
2017-10-09,35.8301,35.8599,35.6700,35.6700,35.2908,2801,0.0000,1.0000
2017-10-06,35.8599,35.8599,35.7000,35.7000,35.3205,2853,0.0000,1.0000
2017-10-05,35.7054,35.7054,35.7054,35.7054,35.3258,116,0.0000,1.0000
2017-10-04,35.6500,35.8099,35.5053,35.5053,35.1279,6310,0.0000,1.0000
2017-10-03,35.4900,35.7599,35.4900,35.5553,35.1773,1282,0.0000,1.0000
2017-10-02,34.4700,35.4900,34.4700,35.4371,35.0604,2074,0.0000,1.0000
2017-09-29,34.8932,34.8932,34.8932,34.8932,34.5223,80,0.0456,1.0000
2017-09-28,35.2500,35.2500,34.9082,34.9388,34.5223,811,0.0000,1.0000
2017-09-27,34.6600,34.9500,34.6600,34.8100,34.3950,4180,0.0000,1.0000
2017-09-26,33.6800,33.6800,33.6800,33.6800,33.2785,75,0.0000,1.0000
2017-09-25,33.6800,33.6800,33.6800,33.6800,33.2785,319,0.0000,1.0000
2017-09-22,34.4651,34.4651,34.4651,34.4651,34.0542,351,0.0000,1.0000
2017-09-21,34.3102,34.3102,34.3102,34.3102,33.9012,79,0.0000,1.0000
2017-09-20,34.3102,34.3102,34.3102,34.3102,33.9012,287,0.0000,1.0000
2017-09-19,34.3000,34.3000,34.3000,34.3000,33.8911,700,0.0000,1.0000
2017-09-18,34.1160,34.2700,34.1160,34.2700,33.8615,1028,0.0000,1.0000
2017-09-15,33.8500,33.9240,33.5700,33.9240,33.5196,1412,0.0000,1.0000
2017-09-14,33.8700,33.8700,33.8700,33.8700,33.4662,30,0.0000,1.0000
2017-09-13,33.8700,33.8700,33.8700,33.8700,33.4662,115,0.0000,1.0000
2017-09-12,33.8700,33.8700,33.8700,33.8700,33.4662,0,0.0000,1.0000
2017-09-11,33.7500,33.8700,33.7500,33.8700,33.4662,812,0.0000,1.0000
2017-09-08,33.5000,33.5000,33.5000,33.5000,33.1007,0,0.0000,1.0000
2017-09-07,33.5000,33.5000,33.5000,33.5000,33.1007,37,0.0000,1.0000
2017-09-06,33.5000,33.5000,33.5000,33.5000,33.1007,0,0.0000,1.0000
2017-09-05,33.2500,33.5000,33.2500,33.5000,33.1007,856,0.0000,1.0000
2017-09-01,33.4500,33.7558,33.4500,33.7558,33.3534,650,0.0000,1.0000
2017-08-31,33.0030,33.0030,33.0030,33.0030,32.6096,140,0.0000,1.0000
2017-08-30,33.0031,33.0031,33.0031,33.0031,32.6097,81,0.0000,1.0000
2017-08-29,33.0031,33.0031,33.0031,33.0031,32.6097,101,0.0000,1.0000
2017-08-28,33.0031,33.0031,33.0031,33.0031,32.6097,0,0.0000,1.0000
2017-08-25,33.0031,33.0031,33.0031,33.0031,32.6097,0,0.0000,1.0000
2017-08-24,33.0031,33.0031,33.0031,33.0031,32.6097,583,0.0000,1.0000
2017-08-23,32.8650,32.8650,32.8650,32.8650,32.4732,275,0.0000,1.0000
2017-08-22,33.0900,33.1200,33.0700,33.1200,32.7252,517,0.0000,1.0000
2017-08-21,32.7700,32.8900,32.7700,32.8900,32.4979,1040,0.0000,1.0000
2017-08-18,32.8500,32.8500,32.8500,32.8500,32.4584,88,0.0000,1.0000
2017-08-17,33.1600,33.2481,32.8500,32.8500,32.4584,844,0.0000,1.0000
2017-08-16,33.3967,33.3967,33.3967,33.3967,32.9986,420,0.0000,1.0000
2017-08-15,33.4994,33.4994,33.4994,33.4994,33.1001,318,0.0000,1.0000
2017-08-14,33.4916,33.4916,33.4916,33.4916,33.0924,296,0.0000,1.0000
2017-08-11,33.3099,33.3100,32.7300,32.7300,32.3398,1752,0.0000,1.0000
2017-08-10,33.9700,33.9700,33.0000,33.0000,32.6066,896,0.0000,1.0000
2017-08-09,33.8700,34.0599,33.6920,33.8103,33.4073,1641,0.0000,1.0000
2017-08-08,34.1700,34.1700,34.1700,34.1700,33.7627,182,0.0000,1.0000
2017-08-07,34.1700,34.1700,34.1700,34.1700,33.7627,555,0.0000,1.0000
2017-08-04,34.6500,34.6500,33.6100,33.8900,33.4860,3666,0.0000,1.0000
2017-08-03,33.9531,33.9531,33.9531,33.9531,33.5484,213,0.0000,1.0000
2017-08-02,33.8100,33.8100,33.3882,33.3882,32.9902,1384,0.0000,1.0000
2017-08-01,34.0000,34.0999,33.7530,34.0999,33.6934,3779,0.0000,1.0000
2017-07-31,34.0200,34.0200,34.0200,34.0200,33.6145,174,0.0000,1.0000
2017-07-28,33.4399,33.7517,33.4399,33.5993,33.1988,877,0.0000,1.0000
2017-07-27,34.6600,34.6600,34.6600,34.6600,34.2468,421,0.0000,1.0000
2017-07-26,34.4000,34.4000,33.7800,33.8100,33.4070,837,0.0000,1.0000
2017-07-25,34.6300,34.6300,33.9300,34.1900,33.7824,4912,0.0000,1.0000
2017-07-24,33.7800,33.7800,33.7800,33.7800,33.3773,80,0.0000,1.0000
2017-07-21,34.0200,34.0200,33.7800,33.7800,33.3773,666,0.0000,1.0000
2017-07-20,34.1399,34.1399,34.1399,34.1399,33.7329,146,0.0000,1.0000
2017-07-19,33.9978,33.9978,33.9978,33.9978,33.5925,146,0.0000,1.0000
2017-07-18,33.2300,33.6000,33.2300,33.6000,33.1995,604,0.0000,1.0000
2017-07-17,33.6600,33.7271,33.6600,33.7271,33.3250,508,0.0000,1.0000
2017-07-14,33.5600,33.6700,33.3800,33.6200,33.2192,22476,0.0000,1.0000
2017-07-13,33.2600,33.3200,33.2600,33.3200,32.9228,11047,0.0000,1.0000
2017-07-12,33.0310,33.0310,33.0310,33.0310,32.6372,17,0.0000,1.0000
2017-07-11,33.1899,33.1899,33.0310,33.0310,32.6372,586,0.0000,1.0000
2017-07-10,33.1800,33.1800,33.1800,33.1800,32.7845,105,0.0000,1.0000
2017-07-07,33.1800,33.1800,33.1800,33.1800,32.7845,4,0.0000,1.0000
2017-07-06,33.1800,33.1800,33.1800,33.1800,32.7845,3,0.0000,1.0000
2017-07-05,33.1800,33.1800,33.1800,33.1800,32.7845,263,0.0000,1.0000
2017-07-03,33.2600,33.2600,33.2600,33.2600,32.8635,223,0.0000,1.0000
2017-06-30,33.2619,33.2619,33.2619,33.2619,32.8654,330,0.0068,1.0000
2017-06-29,33.7900,33.7900,33.7900,33.7900,33.3804,4,0.0000,1.0000
2017-06-28,33.0500,33.7900,33.0500,33.7900,33.3804,1911,0.0000,1.0000
2017-06-27,33.1101,33.1101,33.1101,33.1101,32.7088,68,0.0000,1.0000
2017-06-26,33.1101,33.1101,33.1101,33.1101,32.7088,325,0.0000,1.0000
2017-06-23,33.3190,33.3190,33.3190,33.3190,32.9151,161,0.0000,1.0000
2017-06-22,33.1700,33.1700,33.1100,33.1300,32.7284,430,0.0000,1.0000
2017-06-21,33.0497,33.0497,33.0497,33.0497,32.6491,139,0.0000,1.0000
2017-06-20,33.0497,33.0497,33.0497,33.0497,32.6491,115,0.0000,1.0000
2017-06-19,33.1600,33.1600,33.1312,33.1312,32.7296,589,0.0000,1.0000
2017-06-16,32.9500,32.9500,32.9500,32.9500,32.5506,501,0.0000,1.0000
2017-06-15,32.9057,32.9057,32.9057,32.9057,32.5068,204,0.0000,1.0000
2017-06-14,33.2300,33.2300,33.2300,33.2300,32.8272,30,0.0000,1.0000
2017-06-13,33.5800,33.5800,33.1315,33.2300,32.8272,2809,0.0000,1.0000
2017-06-12,33.5100,33.5100,33.5100,33.5100,33.1038,929,0.0000,1.0000
2017-06-09,33.9000,33.9000,33.2000,33.4400,33.0347,3002,0.0000,1.0000
2017-06-08,33.3299,33.3888,33.3299,33.3888,32.9841,600,0.0000,1.0000
2017-06-07,33.3200,33.3200,33.3200,33.3200,32.9161,30,0.0000,1.0000
2017-06-06,33.2500,33.3400,33.0600,33.3200,32.9161,5055,0.0000,1.0000
2017-06-05,33.4400,33.4400,33.1800,33.1900,32.7877,828,0.0000,1.0000
2017-06-02,32.8450,32.8450,32.8450,32.8450,32.4469,20,0.0000,1.0000
2017-06-01,32.8450,32.8450,32.8450,32.8450,32.4469,809,0.0000,1.0000
2017-05-31,32.5179,32.5179,32.5179,32.5179,32.1237,1,0.0000,1.0000
2017-05-30,32.5179,32.5179,32.5179,32.5179,32.1237,601,0.0000,1.0000
2017-05-26,32.4500,32.4500,32.4500,32.4500,32.0567,123,0.0000,1.0000
2017-05-25,32.5060,32.5060,32.5060,32.5060,32.1120,202,0.0000,1.0000
2017-05-24,32.5000,32.5400,32.5000,32.5400,32.1456,4096,0.0000,1.0000
2017-05-23,32.3500,32.6900,32.3500,32.6800,32.2839,931,0.0000,1.0000
2017-05-22,32.4335,32.4335,32.4335,32.4335,32.0404,267,0.0000,1.0000
2017-05-19,32.5000,32.8000,32.3200,32.3200,31.9282,800,0.0000,1.0000
2017-05-18,32.6400,32.6400,32.6400,32.6400,32.2444,112,0.0000,1.0000
2017-05-17,32.2249,32.2249,32.2249,32.2249,31.8343,206,0.0000,1.0000
2017-05-16,32.7688,32.9400,32.4900,32.7700,32.3728,1764,0.0000,1.0000
2017-05-15,32.7400,32.7500,32.7400,32.7500,32.3530,1369,0.0000,1.0000
2017-05-12,32.4700,32.4700,32.4200,32.4200,32.0270,918,0.0000,1.0000
2017-05-11,32.2611,32.6300,32.2611,32.6300,32.2345,513,0.0000,1.0000
2017-05-10,32.4200,32.8500,32.4200,32.6050,32.2098,2572,0.0000,1.0000
2017-05-09,32.1502,32.1896,32.0808,32.0808,31.6919,1556,0.0000,1.0000
2017-05-08,32.0000,32.3400,32.0000,32.2400,31.8492,2757,0.0000,1.0000
2017-05-05,32.1800,32.2300,32.0550,32.2300,31.8393,1806,0.0000,1.0000
2017-05-04,31.8896,31.8896,31.8896,31.8896,31.5030,32,0.0000,1.0000
2017-05-03,31.9400,32.0080,31.8896,31.8896,31.5030,1078,0.0000,1.0000
2017-05-02,32.2820,32.2820,32.2500,32.2500,31.8591,272,0.0000,1.0000
2017-05-01,32.1500,32.3200,32.1500,32.2600,31.8690,1967,0.0000,1.0000
2017-04-28,31.9700,31.9700,31.9700,31.9700,31.5825,223,0.0000,1.0000
2017-04-27,31.9979,31.9979,31.9979,31.9979,31.6100,147,0.0000,1.0000
2017-04-26,32.1799,32.1799,31.9979,31.9979,31.6100,426,0.0000,1.0000
2017-04-25,32.2400,32.2500,32.0807,32.2500,31.8591,2029,0.0000,1.0000
2017-04-24,31.7600,31.7600,31.7600,31.7600,31.3750,136,0.0000,1.0000
2017-04-21,31.5500,31.5500,31.5500,31.5500,31.1676,77,0.0000,1.0000
2017-04-20,31.3500,31.5500,31.3200,31.5500,31.1676,956,0.0000,1.0000
2017-04-19,31.1600,31.1900,31.1600,31.1900,30.8119,837,0.0000,1.0000
2017-04-18,30.7099,30.7099,30.6475,30.6475,30.2760,499,0.0000,1.0000
2017-04-17,30.6200,30.6200,30.6200,30.6200,30.2488,173,0.0000,1.0000
2017-04-13,30.7500,30.7500,30.7500,30.7500,30.3773,75,0.0000,1.0000
2017-04-12,30.7500,30.7500,30.7500,30.7500,30.3773,386,0.0000,1.0000
2017-04-11,30.9844,30.9844,30.9844,30.9844,30.6088,4,0.0000,1.0000
2017-04-10,30.9844,30.9844,30.9844,30.9844,30.6088,101,0.0000,1.0000
2017-04-07,30.8041,30.8041,30.6906,30.6906,30.3186,360,0.0000,1.0000
2017-04-06,30.5900,30.6600,30.5900,30.6094,30.2384,1815,0.0000,1.0000
2017-04-05,31.0100,31.0100,30.5100,30.5100,30.1402,931,0.0000,1.0000
2017-04-04,30.6700,30.6700,30.6475,30.6475,30.2760,396,0.0000,1.0000
2017-04-03,31.2750,31.2750,30.8400,30.8400,30.4662,392,0.0000,1.0000
2017-03-31,31.2500,31.2500,31.2000,31.2400,30.8613,1253,0.0268,1.0000
2017-03-30,31.0420,31.1300,31.0420,31.1300,30.7263,1967,0.0000,1.0000
2017-03-29,30.8090,30.9300,30.8090,30.9300,30.5289,460,0.0000,1.0000
2017-03-28,30.6500,30.7550,30.6500,30.7550,30.3562,435,0.0000,1.0000
2017-03-27,30.4487,30.4487,30.4487,30.4487,30.0539,111,0.0000,1.0000
2017-03-24,30.4487,30.4487,30.4487,30.4487,30.0539,164,0.0000,1.0000
2017-03-23,30.4700,30.4720,30.4487,30.4487,30.0539,882,0.0000,1.0000
2017-03-22,30.4600,30.4600,30.1600,30.3400,29.9466,1877,0.0000,1.0000
2017-03-21,30.7820,30.8180,30.3900,30.4620,30.0670,1591,0.0000,1.0000
2017-03-20,31.2900,31.2900,30.9376,31.0000,30.5980,2075,0.0000,1.0000
2017-03-17,30.9501,31.0850,30.9501,31.0850,30.6819,1029,0.0000,1.0000
2017-03-16,31.0475,31.0475,31.0475,31.0475,30.6449,4,0.0000,1.0000
2017-03-15,30.9700,31.0900,30.7600,31.0475,30.6449,1107,0.0000,1.0000
2017-03-14,30.5900,30.5940,30.5900,30.5940,30.1973,821,0.0000,1.0000
2017-03-13,30.8399,30.8399,30.8300,30.8300,30.4302,757,0.0000,1.0000
2017-03-10,30.7800,30.7800,30.7799,30.7799,30.3808,569,0.0000,1.0000
2017-03-09,30.7636,30.7636,30.5800,30.5800,30.1835,1075,0.0000,1.0000
2017-03-08,30.7600,30.7600,30.7600,30.7600,30.3611,670,0.0000,1.0000
2017-03-07,30.9300,30.9300,30.8085,30.8085,30.4090,1329,0.0000,1.0000
2017-03-06,31.2300,31.2300,30.9226,30.9226,30.5216,912,0.0000,1.0000
2017-03-03,31.4100,31.4100,31.0450,31.2200,30.8152,5686,0.0000,1.0000
2017-03-02,31.2396,31.2396,31.2396,31.2396,30.8345,352,0.0000,1.0000
2017-03-01,31.2300,31.3426,31.1950,31.3426,30.9362,922,0.0000,1.0000
2017-02-28,31.0300,31.0425,31.0200,31.0425,30.6400,1274,0.0000,1.0000
2017-02-27,31.0450,31.0450,31.0450,31.0450,30.6424,104,0.0000,1.0000
2017-02-24,31.0450,31.0450,31.0450,31.0450,30.6424,1100,0.0000,1.0000
2017-02-23,31.1289,31.1400,31.1276,31.1276,30.7240,1284,0.0000,1.0000
2017-02-22,31.2499,31.2499,31.1367,31.1367,30.7330,1537,0.0000,1.0000
2017-02-21,31.2718,31.3100,31.2718,31.2900,30.8843,1390,0.0000,1.0000
2017-02-17,31.0352,31.0352,31.0352,31.0352,30.6328,24,0.0000,1.0000
2017-02-16,31.1980,31.1980,30.9400,31.0352,30.6328,963,0.0000,1.0000
2017-02-15,30.9500,31.2600,30.9500,31.2600,30.8547,246,0.0000,1.0000
2017-02-14,30.9700,30.9700,30.9700,30.9700,30.5684,67,0.0000,1.0000
2017-02-13,30.9899,30.9899,30.9250,30.9700,30.5684,1932,0.0000,1.0000
2017-02-10,31.1800,31.1800,30.8100,30.9200,30.5191,1461,0.0000,1.0000
2017-02-09,30.4900,30.4900,30.4900,30.4900,30.0946,11,0.0000,1.0000
2017-02-08,30.4900,30.4900,30.4900,30.4900,30.0946,229,0.0000,1.0000
2017-02-07,30.4646,30.4646,30.3500,30.3600,29.9663,1448,0.0000,1.0000
2017-02-06,30.6200,30.6200,30.4683,30.4700,30.0749,5186,0.0000,1.0000
2017-02-03,30.5100,30.6200,30.5100,30.6200,30.2230,1735,0.0000,1.0000
2017-02-02,30.4307,30.4307,30.2604,30.2604,29.8680,1028,0.0000,1.0000
2017-02-01,30.5604,30.5604,30.3867,30.3867,29.9927,319,0.0000,1.0000
2017-01-31,30.4500,30.5488,30.4500,30.5377,30.1417,1989,0.0000,1.0000
2017-01-30,30.3185,30.5100,30.2300,30.5000,30.1045,2666,0.0000,1.0000
2017-01-27,30.7800,30.8600,30.7800,30.8304,30.4306,1212,0.0000,1.0000
2017-01-26,31.0100,31.0100,30.9250,30.9500,30.5487,4115,0.0000,1.0000
2017-01-25,31.1600,31.1600,31.1000,31.1000,30.6967,4888,0.0000,1.0000
2017-01-24,30.7950,30.8397,30.7950,30.8397,30.4398,605,0.0000,1.0000
2017-01-23,30.0001,30.4899,30.0001,30.4575,30.0626,1131,0.0000,1.0000
2017-01-20,30.6441,30.7320,30.5600,30.7320,30.3335,2759,0.0000,1.0000
2017-01-19,30.5000,30.5300,30.4000,30.4000,30.0058,1243,0.0000,1.0000
2017-01-18,30.8100,30.8100,30.5000,30.7200,30.3217,6047,0.0000,1.0000
2017-01-17,30.9600,30.9600,30.6100,30.6100,30.2131,705,0.0000,1.0000
2017-01-13,30.7300,31.0700,30.7300,31.0700,30.6671,698,0.0000,1.0000
2017-01-12,30.8400,30.8900,30.6900,30.7393,30.3407,3608,0.0000,1.0000
2017-01-11,30.8400,30.8400,30.8400,30.8400,30.4401,32,0.0000,1.0000
2017-01-10,30.8000,30.8400,30.7540,30.8400,30.4401,905,0.0000,1.0000
2017-01-09,31.0000,31.0000,30.7000,30.7000,30.3019,1062,0.0000,1.0000
2017-01-06,31.0100,31.0100,30.7700,30.7700,30.3710,3020,0.0000,1.0000
2017-01-05,31.2100,31.2100,30.7871,30.8600,30.4598,911,0.0000,1.0000
2017-01-04,30.8600,31.1100,30.8600,31.1100,30.7066,624,0.0000,1.0000
2017-01-03,30.6900,30.7500,30.4995,30.5300,30.1341,2667,0.0000,1.0000
2016-12-30,30.5600,30.5700,30.5100,30.5100,30.1144,465,0.0000,1.0000
2016-12-29,30.6860,30.6860,30.6860,30.6860,30.2881,432,0.0000,1.0000
2016-12-28,30.6000,30.6000,30.5190,30.5190,30.1233,409,0.0000,1.0000
2016-12-27,30.6180,30.6180,30.6180,30.6180,30.2210,32,0.0000,1.0000
2016-12-23,30.7900,30.7900,30.6180,30.6180,30.2210,510,0.1387,1.0000
2016-12-22,30.7500,30.7500,30.5000,30.7290,30.1938,663,0.0000,1.0000
2016-12-21,31.0400,31.0400,30.9764,30.9764,30.4369,1243,0.0000,1.0000
2016-12-20,31.0399,31.0590,31.0300,31.0300,30.4895,1410,0.0000,1.0000
2016-12-19,31.1620,31.3400,31.1620,31.3400,30.7941,1000,0.0000,1.0000
2016-12-16,31.5000,31.5000,30.8000,30.8000,30.2635,2925,0.0000,1.0000
2016-12-15,31.4400,31.4400,30.8500,30.8500,30.3127,636,0.0000,1.0000
2016-12-14,31.0000,31.0000,30.7200,30.8000,30.2635,1326,0.0000,1.0000
2016-12-13,31.6200,31.6200,30.8938,30.9600,30.4207,6032,0.0000,1.0000
2016-12-12,31.1100,31.1100,30.9000,30.9000,30.3618,244,0.0000,1.0000
2016-12-09,31.8500,31.8500,31.1400,31.1400,30.5976,1014,0.0000,1.0000
2016-12-08,31.4000,31.4000,30.9100,31.1900,30.6467,3699,0.0000,1.0000
2016-12-07,30.8125,30.9200,30.7700,30.8891,30.3511,11070,0.0000,1.0000
2016-12-06,30.2500,30.2500,30.2500,30.2500,29.7231,118,0.0000,1.0000
2016-12-05,30.0800,30.1500,30.0700,30.1500,29.6249,1359,0.0000,1.0000
2016-12-02,29.7899,29.7899,29.7899,29.7899,29.2710,300,0.0000,1.0000
2016-12-01,30.2900,30.2900,30.0000,30.0000,29.4775,4605,0.0000,1.0000
2016-11-30,30.0800,30.0800,30.0100,30.0100,29.4873,19356,0.0000,1.0000
2016-11-29,30.6100,30.6100,30.2676,30.2900,29.7624,2005,0.0000,1.0000
2016-11-28,30.3465,30.3465,30.2177,30.2177,29.6914,1958,0.0000,1.0000
2016-11-25,30.3297,30.3297,30.3297,30.3297,29.8014,0,0.0000,1.0000
2016-11-23,30.3297,30.3297,30.3297,30.3297,29.8014,250,0.0000,1.0000
2016-11-22,30.0499,30.0900,29.8841,30.0900,29.5659,1387,0.0000,1.0000
2016-11-21,29.9700,29.9700,29.9299,29.9300,29.4087,858,0.0000,1.0000
2016-11-18,29.6900,29.7500,29.6100,29.7500,29.2318,2424,0.0000,1.0000
2016-11-17,29.7400,29.7400,29.6660,29.6798,29.1628,3143,0.0000,1.0000
2016-11-16,29.5400,29.5600,29.4910,29.5500,29.0353,7528,0.0000,1.0000
2016-11-15,29.4907,29.4907,29.4907,29.4907,28.9770,42,0.0000,1.0000
2016-11-14,29.6200,29.6700,29.4556,29.4907,28.9770,4575,0.0000,1.0000
2016-11-11,28.8132,29.1600,28.8132,29.1164,28.6093,875,0.0000,1.0000
2016-11-10,28.7910,28.8490,28.7690,28.8490,28.3465,892,0.0000,1.0000
2016-11-09,28.4599,28.4600,28.4595,28.4595,27.9638,498,0.0000,1.0000
2016-11-08,27.7200,27.7358,27.7200,27.7358,27.2527,650,0.0000,1.0000
2016-11-07,27.7340,27.7340,27.7340,27.7340,27.2509,294,0.0000,1.0000
2016-11-04,26.9160,27.4656,26.9160,27.2300,26.7557,3999,0.0000,1.0000
2016-11-03,27.3799,27.3799,27.3799,27.3799,26.9030,226,0.0000,1.0000
2016-11-02,28.0000,28.0000,28.0000,28.0000,27.5123,35,0.0000,1.0000
2016-11-01,28.0499,28.0500,28.0000,28.0000,27.5123,713,0.0000,1.0000
2016-10-31,28.0800,28.1420,28.0800,28.1420,27.6518,1100,0.0000,1.0000
2016-10-28,28.0880,28.1500,28.0819,28.0819,27.5928,1393,0.0000,1.0000
2016-10-27,28.3000,28.3000,28.1110,28.1700,27.6793,815,0.0000,1.0000
2016-10-26,28.8500,28.8500,28.4400,28.4400,27.9446,2255,0.0000,1.0000
2016-10-25,28.6500,28.6930,28.6500,28.6900,28.1903,595,0.0000,1.0000
2016-10-24,28.7490,28.7490,28.7490,28.7490,28.2483,36,0.0000,1.0000
2016-10-21,29.0200,29.0200,28.7490,28.7490,28.2483,725,0.0000,1.0000
2016-10-20,28.9200,28.9200,28.9200,28.9200,28.4163,165,0.0000,1.0000
2016-10-19,29.0709,29.0816,29.0709,29.0816,28.5751,549,0.0000,1.0000
2016-10-18,28.9520,29.0210,28.9520,29.0210,28.5155,774,0.0000,1.0000
2016-10-17,28.8986,28.8986,28.8986,28.8986,28.3952,103,0.0000,1.0000
2016-10-14,28.9866,28.9866,28.9866,28.9866,28.4817,49,0.0000,1.0000
2016-10-13,28.9866,28.9866,28.9866,28.9866,28.4817,229,0.0000,1.0000
2016-10-12,29.1120,29.1120,29.1120,29.1120,28.6049,334,0.0000,1.0000
2016-10-11,29.4000,29.4000,28.9980,28.9980,28.4929,3032,0.0000,1.0000
2016-10-10,29.8000,29.8000,29.8000,29.8000,29.2809,315,0.0000,1.0000
2016-10-07,29.8100,29.8100,29.8100,29.8100,29.2908,1021,0.0000,1.0000
2016-10-06,29.3700,29.5400,29.3700,29.5100,28.9960,1029,0.0000,1.0000
2016-10-05,29.8500,29.9899,29.5327,29.5400,29.0255,3197,0.0000,1.0000
2016-10-04,29.6200,29.6200,29.4890,29.4900,28.9763,1138,0.0000,1.0000
2016-10-03,29.6200,29.6200,29.4605,29.5600,29.0451,4784,0.0000,1.0000
2016-09-30,29.5800,29.7020,29.5470,29.6211,29.1052,1367,0.0000,1.0000
2016-09-29,29.5800,29.5800,29.5800,29.5800,29.0648,10,0.0000,1.0000
2016-09-28,29.7700,29.7700,29.4380,29.5800,29.0648,1284,0.0000,1.0000
2016-09-27,29.5500,29.5500,29.5070,29.5500,29.0353,1540,0.0000,1.0000
2016-09-26,29.7700,29.7700,29.4900,29.4900,28.9763,316,0.0000,1.0000
2016-09-23,29.9475,29.9475,29.8300,29.8300,29.3104,1055,0.0000,1.0000
2016-09-22,29.7700,29.9300,29.7700,29.9300,29.4087,389,0.0000,1.0000
2016-09-21,29.4800,29.5090,29.1600,29.4850,28.9714,2957,0.0000,1.0000
2016-09-20,29.2500,29.2500,29.2150,29.2150,28.7061,1088,0.0000,1.0000
2016-09-19,29.3500,29.3500,29.2220,29.2220,28.7130,1094,0.0000,1.0000
2016-09-16,28.9200,29.2000,28.9200,29.1999,28.6913,2777,0.0000,1.0000
2016-09-15,29.3100,29.3100,29.3100,29.3100,28.7995,922,0.0000,1.0000
2016-09-14,28.9440,29.0100,28.9440,28.9999,28.4948,1870,0.0000,1.0000
2016-09-13,28.8770,28.9000,28.8770,28.9000,28.3966,373,0.0000,1.0000
2016-09-12,28.8700,29.2659,28.8700,29.2659,28.7561,655,0.0000,1.0000
2016-09-09,29.3600,29.3600,29.2800,29.2800,28.7700,467,0.0000,1.0000
2016-09-08,29.7700,29.7700,29.7400,29.7400,29.2220,709,0.0000,1.0000
2016-09-07,29.7500,29.8500,29.7000,29.8499,29.3300,2182,0.0000,1.0000
2016-09-06,29.6790,29.6800,29.6240,29.6240,29.1080,421,0.0000,1.0000
2016-09-02,29.8100,29.8100,29.5929,29.7200,29.2023,2219,0.0000,1.0000
2016-09-01,29.2840,29.2840,29.2840,29.2840,28.7739,122,0.0000,1.0000
2016-08-31,29.2971,29.2971,29.2840,29.2840,28.7739,388,0.0000,1.0000
2016-08-30,29.5670,29.5670,29.4247,29.5141,29.0000,1158,0.0000,1.0000
2016-08-29,29.5431,29.5530,29.5350,29.5350,29.0206,500,0.0000,1.0000
2016-08-26,29.3900,29.3900,29.3900,29.3900,28.8781,0,0.0000,1.0000
2016-08-25,29.5200,29.5200,29.3900,29.3900,28.8781,1577,0.0000,1.0000
2016-08-24,29.7200,29.7200,29.5350,29.5399,29.0254,2724,0.0000,1.0000
2016-08-23,29.3200,29.3200,29.3200,29.3200,28.8093,20,0.0000,1.0000
2016-08-22,29.3200,29.3200,29.3200,29.3200,28.8093,209,0.0000,1.0000
2016-08-19,29.3200,29.3300,29.3200,29.3300,28.8191,390,0.0000,1.0000
2016-08-18,29.2100,29.3200,29.2100,29.2900,28.7798,2271,0.0000,1.0000
2016-08-17,29.1500,29.1500,29.1500,29.1500,28.6423,922,0.0000,1.0000
2016-08-16,29.2940,29.3800,29.2940,29.3800,28.8683,964,0.0000,1.0000
2016-08-15,29.2700,29.2700,29.2700,29.2700,28.7602,34,0.0000,1.0000
2016-08-12,29.3900,29.3900,29.2700,29.2700,28.7602,755,0.0000,1.0000
2016-08-11,29.4090,29.4090,29.3899,29.3899,28.8780,14746,0.0000,1.0000
2016-08-10,29.3999,29.3999,29.2799,29.2799,28.7699,940,0.0000,1.0000
2016-08-09,29.3860,29.3860,29.3860,29.3860,28.8742,468,0.0000,1.0000
2016-08-08,29.3275,29.3275,29.3275,29.3275,28.8167,220,0.0000,1.0000
2016-08-05,29.2800,29.3700,29.2800,29.3700,28.8584,2081,0.0000,1.0000
2016-08-04,29.0500,29.0500,29.0100,29.0100,28.5047,835,0.0000,1.0000
2016-08-03,28.5720,28.5720,28.5720,28.5720,28.0743,152,0.0000,1.0000
2016-08-02,29.2800,29.2800,28.8500,28.8500,28.3475,1063,0.0000,1.0000
2016-08-01,29.1400,29.2600,29.1400,29.2600,28.7504,2318,0.0000,1.0000
2016-07-29,29.0499,29.0499,28.9750,29.0300,28.5244,484,0.0000,1.0000
2016-07-28,29.0400,29.0400,29.0400,29.0400,28.5342,768,0.0000,1.0000
2016-07-27,28.8240,28.9600,28.8240,28.9599,28.4555,2003,0.0000,1.0000
2016-07-26,28.9800,28.9900,28.8200,28.8243,28.3222,2674,0.0000,1.0000
2016-07-25,28.9300,28.9300,28.9300,28.9300,28.4261,138,0.0000,1.0000
2016-07-22,28.9299,28.9300,28.9299,28.9300,28.4261,334,0.0000,1.0000
2016-07-21,28.9600,28.9700,28.6900,28.7200,28.2198,1431,0.0000,1.0000
2016-07-20,28.6000,28.6000,28.6000,28.6000,28.1018,571,0.0000,1.0000
2016-07-19,29.0900,29.0900,28.4800,28.4800,27.9839,1609,0.0000,1.0000
2016-07-18,28.8100,28.9100,28.8100,28.9100,28.4064,716,0.0000,1.0000
2016-07-15,28.8999,28.8999,28.6914,28.6914,28.1917,1821,0.0000,1.0000
2016-07-14,28.7500,28.7500,28.7500,28.7500,28.2492,525,0.0000,1.0000
2016-07-13,28.7959,28.7959,28.6001,28.6001,28.1019,820,0.0000,1.0000
2016-07-12,28.8166,28.8166,28.8166,28.8166,28.3147,254,0.0000,1.0000
2016-07-11,27.5700,27.5700,27.5700,27.5700,27.0898,54,0.0000,1.0000
2016-07-08,27.5700,27.5700,27.5700,27.5700,27.0898,90,0.0000,1.0000
2016-07-07,27.5700,27.5700,27.5700,27.5700,27.0898,0,0.0000,1.0000
2016-07-06,27.3800,27.5700,27.3800,27.5700,27.0898,457,0.0000,1.0000
2016-07-05,27.3945,27.3945,27.3945,27.3945,26.9173,133,0.0000,1.0000
2016-07-01,27.7600,27.8300,27.5580,27.6489,27.1673,3699,0.0000,1.0000
2016-06-30,27.5000,27.5000,27.5000,27.5000,27.0210,238,0.0152,1.0000
2016-06-29,28.2900,28.2900,26.9500,26.9500,26.4659,834,0.0000,1.0000
2016-06-28,26.5399,26.6400,26.4300,26.6400,26.1615,1112,0.0000,1.0000
2016-06-27,26.0880,26.1799,26.0600,26.0600,25.5919,611,0.0000,1.0000
2016-06-24,27.3200,27.3200,27.0415,27.0800,26.5936,2673,0.0000,1.0000
2016-06-23,27.9600,27.9600,27.9600,27.9600,27.4578,283,0.0000,1.0000
2016-06-22,27.6699,27.6699,27.6699,27.6699,27.1729,36,0.0000,1.0000
2016-06-21,27.5499,27.6700,27.4594,27.6699,27.1729,3996,0.0000,1.0000
2016-06-20,27.9399,28.0000,27.9310,27.9310,27.4293,1241,0.0000,1.0000
2016-06-17,27.4600,27.4600,27.3425,27.3425,26.8514,898,0.0000,1.0000
2016-06-16,27.3300,27.3300,27.3300,27.3300,26.8391,1047,0.0000,1.0000
2016-06-15,27.7500,27.7500,27.5835,27.6625,27.1656,3400,0.0000,1.0000
2016-06-14,27.3700,27.4900,27.3500,27.4900,26.9962,1251,0.0000,1.0000
2016-06-13,28.2100,28.2100,28.2100,28.2100,27.7033,0,0.0000,1.0000
2016-06-10,28.2100,28.2100,28.2100,28.2100,27.7033,126,0.0000,1.0000
2016-06-09,28.3500,28.3500,28.1160,28.2100,27.7033,4553,0.0000,1.0000
2016-06-08,28.2900,28.5000,28.2520,28.3775,27.8678,2841,0.0000,1.0000
2016-06-07,28.0250,28.0250,28.0250,28.0250,27.5216,0,0.0000,1.0000
2016-06-06,28.0500,28.0500,28.0130,28.0250,27.5216,1097,0.0000,1.0000
2016-06-03,27.7500,27.7500,27.7500,27.7500,27.2516,500,0.0000,1.0000
2016-06-02,27.6700,27.8200,27.6358,27.8000,27.3007,4654,0.0000,1.0000
2016-06-01,27.3400,27.3400,27.3400,27.3400,26.8489,75,0.0000,1.0000
2016-05-31,27.2499,27.3400,27.2499,27.3400,26.8489,1249,0.0000,1.0000
2016-05-27,26.9390,26.9390,26.9390,26.9390,26.4551,111,0.0000,1.0000
2016-05-26,26.9300,27.0200,26.8950,26.9390,26.4551,5290,0.0000,1.0000
2016-05-25,27.0978,27.0978,27.0978,27.0978,26.6111,370,0.0000,1.0000
2016-05-24,26.8500,26.8500,26.7500,26.8499,26.3676,656,0.0000,1.0000
2016-05-23,26.2500,26.2700,26.2199,26.2199,25.7489,3530,0.0000,1.0000
2016-05-20,25.6299,25.6299,25.6299,25.6299,25.1695,183,0.0000,1.0000
2016-05-19,25.6800,25.6800,25.6299,25.6299,25.1695,596,0.0000,1.0000
2016-05-18,26.0100,26.0100,25.8499,25.8700,25.4053,1154,0.0000,1.0000
2016-05-17,25.9622,26.0200,25.9622,26.0199,25.5525,458,0.0000,1.0000
2016-05-16,26.0590,26.0590,26.0590,26.0590,25.5909,313,0.0000,1.0000
2016-05-13,25.9484,25.9900,25.9484,25.9899,25.5231,656,0.0000,1.0000
2016-05-12,26.6700,26.6700,25.8483,25.9081,25.4427,7816,0.0000,1.0000
2016-05-11,26.1800,26.1900,26.1600,26.1600,25.6901,4915,0.0000,1.0000
2016-05-10,26.3200,26.4000,26.3200,26.4000,25.9258,634,0.0000,1.0000
2016-05-09,26.2600,26.2600,26.2600,26.2600,25.7883,205,0.0000,1.0000
2016-05-06,26.0899,26.0899,25.9483,25.9700,25.5035,805,0.0000,1.0000
2016-05-05,25.9099,25.9106,25.8801,25.8801,25.4152,1338,0.0000,1.0000
2016-05-04,26.2500,26.3036,26.0600,26.0600,25.5919,3828,0.0000,1.0000
2016-05-03,26.6300,26.6300,26.3599,26.3901,25.9161,956,0.0000,1.0000
2016-05-02,26.5800,26.7030,26.5800,26.7030,26.2234,543,0.0000,1.0000
2016-04-29,26.8000,26.8000,26.5000,26.5830,26.1055,2801,0.0000,1.0000
2016-04-28,27.3900,27.3900,27.1000,27.1000,26.6132,1739,0.0000,1.0000
2016-04-27,27.2000,27.3200,27.1700,27.3200,26.8293,4181,0.0000,1.0000
2016-04-26,27.1300,27.2100,27.0090,27.1900,26.7016,5757,0.0000,1.0000
2016-04-25,26.9960,26.9960,26.9910,26.9910,26.5062,488,0.0000,1.0000
2016-04-22,27.1658,27.2400,27.0000,27.1830,26.6947,1557,0.0000,1.0000
2016-04-21,27.0100,27.0100,26.9100,26.9420,26.4581,1875,0.0000,1.0000
2016-04-20,27.0499,27.0660,26.9400,27.0660,26.5798,925,0.0000,1.0000
2016-04-19,26.9360,26.9360,26.9360,26.9360,26.4522,153,0.0000,1.0000
2016-04-18,26.9000,26.9360,26.9000,26.9360,26.4522,489,0.0000,1.0000
2016-04-15,26.6885,26.6885,26.6885,26.6885,26.2091,264,0.0000,1.0000
2016-04-14,26.8405,26.8405,26.8405,26.8405,26.3584,393,0.0000,1.0000
2016-04-13,26.3900,26.8520,26.3900,26.8520,26.3697,1500,0.0000,1.0000
2016-04-12,26.0599,26.1399,26.0599,26.1399,25.6704,1692,0.0000,1.0000
2016-04-11,26.0300,26.0300,26.0300,26.0300,25.5624,442,0.0000,1.0000
2016-04-08,26.4600,26.4600,26.3100,26.3100,25.8374,553,0.0000,1.0000
2016-04-07,26.1278,26.1662,26.1278,26.1662,25.6962,202,0.0000,1.0000
2016-04-06,26.3799,26.3799,26.3799,26.3799,25.9061,500,0.0000,1.0000
2016-04-05,26.4100,26.4100,26.4100,26.4100,25.9356,1,0.0000,1.0000
2016-04-04,26.4100,26.4100,26.4100,26.4100,25.9356,50,0.0000,1.0000
2016-04-01,26.3600,26.4100,26.3600,26.4100,25.9356,1250,0.0000,1.0000
2016-03-31,26.5099,26.5100,26.4929,26.5000,26.0240,827,0.0062,1.0000
2016-03-30,26.3300,26.3300,26.3300,26.3300,25.8510,38,0.0000,1.0000
2016-03-29,26.0199,26.3300,26.0199,26.3300,25.8510,353,0.0000,1.0000
2016-03-28,25.5600,25.5600,25.5600,25.5600,25.0950,180,0.0000,1.0000
2016-03-24,25.4299,25.4299,25.4060,25.4060,24.9438,592,0.0000,1.0000
2016-03-23,25.7800,25.7800,25.7800,25.7800,25.3110,215,0.0000,1.0000
2016-03-22,26.1500,26.2200,26.1201,26.1201,25.6449,2129,0.0000,1.0000
2016-03-21,26.1500,26.2102,26.1500,26.2000,25.7234,2072,0.0000,1.0000
2016-03-18,26.1499,26.1900,26.1300,26.1900,25.7136,4395,0.0000,1.0000
2016-03-17,25.5299,25.5299,25.5299,25.5299,25.0655,100,0.0000,1.0000
2016-03-16,25.8000,25.8000,25.8000,25.8000,25.3307,0,0.0000,1.0000
2016-03-15,25.8000,25.8000,25.8000,25.8000,25.3307,2053,0.0000,1.0000
2016-03-14,26.0200,26.0230,26.0099,26.0230,25.5496,500,0.0000,1.0000
2016-03-11,25.8000,26.0400,25.7999,26.0400,25.5663,1188,0.0000,1.0000
2016-03-10,25.5000,25.5000,25.5000,25.5000,25.0361,702,0.0000,1.0000
2016-03-09,25.7380,25.8000,25.6900,25.8000,25.3307,5437,0.0000,1.0000
2016-03-08,26.3600,26.3600,25.7500,25.7500,25.2816,4354,0.0000,1.0000
2016-03-07,26.2200,26.2200,26.2200,26.2200,25.7430,283,0.0000,1.0000
2016-03-04,26.2900,26.2900,26.1900,26.2000,25.7234,7188,0.0000,1.0000
2016-03-03,25.9799,26.0900,25.8900,26.0900,25.6154,5535,0.0000,1.0000
2016-03-02,25.6500,25.7241,25.6500,25.7241,25.2561,600,0.0000,1.0000
2016-03-01,25.4200,25.6200,25.4200,25.6155,25.1495,505,0.0000,1.0000
2016-02-29,25.5389,25.6000,25.3500,25.3500,24.8889,2483,0.0000,1.0000
2016-02-26,26.6300,26.6300,25.4172,25.4172,24.9548,3511,0.0000,1.0000
2016-02-25,25.4500,25.4500,25.0700,25.2400,24.7809,11671,0.0000,1.0000
